supplier,category,collection,code,item_name,page,product_confidence,product_review_notes,product_size_mm,product_size_inch,color_options,finish,price,currency,price_confidence,price_review_notes,price_size_mm,price_size_inch
Hettich,Hinges,Slide On 2333 Hinge – T42 for 14–25 mm thick doors; Opening angle 95°,9242867,Base 14.5 (Crank 0°) with Mounting Plate (D 1.5 mm),9,HIGH,HS Code: 83021090,,,,Standard,138.00,INR,HIGH,"Qty: 1, Unit: Pair, PU: 100",,
Hettich,Hinges,Slide On 2333 Hinge – T42 for 14–25 mm thick doors; Opening angle 95°,9242868,Base 5 (Crank 9.5°) with Mounting Plate (D 1.5 mm),9,HIGH,HS Code: 83021090,,,,Standard,146.00,INR,HIGH,"Qty: 1, Unit: Pair, PU: 100",,
Hettich,Hinges,Slide On 2333 Hinge – T42 for 14–25 mm thick doors; Opening angle 95°,9242869,Base -1.5 (Crank 16°) with Mounting Plate (D 1.5 mm),9,HIGH,HS Code: 83021090,,,,Standard,154.00,INR,HIGH,"Qty: 1, Unit: Pair, PU: 100",,
Hettich,Hinges,Accessories for Slide On Hinge,9042758,Dampener for Hinge Cup overlay doors,9,HIGH,HS Code: 83024200,,,,Standard,200.00,INR,HIGH,"Qty: 1, Unit: Pc, PU: 100",,
Hettich,Hinges,Intermat 9936 Hinge – TH42 for 14–32 mm thick doors; Opening angle 95°,9242874,Base 12.5 (Crank 0°) with Mounting Plate (D 0 mm),9,HIGH,HS Code: 83021090,,,,Standard,335.00,INR,HIGH,"Qty: 1, Unit: Pair, PU: 100",,
Hettich,Hinges,Intermat 9936 Hinge – TH42 for 14–32 mm thick doors; Opening angle 95°,9242876,Base 3 (Crank 9.5°) with Mounting Plate (D 0 mm),9,HIGH,HS Code: 83021090,,,,Standard,373.00,INR,HIGH,"Qty: 1, Unit: Pair, PU: 100",,
Hettich,Hinges,Intermat 9936 Hinge – TH42 for 14–32 mm thick doors; Opening angle 95°,9242877,Base -3.5 (Crank 16°) with Mounting Plate (D 0 mm),9,HIGH,HS Code: 83021090,,,,Standard,411.00,INR,HIGH,"Qty: 1, Unit: Pair, PU: 100",,
Hettich,Hinges,Intermat 9935 Hinge – TH22/L for 26–43 mm thick doors; Opening angle 95°,9242878,Base 18 (Crank -5°) with Mounting Plate (D 0 mm),9,HIGH,HS Code: 83021090,,,,Standard,1126.00,INR,HIGH,"Qty: 1, Unit: Pair, PU: 100",,
Hettich,Hinges,Intermat 9935 Hinge – TH22/L for 26–43 mm thick doors; Opening angle 95°,9242883,Base 8 (Crank 5°) with Mounting Plate (D 0 mm),9,HIGH,HS Code: 83021090,,,,Standard,1161.00,INR,HIGH,"Qty: 1, Unit: Pair, PU: 100",,
Hettich,Hinges,Intermat 9935 Hinge – TH22/L for 26–43 mm thick doors; Opening angle 95°,9242885,Base -3 (Crank 16°) with Mounting Plate (D 0 mm),9,HIGH,HS Code: 83021090,,,,Standard,1172.00,INR,HIGH,"Qty: 1, Unit: Pair, PU: 100",,
Hettich,Hinges,Intermat 9956 Hinge – TH42 16–24 mm thick doors; Opening angle 165°,9242890,Base 12.5 (Crank 0°) with Intermat Mounting plate,9,HIGH,HS Code: 83021090,,,,Standard,1068.00,INR,HIGH,"Qty: 1, Unit: Pair, PU: 50",,
Hettich,Hinges,Intermat 9930 Hinge – TH 52 16–21 mm thick doors; Opening angle 50/65°,9243042,Corner unit folding door with Intermat Mounting Plate (D 0 mm); cup in sensys design,9,HIGH,HS Code: 83021090,,,,Standard,966.00,INR,HIGH,"Qty: 1, Unit: Pair, PU: 100",,
Hettich,Hinges,Intermat 9930 Hinge – TH 52 16–21 mm thick doors; Opening angle 50/65°,9242888,Corner unit folding door with Intermat Mounting Plate (D 0 mm); cup in Intermat design,9,HIGH,HS Code: 83021090,,,,Standard,976.00,INR,HIGH,"Qty: 1, Unit: Pair, PU: 100",,
Hettich,Hinges,"Intermat 9936 Hinge W90 – TH42 14–28 mm thick doors; face angle 90°, Opening angle 95°",9242895,Blind corner (W 90°),9,HIGH,HS Code: 83021090,,,,Standard,952.00,INR,HIGH,"Qty: 1, Unit: Pair, PU: 100",,
Hettich,Hinges,Intermat 9936 Hinge TA22 19 mm Aluminium Profile doors; Opening angle 95°,9242896,Base 13.5 (Crank 0°) with Mounting Plate (D 0 mm),10,HIGH,HS Code: 83021090,,,,Standard,578.00,INR,HIGH,"Qty: 1, Unit: Pair, PU: 10",,
Hettich,Hinges,Accessories for Intermat Hinge,9302844,Intermat Cross Mounting Plate (System 9000) (D 0 mm),10,HIGH,HS Code: 83021000,,,,Standard,24.00,INR,HIGH,"Qty: 1, Unit: Pc, PU: 100",,
Hettich,Hinges,Accessories for Intermat Hinge,9214838,Sensys Cross Mounting Plate (System 8099) (D 0 mm),10,HIGH,HS Code: 83021090,,,,Standard,32.00,INR,HIGH,"Qty: 1, Unit: Pc, PU: 100",,
Hettich,Hinges,Push to Open (P2O) Opening System Screw on,9051925,P2O Universal Maxi (For intermat & slide on hinges),10,HIGH,HS Code: 39263000,,,,Standard,462.00,INR,HIGH,"Qty: 1, Unit: Set, PU: 25",,
Hettich,Hinges,Push to Open (P2O) Opening System Screw on,9375934,P2O Pin Strong for screwing on (For self closing hinges),10,HIGH,HS Code: 39269097,,,,Standard,632.00,INR,HIGH,"Qty: 1, Unit: Set, PU: 25",,
Hettich,Hinges,Slide On 3447i Hinge – TH52 for 14–25 mm thick doors; Opening angle 105° (Silent),9383405,Slide on Hinge (Silent) - 25 mm - 0 Crank with 4 Hole Mounting Plate,10,HIGH,HS Code: 83021090,,,,Standard,196.00,INR,HIGH,"Qty: 1, Unit: Pair, PU: 50",,
Hettich,Hinges,Slide On 3447i Hinge – TH52 for 14–25 mm thick doors; Opening angle 105° (Silent),9383406,Slide on Hinge (Silent) - 25 mm - 9.5 Crank with 4 Hole Mounting Plate,10,HIGH,HS Code: 83021090,,,,Standard,206.00,INR,HIGH,"Qty: 1, Unit: Pair, PU: 50",,
Hettich,Hinges,Slide On 3447i Hinge – TH52 for 14–25 mm thick doors; Opening angle 105° (Silent),9383407,Slide on Hinge (Silent) - 25 mm - 16 Crank with 4 Hole Mounting Plate,10,HIGH,HS Code: 83021090,,,,Standard,216.00,INR,HIGH,"Qty: 1, Unit: Pair, PU: 50",,
Hettich,Hinges,Onsys 4447i Clip On Hinge – TH52 for 14–25 mm thick doors; Opening angle 105°,9281432,Onsys Hinge - 25 mm - 0 Crank with mounting plate and cover caps,10,HIGH,HS Code: 83021090,,,,Standard,384.00,INR,HIGH,"Qty: 1, Unit: Pair, PU: 50",,
Hettich,Hinges,Onsys 4447i Clip On Hinge – TH52 for 14–25 mm thick doors; Opening angle 105°,9281434,Onsys Hinge - 25 mm - 9.5 Crank with mounting plate and cover caps,10,HIGH,HS Code: 83021090,,,,Standard,422.00,INR,HIGH,"Qty: 1, Unit: Pair, PU: 50",,
Hettich,Hinges,Onsys 4447i Clip On Hinge – TH52 for 14–25 mm thick doors; Opening angle 105°,9281436,Onsys Hinge - 25 mm - 16 Crank with mounting plate and cover caps,10,HIGH,HS Code: 83021090,,,,Standard,460.00,INR,HIGH,"Qty: 1, Unit: Pair, PU: 50",,
Hettich,Hinges,Onsys 4447 Clip On Hinge – TH52 for 14–25 mm thick doors; Opening angle 105° (Non Silent),9297208,Onsys Hinge - 25 mm - 0 Crank with mounting plate and cover caps,10,HIGH,HS Code: 83021090,,,,Standard,296.00,INR,HIGH,"Qty: 1, Unit: Pair, PU: 50",,
Hettich,Hinges,Onsys 4447 Clip On Hinge – TH52 for 14–25 mm thick doors; Opening angle 105° (Non Silent),9297209,Onsys Hinge - 25 mm - 9.5 Crank with mounting plate and cover caps,10,HIGH,HS Code: 83021090,,,,Standard,332.00,INR,HIGH,"Qty: 1, Unit: Pair, PU: 50",,
Hettich,Hinges,Onsys 4447 Clip On Hinge – TH52 for 14–25 mm thick doors; Opening angle 105° (Non Silent),9297210,Onsys Hinge - 25 mm - 16 Crank with mounting plate and cover caps,10,HIGH,HS Code: 83021090,,,,Standard,368.00,INR,HIGH,"Qty: 1, Unit: Pair, PU: 50",,
Hettich,Hinges,Onsys 4447i Clip On Hinge – TH52 for 14–25 mm thick doors; Opening angle 105° with 4 hole Mounting Plate,9336570,Onsys Hinge - 25 mm - 0 Crank with 4 hole mounting plate and cover caps,10,HIGH,HS Code: 83021090,,,,Standard,384.00,INR,HIGH,"Qty: 1, Unit: Set, PU: 50",,
Hettich,Hinges,Onsys 4447i Clip On Hinge – TH52 for 14–25 mm thick doors; Opening angle 105° with 4 hole Mounting Plate,9336591,Onsys Hinge - 25 mm - 9.5 Crank with 4 hole mounting plate and cover caps,10,HIGH,HS Code: 83021090,,,,Standard,422.00,INR,HIGH,"Qty: 1, Unit: Set, PU: 50",,
Hettich,Hinges,Onsys 4447i Clip On Hinge – TH52 for 14–25 mm thick doors; Opening angle 105° with 4 hole Mounting Plate,9336592,Onsys Hinge - 25 mm - 16 Crank with 4 hole mounting plate and cover caps,10,HIGH,HS Code: 83021090,,,,Standard,460.00,INR,HIGH,"Qty: 1, Unit: Set, PU: 50",,
Hettich,Hinges,Onsys Clip On Hinge – TH52 for 14–25 mm thick doors; Opening angle 105° with Eccentric Mounting Plate,9406181,Onsys 4447i 0 Crank - Eccentric MP,11,HIGH,HS Code: 83021090,,,,Standard,430.00,INR,HIGH,"Qty: 1, Unit: Pair, PU: 50",,
Hettich,Hinges,Onsys Clip On Hinge – TH52 for 14–25 mm thick doors; Opening angle 105° with Eccentric Mounting Plate,9406182,Onsys 4447i 9.5 Crank - Eccentric MP,11,HIGH,HS Code: 83021090,,,,Standard,468.00,INR,HIGH,"Qty: 1, Unit: Pair, PU: 50",,
Hettich,Hinges,Onsys Clip On Hinge – TH52 for 14–25 mm thick doors; Opening angle 105° with Eccentric Mounting Plate,9406183,Onsys 4447i 16 Crank - Eccentric MP,11,HIGH,HS Code: 83021090,,,,Standard,506.00,INR,HIGH,"Qty: 1, Unit: Pair, PU: 50",,
Hettich,Hinges,Onsys Magma Black Hinge – Opening angle 105° (Silent) with 4 Hole Mounting Plate,9354033,Onsys Hinge - 25 mm - 0 Crank with 4 hole mounting plate and cover caps,11,HIGH,HS Code: 83021090,,,,Standard,420.00,INR,HIGH,"Qty: 1, Unit: Pair, PU: 50",,
Hettich,Hinges,Onsys Magma Black Hinge – Opening angle 105° (Silent) with 4 Hole Mounting Plate,9354034,Onsys Hinge - 25 mm - 9.5 Crank with 4 hole mounting plate and cover caps,11,HIGH,HS Code: 83021090,,,,Standard,460.00,INR,HIGH,"Qty: 1, Unit: Pair, PU: 50",,
Hettich,Hinges,Onsys Magma Black Hinge – Opening angle 105° (Silent) with 4 Hole Mounting Plate,9354035,Onsys Hinge - 25 mm - 16 Crank with 4 hole mounting plate and cover caps,11,HIGH,HS Code: 83021090,,,,Standard,500.00,INR,HIGH,"Qty: 1, Unit: Pair, PU: 50",,
Hettich,Hinges,Veosys Hinge – TH52 for 14–22 mm thick doors; Opening angle 105°,9315433,Base 11.5 (0 Crank) with mounting plate (D 0 mm) & cover cap,11,HIGH,HS Code: 83021000,,,,Standard,840.00,INR,HIGH,"Qty: 1, Unit: Pair, PU: 100",,
Hettich,Hinges,Veosys Hinge – TH52 for 14–22 mm thick doors; Opening angle 105°,9315434,Base 3 (9.5 Crank) with mounting plate (D 0 mm) & cover cap,11,HIGH,HS Code: 83021000,,,,Standard,876.00,INR,HIGH,"Qty: 1, Unit: Pair, PU: 100",,
Hettich,Hinges,Veosys Hinge – TH52 for 14–22 mm thick doors; Opening angle 105°,9315435,Base -6.5 (16 Crank) with mounting plate (D 0 mm) & cover cap,11,HIGH,HS Code: 83021000,,,,Standard,910.00,INR,HIGH,"Qty: 1, Unit: Pair, PU: 100",,
Hettich,Hinges,Accessories for Veosys Hinge,9289598,Mounting Plate D 0.0,11,HIGH,HS Code: 83021000,,,,Standard,34.00,INR,HIGH,"Qty: 1, Unit: Pc, PU: 200",,
Hettich,Hinges,Accessories for Veosys Hinge,9307265,Cover Cap embossed with Hettich logo,11,HIGH,HS Code: 83024200,,,,Standard,22.00,INR,HIGH,"Qty: 1, Unit: Pc, PU: 200",,
Hettich,Hinges,Sensys 8645i Hinge – TH52 for 15–24 mm thick doors; Opening angle 110°,9242922,Base 12.5 (Crank 0°) with Mounting Plate (D 0 mm),11,HIGH,HS Code: 83021090,,,,Standard,840.00,INR,HIGH,"Qty: 1, Unit: Pair, PU: 100",,
Hettich,Hinges,Sensys 8645i Hinge – TH52 for 15–24 mm thick doors; Opening angle 110°,9242923,Base 3 (Crank 9.5°) with Mounting Plate (D 0 mm),11,HIGH,HS Code: 83021090,,,,Standard,888.00,INR,HIGH,"Qty: 1, Unit: Pair, PU: 100",,
Hettich,Hinges,Sensys 8645i Hinge – TH52 for 15–24 mm thick doors; Opening angle 110°,9242924,Base -4 (Crank 16°) with Mounting Plate (D 0 mm),11,HIGH,HS Code: 83021090,,,,Standard,936.00,INR,HIGH,"Qty: 1, Unit: Pair, PU: 100",,
Hettich,Hinges,Sensys 8631i Hinge – TH52 for 15–32 mm thick doors; Opening angle 95°,9242902,Base 12.5 (Crank 0°) with Mounting Plate (D 0 mm),11,HIGH,HS Code: 83021090,,,,Standard,902.00,INR,HIGH,"Qty: 1, Unit: Pair, PU: 100",,
Hettich,Hinges,Sensys 8631i Hinge – TH52 for 15–32 mm thick doors; Opening angle 95°,9242905,Base 3 (Crank 9.5°) with Mounting Plate (D 0 mm),11,HIGH,HS Code: 83021090,,,,Standard,952.00,INR,HIGH,"Qty: 1, Unit: Pair, PU: 100",,
Hettich,Hinges,Sensys 8631i Hinge – TH52 for 15–32 mm thick doors; Opening angle 95°,9242906,Base -4 (Crank 16°) with Mounting Plate (D 0 mm),11,HIGH,HS Code: 83021090,,,,Standard,1002.00,INR,HIGH,"Qty: 1, Unit: Pair, PU: 100",,
Hettich,Hinges,Sensys 8657i Hinge – TH52 for 15–32 mm thick doors; Opening angle 165° (Zero Protrusion Hinge),9243040,Base 12.5 (Crank 0°) with Mounting Plate (D 0 mm),11,HIGH,HS Code: 83021090,,,,Standard,1645.00,INR,HIGH,"Qty: 1, Unit: Pair, PU: 50",,
Hettich,Hinges,Sensys 8638i Hinge – TA32 for 19 mm Aluminium Profile; Opening angle 95°,9243057,Base 12.5 (Crank 0°) with Mounting Plate (D 0 mm),12,HIGH,HS Code: 83021090,,,,Standard,1062.00,INR,HIGH,"Qty: 1, Unit: Pair, PU: 50",,
Hettich,Hinges,Sensys 8639i W90 Hinge – TH52 for 90° Face Angle Application; Opening angle 95°,9243043,Base 4 (Crank 4) with Mounting Plate,12,HIGH,HS Code: 83021090,,,,Standard,1550.00,INR,HIGH,"Qty: 1, Unit: Pair, PU: 50",,
Hettich,Hinges,Sensys 8645i Hinge – TH52 for 15–24 mm thick doors; Opening angle 110° with 4 Hole Mounting Plate,9352773,Base 12.5 (Crank 0°) with 4 Hole Mounting Plate,12,HIGH,HS Code: 83021090,,,,Standard,840.00,INR,HIGH,"Qty: 1, Unit: Pair, PU: 100",,
Hettich,Hinges,Sensys 8645i Hinge – TH52 for 15–24 mm thick doors; Opening angle 110° with 4 Hole Mounting Plate,9352774,Base 3 (Crank 9.5°) with 4 Hole Mounting Plate,12,HIGH,HS Code: 83021090,,,,Standard,888.00,INR,HIGH,"Qty: 1, Unit: Pair, PU: 100",,
Hettich,Hinges,Sensys 8645i Hinge – TH52 for 15–24 mm thick doors; Opening angle 110° with 4 Hole Mounting Plate,9352775,Base -4 (Crank 16°) with 4 Hole Mounting Plate,12,HIGH,HS Code: 83021090,,,,Standard,936.00,INR,HIGH,"Qty: 1, Unit: Pair, PU: 100",,
Hettich,Hinges,Sensys 8631i Hinge – TH52 for 15–32 mm thick doors; Opening angle 95° with 4 Hole Mounting Plate,9352710,Base 12.5 (Crank 0°) with 4 Hole Mounting Plate,12,HIGH,HS Code: 83021090,,,,Standard,902.00,INR,HIGH,"Qty: 1, Unit: Pair, PU: 100",,
Hettich,Hinges,Sensys 8631i Hinge – TH52 for 15–32 mm thick doors; Opening angle 95° with 4 Hole Mounting Plate,9352771,Base 3 (Crank 9.5°) with 4 Hole Mounting Plate,12,HIGH,HS Code: 83021090,,,,Standard,952.00,INR,HIGH,"Qty: 1, Unit: Pair, PU: 100",,
Hettich,Hinges,Sensys 8631i Hinge – TH52 for 15–32 mm thick doors; Opening angle 95° with 4 Hole Mounting Plate,9352772,Base -4 (Crank 16°) with 4 Hole Mounting Plate,12,HIGH,HS Code: 83021090,,,,Standard,1002.00,INR,HIGH,"Qty: 1, Unit: Pair, PU: 100",,
Hettich,Hinges,Accessories of Sensys Hinge,9199822,"Sensys Cover Cap ""Made in Germany""",12,HIGH,HS Code: 83024200,,,,Standard,16.00,INR,HIGH,"Qty: 1, Unit: Pc, PU: 50",,
Hettich,Hinges,Accessories of Sensys Hinge,9082614,Sensys Cover Cap for Hinge Cup T52/53,12,HIGH,HS Code: 83024200,,,,Standard,20.00,INR,HIGH,"Qty: 1, Unit: Pc, PU: 50",,
Hettich,Hinges,Accessories of Sensys Hinge,9214838,Sensys Mount Plate D 0,12,HIGH,HS Code: 83021000,,,,Standard,32.00,INR,HIGH,"Qty: 1, Unit: Pc, PU: 100",,
Hettich,Hinges,Accessories of Sensys Hinge,9088242,Sensys Press-in Linear Mount Plate D 0.5,12,HIGH,HS Code: 83021000,,,,Standard,120.00,INR,HIGH,"Qty: 1, Unit: Pc, PU: 50",,
Hettich,Hinges,Accessories of Sensys Hinge,46695,Door Buffer Self-Adhesive,12,HIGH,HS Code: 39269097,,,,Standard,5000.00,INR,HIGH,"Qty: 1000, Unit: Pc, PU: 1,000",,
Hettich,Hinges,Accessories of Sensys Hinge,9426424,T43 Hinge Screws M5X11,12,HIGH,HS Code: 73181558,,,,Standard,300.00,INR,HIGH,"Qty: 100, Unit: Pc, PU: 1,000",,
Hettich,Hinges,Accessories of Sensys Hinge,1058613,T43 Hinge Sockets 10mm Dia,12,HIGH,HS Code: 39269097,,,,Standard,500.00,INR,HIGH,"Qty: 100, Unit: Pc, PU: 10,000",,
Hettich,Hinges,Obsidian Black Sensys 8645i Hinge – TH52 for 15–24 mm thick doors; Opening angle 110°,9323480,Base 12.5 (Crank 0°) with Mounting Plate & cover cap,13,HIGH,HS Code: 83021000,,,,Standard,1152.00,INR,HIGH,"Qty: 1, Unit: Pair, PU: 100",,
Hettich,Hinges,Obsidian Black Sensys 8645i Hinge – TH52 for 15–24 mm thick doors; Opening angle 110°,9323561,Base 3 (Crank 9.5°) with Mounting Plate & cover cap,13,HIGH,HS Code: 83021000,,,,Standard,1208.00,INR,HIGH,"Qty: 1, Unit: Pair, PU: 100",,
Hettich,Hinges,Obsidian Black Sensys 8645i Hinge – TH52 for 15–24 mm thick doors; Opening angle 110°,9323562,Base -4 (Crank 16°) with Mounting Plate & cover cap,13,HIGH,HS Code: 83021000,,,,Standard,1262.00,INR,HIGH,"Qty: 1, Unit: Pair, PU: 100",,
Hettich,Hinges,Obsidian Black Sensys 8631i Hinge – TH52 for 15–32 mm thick doors; Opening angle 95°,9323563,Base 12.5 (Crank 0°) with Mounting Plate & cover cap,13,HIGH,HS Code: 83021000,,,,Standard,1214.00,INR,HIGH,"Qty: 1, Unit: Pair, PU: 100",,
Hettich,Hinges,Obsidian Black Sensys 8631i Hinge – TH52 for 15–32 mm thick doors; Opening angle 95°,9323564,Base 3 (Crank 9.5°) with Mounting Plate & cover cap,13,HIGH,HS Code: 83021000,,,,Standard,1268.00,INR,HIGH,"Qty: 1, Unit: Pair, PU: 100",,
Hettich,Hinges,Obsidian Black Sensys 8631i Hinge – TH52 for 15–32 mm thick doors; Opening angle 95°,9323565,Base -4 (Crank 16°) with Mounting Plate & cover cap,13,HIGH,HS Code: 83021000,,,,Standard,1356.00,INR,HIGH,"Qty: 1, Unit: Pair, PU: 100",,
Hettich,Hinges,Obsidian Black Sensys 8657i Hinge-TH52 for 15–32 mm thick doors; Opening angle 165°(Zero Protrusion hinge),9091767,Base 12.5 (Crank 0°) (Order mounting plate separately),13,HIGH,HS Code: 83021000,,,,Standard,1057.00,INR,HIGH,"Qty: 1, Unit: Pc, PU: 50",,
Hettich,Hinges,"Obsidian Black Sensys 8638i Hinge – TA32 for 19 mm Aluminium Profile, Opening Angle 95°",9091744,Base 12.5 (Crank 0°) (Order mounting plate separately),13,HIGH,HS Code: 83021000,,,,Standard,670.00,INR,HIGH,"Qty: 1, Unit: Pc, PU: 50",,
Hettich,Hinges,Obsidian Black Sensys 8639i W90 Hinge – TH52 for 90° Face Angle Application; Opening angle 95°,9091748,Base 4 (Crank 4) (Order mounting plate separately),13,HIGH,HS Code: 83021000,,,,Standard,941.00,INR,HIGH,"Qty: 1, Unit: Pc, PU: 50",,
Hettich,Hinges,Accessories of Sensys Hinge,9091803,System 8099 Sensys Cross Mounting Plate with eccentric CAM D 0 mm in Black,13,HIGH,HS Code: 83021000,,,,Standard,108.00,INR,HIGH,"Qty: 1, Unit: Pc, PU: 50",,
Hettich,Hinges,Accessories of Sensys Hinge,9308038,Sensys Screw-on Linear Mounting Plate with oblong CAM D 0.5 in Black,13,HIGH,HS Code: 83021000,,,,Standard,110.00,INR,HIGH,"Qty: 1, Unit: Pc, PU: 200",,
Hettich,Hinges,Accessories of Sensys Hinge,9308181,Sensys Cover Cap for Hinge Arm in Black,13,HIGH,HS Code: 83024200,,,,Standard,20.00,INR,HIGH,"Qty: 1, Unit: Pc, PU: 200",,
Hettich,Hinges,Accessories of Sensys Hinge,9308183,Sensys Cover Cap for Hinge Cup T52/53 in Black,13,HIGH,HS Code: 83024200,,,,Standard,26.00,INR,HIGH,"Qty: 1, Unit: Pc, PU: 200",,
Hettich,Hinges,Accessories of Sensys Hinge,9308182,"Sensys Cover Cap for Hinge Arm ""Hettich"" Black",13,HIGH,HS Code: 83024200,,,,Standard,20.00,INR,HIGH,"Qty: 1, Unit: Pc, PU: 200",,
Hettich,Hinges,Airosys Soft Close Hinge – For 20–40 mm thick doors; Opening angle 100°,9384480,Airosys Invisible Hinge Nickel Black - Right,13,HIGH,HS Code: 83024900,,,,Standard,5000.00,INR,HIGH,"Qty: 1, Unit: Pc, PU: 1",,
Hettich,Hinges,Airosys Soft Close Hinge – For 20–40 mm thick doors; Opening angle 100°,9384511,Airosys Invisible Hinge Nickel Black - Left,13,HIGH,HS Code: 83024900,,,,Standard,5000.00,INR,HIGH,"Qty: 1, Unit: Pc, PU: 1",,
Hettich,Hinges,Airosys Soft Close Hinge – For 20–40 mm thick doors; Opening angle 100°,9384512,Airosys Invisible Hinge Nickel Silver - Right,13,HIGH,HS Code: 83024900,,,,Standard,5000.00,INR,HIGH,"Qty: 1, Unit: Pc, PU: 1",,
Hettich,Hinges,Airosys Soft Close Hinge – For 20–40 mm thick doors; Opening angle 100°,9384513,Airosys Invisible Hinge Nickel Silver - Left,13,HIGH,HS Code: 83024900,,,,Standard,5000.00,INR,HIGH,"Qty: 1, Unit: Pc, PU: 1",,
Hettich,Hinges,Airosys Soft Close Hinge – For 20–40 mm thick doors; Opening angle 100°,9384514,Airosys Corner Bracket for Alu-Profiles Right,13,HIGH,HS Code: 83024900,,,,Standard,1000.00,INR,HIGH,"Qty: 1, Unit: Pc, PU: 1",,
Hettich,Hinges,Airosys Soft Close Hinge – For 20–40 mm thick doors; Opening angle 100°,9384515,Airosys Corner Bracket for Alu-Profiles Left,13,HIGH,HS Code: 83024900,,,,Standard,1000.00,INR,HIGH,"Qty: 1, Unit: Pc, PU: 1",,
Hettich,Hinges,Airosys Soft Close Hinge – For 20–40 mm thick doors; Opening angle 100°,9251644,Airosys Fixing Support,13,HIGH,HS Code: 83024900,,,,Standard,1200.00,INR,HIGH,"Qty: 1, Unit: Set, PU: 1",,
Hettich,Hinges,Airosys Soft Close Hinge – For 20–40 mm thick doors; Opening angle 100°,9417240,Airosys straight frame profile 3000mm BL,13,HIGH,HS Code: 76042990,,,,Standard,3340.00,INR,HIGH,"Qty: 1, Unit: Pc, PU: 4",,
Hettich,Hinges,Airosys Soft Close Hinge – For 20–40 mm thick doors; Opening angle 100°,9417241,Airosys straight frame profile with handle 3000mm BL,13,HIGH,HS Code: 76042990,,,,Standard,4150.00,INR,HIGH,"Qty: 1, Unit: Pc, PU: 2",,
Hettich,Flap Fittings,LiftEase Upward Opening Fitting (300 – 500 mm Height),9347377,LiftEase-M (Medium) free stop 300-400mm H - Black,14,HIGH,HS Code: 83024200,,,,Standard,1750.00,INR,HIGH,"Qty: 1, Unit: Pc, PU: 1",,
Hettich,Flap Fittings,LiftEase Upward Opening Fitting (300 – 500 mm Height),9347378,LiftEase-H (Heavy) free stop 400-500mm H - Black,14,HIGH,HS Code: 83024200,,,,Standard,1750.00,INR,HIGH,"Qty: 1, Unit: Pc, PU: 1",,
Hettich,Flap Fittings,LiftEase Upward Opening Fitting (300 – 500 mm Height),9347381,LiftEase-M (Medium) P2O 300-400mm H - Black,14,HIGH,HS Code: 83024200,,,,Standard,1800.00,INR,HIGH,"Qty: 1, Unit: Pc, PU: 1",,
Hettich,Flap Fittings,LiftEase Upward Opening Fitting (300 – 500 mm Height),9347383,LiftEase-H (Heavy) P2O 400-500 mm H - Black,14,HIGH,HS Code: 83024200,,,,Standard,1800.00,INR,HIGH,"Qty: 1, Unit: Pc, PU: 1",,
Hettich,Flap Fittings,LiftEase Bifold Fitting (500 – 1040 mm Height),9360546,LiftEase Bifold LD1 500 - 600 mm H - Black,14,HIGH,HS Code: 83024200,,,,Standard,12020.00,INR,HIGH,"Qty: 1, Unit: Set, PU: 1",,
Hettich,Flap Fittings,LiftEase Bifold Fitting (500 – 1040 mm Height),9327543,LiftEase Bifold LD2 600 - 700 mm H - Black,14,HIGH,HS Code: 83024200,,,,Standard,11930.00,INR,HIGH,"Qty: 1, Unit: Set, PU: 1",,
Hettich,Flap Fittings,LiftEase Bifold Fitting (500 – 1040 mm Height),9381888,LiftEase Bifold LD2B 600 - 700 mm H - Black,14,HIGH,HS Code: 83024200,,,,Standard,11930.00,INR,HIGH,"Qty: 1, Unit: Set, PU: 1",,
Hettich,Flap Fittings,LiftEase Bifold Fitting (500 – 1040 mm Height),9381889,LiftEase Bifold LD2C 600 - 700 mm H - Black,14,HIGH,HS Code: 83024200,,,,Standard,12540.00,INR,HIGH,"Qty: 1, Unit: Set, PU: 1",,
Hettich,Flap Fittings,LiftEase Bifold Fitting (500 – 1040 mm Height),9327544,LiftEase Bifold L 700 - 1040 mm H - Black,14,HIGH,HS Code: 83024200,,,,Standard,11675.00,INR,HIGH,"Qty: 1, Unit: Set, PU: 1",,
Hettich,Flap Fittings,LiftEase Bifold Fitting (500 – 1040 mm Height),9327545,LiftEase Bifold MD 700 - 1040 mm H - Black,14,HIGH,HS Code: 83024200,,,,Standard,11675.00,INR,HIGH,"Qty: 1, Unit: Set, PU: 1",,
Hettich,Flap Fittings,LiftEase Bifold Fitting (500 – 1040 mm Height),9327546,LiftEase Bifold M 700 - 1040 mm H - Black,14,HIGH,HS Code: 83024200,,,,Standard,12540.00,INR,HIGH,"Qty: 1, Unit: Set, PU: 1",,
Hettich,Flap Fittings,LiftEase Bifold Fitting (500 – 1040 mm Height),9327547,LiftEase Bifold H 700 - 1040 mm H - Black,14,HIGH,HS Code: 83024200,,,,Standard,12540.00,INR,HIGH,"Qty: 1, Unit: Set, PU: 1",,
Hettich,Flap Fittings,Lift Up – Top Box Lift 90 (Order Hinges Separately),10921 L,Flap Lift Exact 90 (4.6 kg) Left,14,HIGH,HS Code: 83024200,,,,Standard,640.00,INR,HIGH,"Qty: 1, Unit: Pc, PU: 30",,
Hettich,Flap Fittings,Lift Up – Top Box Lift 90 (Order Hinges Separately),10921 R,Flap Lift Exact 90 (4.6 kg) Right,14,HIGH,HS Code: 83024200,,,,Standard,640.00,INR,HIGH,"Qty: 1, Unit: Pc, PU: 30",,
Hettich,Flap Fittings,Flap Stay Lift Basic (Order Hinge Separately),9079593,Lift Basic Flap Stay (3.2kg weight carrying capacity with 2 fittings; Max Flap Dimensions: Width 600 mm & Height 400 mm),14,HIGH,HS Code: 83024200,,,,Standard,390.00,INR,HIGH,"Qty: 1, Unit: Pc, PU: 10",,
Hettich,Sliding & Folding Systems,TopLine XL K2 – 2 Door for Wooden Doors 18–30 mm thickness; Weight 60 Kg per Door with Soft Closing & Soft Opening; Max. Door Dimensions: Height–3000 mm & Width–2000 mm,9275788,Fitting Set for 2 door (18-30 mm Thickness) Door weight upto 60 Kg,16,HIGH,HS Code: 83024200,,,,Standard,20087.00,INR,HIGH,"Qty: 1, Unit: Set, PU: 1",,
Hettich,Sliding & Folding Systems,TopLine XL K2 – 2 Door for Wooden Doors 18–30 mm thickness; Weight 60 Kg per Door with Soft Closing & Soft Opening; Max. Door Dimensions: Height–3000 mm & Width–2000 mm,9276737,Silent System for 2 door (60-100 kg),16,HIGH,HS Code: 83024200,,,,Standard,9243.00,INR,HIGH,"Qty: 1, Unit: Set, PU: 1",,
Hettich,Sliding & Folding Systems,TopLine XL K2 – 2 Door for Wooden Doors 18–30 mm thickness; Weight 60 Kg per Door with Soft Closing & Soft Opening; Max. Door Dimensions: Height–3000 mm & Width–2000 mm,9309712,Runner & Guide Profile 3600 mm with complete clip set,16,HIGH,HS Code: 83024200,,,,Standard,19900.00,INR,HIGH,"Qty: 1, Unit: Set, PU: 1",,
Hettich,Sliding & Folding Systems,TopLine XL K2 – 2 Door for Wooden Doors 18–30 mm thickness; Weight 60 Kg per Door with Soft Closing & Soft Opening; Max. Door Dimensions: Height–3000 mm & Width–2000 mm,9320977,BOM Code - Total Set (combined price for complete fitting set),16,HIGH,HS Code: (none listed); no HS code listed for this summary row,,,,Standard,49230.00,INR,HIGH,"Qty: -, Unit: -, PU: -",,
Hettich,Sliding & Folding Systems,TopLine XL K2 – 2 Door for Wooden Doors 22–30 mm thickness; Weight 80 Kg per Door with Soft Closing & Soft Opening; Max. Door Dimensions: Height–3000 mm & Width–2000 mm,9275790,Fitting Set for 2 door (22-30 mm Thickness) Door weight upto 80 Kg,16,HIGH,HS Code: 83024200,,,,Standard,20621.00,INR,HIGH,"Qty: 1, Unit: Set, PU: 1",,
Hettich,Sliding & Folding Systems,TopLine XL K2 – 2 Door for Wooden Doors 22–30 mm thickness; Weight 80 Kg per Door with Soft Closing & Soft Opening; Max. Door Dimensions: Height–3000 mm & Width–2000 mm,9276737,Silent System for 2 door (60-100 kg),16,HIGH,HS Code: 83024200,,,,Standard,9243.00,INR,HIGH,"Qty: 1, Unit: Set, PU: 1",,
Hettich,Sliding & Folding Systems,TopLine XL K2 – 2 Door for Wooden Doors 22–30 mm thickness; Weight 80 Kg per Door with Soft Closing & Soft Opening; Max. Door Dimensions: Height–3000 mm & Width–2000 mm,9309712,Runner & Guide Profile 3600 mm with complete clip set,16,HIGH,HS Code: 83024200,,,,Standard,19900.00,INR,HIGH,"Qty: 1, Unit: Set, PU: 1",,
Hettich,Sliding & Folding Systems,TopLine XL K2 – 2 Door for Wooden Doors 22–30 mm thickness; Weight 80 Kg per Door with Soft Closing & Soft Opening; Max. Door Dimensions: Height–3000 mm & Width–2000 mm,9320978,BOM Code - Total Set (combined price for complete fitting set),16,HIGH,HS Code: (none listed); no HS code listed for this summary row,,,,Standard,49764.00,INR,HIGH,"Qty: -, Unit: -, PU: -",,
Hettich,Sliding & Folding Systems,TopLine XL K2 – 2 Door for Wooden Doors 32–40 mm thickness; Weight 100 Kg per Door with Soft Closing & Soft Opening; Max. Door Dimensions: Height–3000 mm & Width–2000 mm,9275708,Fitting Set for 2 door (32-40 mm Thickness) Door weight upto 100 Kg,16,HIGH,HS Code: 83024200,,,,Standard,21866.00,INR,HIGH,"Qty: 1, Unit: Set, PU: 1",,
Hettich,Sliding & Folding Systems,TopLine XL K2 – 2 Door for Wooden Doors 32–40 mm thickness; Weight 100 Kg per Door with Soft Closing & Soft Opening; Max. Door Dimensions: Height–3000 mm & Width–2000 mm,9276737,Silent System for 2 door (60-100 kg),16,HIGH,HS Code: 83024200,,,,Standard,9243.00,INR,HIGH,"Qty: 1, Unit: Set, PU: 1",,
Hettich,Sliding & Folding Systems,TopLine XL K2 – 2 Door for Wooden Doors 32–40 mm thickness; Weight 100 Kg per Door with Soft Closing & Soft Opening; Max. Door Dimensions: Height–3000 mm & Width–2000 mm,9309712,Runner & Guide Profile 3600 mm with complete clip set,16,HIGH,HS Code: 83024200,,,,Standard,19900.00,INR,HIGH,"Qty: 1, Unit: Set, PU: 1",,
Hettich,Sliding & Folding Systems,TopLine XL K2 – 2 Door for Wooden Doors 32–40 mm thickness; Weight 100 Kg per Door with Soft Closing & Soft Opening; Max. Door Dimensions: Height–3000 mm & Width–2000 mm,9320979,BOM Code - Total Set (combined price for complete fitting set),16,HIGH,HS Code: (none listed); no HS code listed for this summary row,,,,Standard,51009.00,INR,HIGH,"Qty: -, Unit: -, PU: -",,
Hettich,Sliding & Folding Systems,TopLine XL K2 – 3 Door for Wooden Doors 18–30 mm thickness; Weight 60 Kg per Door with Soft Closing & Soft Opening; Max. Door Dimensions: Height–3000 mm & Width–2000 mm,9275781,Fitting Set for 3 door (18-30 mm Thickness) Door weight upto 60 Kg,16,HIGH,HS Code: 83024200,,,,Standard,27731.00,INR,HIGH,"Qty: 1, Unit: Set, PU: 1",,
Hettich,Sliding & Folding Systems,TopLine XL K2 – 3 Door for Wooden Doors 18–30 mm thickness; Weight 60 Kg per Door with Soft Closing & Soft Opening; Max. Door Dimensions: Height–3000 mm & Width–2000 mm,9276646,Silent System for 3 door (60-100 kg),16,HIGH,HS Code: 83024200,,,,Standard,18585.00,INR,HIGH,"Qty: 1, Unit: Set, PU: 1",,
Hettich,Sliding & Folding Systems,TopLine XL K2 – 3 Door for Wooden Doors 18–30 mm thickness; Weight 60 Kg per Door with Soft Closing & Soft Opening; Max. Door Dimensions: Height–3000 mm & Width–2000 mm,9309712,Runner & Guide Profile 3600 mm with complete clip set,16,HIGH,HS Code: 83024200,,,,Standard,19900.00,INR,HIGH,"Qty: 1, Unit: Set, PU: 1",,
Hettich,Sliding & Folding Systems,TopLine XL K2 – 3 Door for Wooden Doors 18–30 mm thickness; Weight 60 Kg per Door with Soft Closing & Soft Opening; Max. Door Dimensions: Height–3000 mm & Width–2000 mm,9320980,BOM Code - Total Set (combined price for complete fitting set),16,HIGH,HS Code: (none listed); no HS code listed for this summary row,,,,Standard,66216.00,INR,HIGH,"Qty: -, Unit: -, PU: -",,
Hettich,Sliding & Folding Systems,TopLine XL K2 – 3 Door for Wooden Doors 22–30 mm thickness; Weight 80 Kg per Door with Soft Closing & Soft Opening; Max. Door Dimensions: Height–3000 mm & Width–2000 mm,9275709,Fitting Set for 3 door (22-30 mm Thickness) Door weight upto 80 Kg,16,HIGH,HS Code: 83024200,,,,Standard,28265.00,INR,HIGH,"Qty: 1, Unit: Set, PU: 1",,
Hettich,Sliding & Folding Systems,TopLine XL K2 – 3 Door for Wooden Doors 22–30 mm thickness; Weight 80 Kg per Door with Soft Closing & Soft Opening; Max. Door Dimensions: Height–3000 mm & Width–2000 mm,9276646,Silent System for 3 door (60-100 kg),16,HIGH,HS Code: 83024200,,,,Standard,18585.00,INR,HIGH,"Qty: 1, Unit: Set, PU: 1",,
Hettich,Sliding & Folding Systems,TopLine XL K2 – 3 Door for Wooden Doors 22–30 mm thickness; Weight 80 Kg per Door with Soft Closing & Soft Opening; Max. Door Dimensions: Height–3000 mm & Width–2000 mm,9309712,Runner & Guide Profile 3600 mm with complete clip set,16,HIGH,HS Code: 83024200,,,,Standard,19900.00,INR,HIGH,"Qty: 1, Unit: Set, PU: 1",,
Hettich,Sliding & Folding Systems,TopLine XL K2 – 3 Door for Wooden Doors 22–30 mm thickness; Weight 80 Kg per Door with Soft Closing & Soft Opening; Max. Door Dimensions: Height–3000 mm & Width–2000 mm,9320991,BOM Code - Total Set (combined price for complete fitting set),16,HIGH,HS Code: (none listed); no HS code listed for this summary row,,,,Standard,66750.00,INR,HIGH,"Qty: -, Unit: -, PU: -",,
Hettich,Sliding & Folding Systems,TopLine XL K2 – 3 Door for Wooden Doors 32-40 mm thickness; Weight 100 Kg per Door with Soft Closing & Soft Opening; Max. Door Dimensions: Height~3000 mm & Width~2000 mm,9275707,Fitting Set for 3 door (32-40 mm Thickness),17,HIGH,HS Code: 83024200,,,,Standard,29687.00,INR,HIGH,"Qty: 1, Unit: Set, PU: 1",,
Hettich,Sliding & Folding Systems,TopLine XL K2 – 3 Door for Wooden Doors 32-40 mm thickness; Weight 100 Kg per Door with Soft Closing & Soft Opening; Max. Door Dimensions: Height~3000 mm & Width~2000 mm,9276646,Silent System for 3 door (60-100 kg),17,HIGH,HS Code: 83024200,,,,Standard,18585.00,INR,HIGH,"Qty: 1, Unit: Set, PU: 1",,
Hettich,Sliding & Folding Systems,TopLine XL K2 – 3 Door for Wooden Doors 32-40 mm thickness; Weight 100 Kg per Door with Soft Closing & Soft Opening; Max. Door Dimensions: Height~3000 mm & Width~2000 mm,9309712,Runner & Guide Profile 3600 mm with complete clip set,17,HIGH,HS Code: 83024200,,,,Standard,19900.00,INR,HIGH,"Qty: 1, Unit: Set, PU: 1",,
Hettich,Sliding & Folding Systems,TopLine XL K2 – 3 Door for Wooden Doors 32-40 mm thickness; Weight 100 Kg per Door with Soft Closing & Soft Opening; Max. Door Dimensions: Height~3000 mm & Width~2000 mm,9320992,BOM Code - Total Set (combined price for complete fitting set),17,HIGH,HS Code: (none listed); no HS code listed for this summary row,,,,Standard,68172.00,INR,HIGH,"Qty: -, Unit: -, PU: -",,
Hettich,Sliding & Folding Systems,TopLine XL K2 – 4 Door for Wooden Doors 18-30 mm thickness; Weight 60 Kg per Door with Soft Closing & Soft Opening; Max. Door Dimensions: Height~3000 mm & Width~2000 mm,9278794,Fitting Set for 4 door (18-30 mm Thickness) Door weight upto 60 Kg,17,HIGH,HS Code: 83024200,,,,Standard,40174.00,INR,HIGH,"Qty: 1, Unit: Set, PU: 1",,
Hettich,Sliding & Folding Systems,TopLine XL K2 – 4 Door for Wooden Doors 18-30 mm thickness; Weight 60 Kg per Door with Soft Closing & Soft Opening; Max. Door Dimensions: Height~3000 mm & Width~2000 mm,9278799,Silent System for 4 door (30-80 kg) (includes synchronization mechanism),17,HIGH,HS Code: 83024200,,,,Standard,26354.00,INR,HIGH,"Qty: 1, Unit: Set, PU: 1",,
Hettich,Sliding & Folding Systems,TopLine XL K2 – 4 Door for Wooden Doors 18-30 mm thickness; Weight 60 Kg per Door with Soft Closing & Soft Opening; Max. Door Dimensions: Height~3000 mm & Width~2000 mm,9309712,Runner & Guide Profile 3600 mm with complete clip set,17,HIGH,HS Code: 83024200,,,,Standard,19900.00,INR,HIGH,"Qty: 1, Unit: Set, PU: 1",,
Hettich,Sliding & Folding Systems,TopLine XL K2 – 4 Door for Wooden Doors 18-30 mm thickness; Weight 60 Kg per Door with Soft Closing & Soft Opening; Max. Door Dimensions: Height~3000 mm & Width~2000 mm,9320993,BOM Code - Total Set (combined price for complete fitting set),17,HIGH,HS Code: (none listed); no HS code listed for this summary row,,,,Standard,86428.00,INR,HIGH,"Qty: -, Unit: -, PU: -",,
Hettich,Sliding & Folding Systems,TopLine XL K2 – 4 Door for Wooden Doors 22-30 mm thickness; Weight 80 Kg per Door with Soft Closing & Soft Opening; Max. Door Dimensions: Height~3000 mm & Width~2000 mm,9278795,Fitting Set for 4 door (22-30 mm Thickness) Door weight upto 80 Kg,17,HIGH,HS Code: 83024200,,,,Standard,41242.00,INR,HIGH,"Qty: 1, Unit: Set, PU: 1",,
Hettich,Sliding & Folding Systems,TopLine XL K2 – 4 Door for Wooden Doors 22-30 mm thickness; Weight 80 Kg per Door with Soft Closing & Soft Opening; Max. Door Dimensions: Height~3000 mm & Width~2000 mm,9278799,Silent System for 4 door (30-80 kg) (includes synchronization mechanism),17,HIGH,HS Code: 83024200,,,,Standard,26354.00,INR,HIGH,"Qty: 1, Unit: Set, PU: 1",,
Hettich,Sliding & Folding Systems,TopLine XL K2 – 4 Door for Wooden Doors 22-30 mm thickness; Weight 80 Kg per Door with Soft Closing & Soft Opening; Max. Door Dimensions: Height~3000 mm & Width~2000 mm,9309712,Runner & Guide Profile 3600 mm with complete clip set,17,HIGH,HS Code: 83024200,,,,Standard,19900.00,INR,HIGH,"Qty: 1, Unit: Set, PU: 1",,
Hettich,Sliding & Folding Systems,TopLine XL K2 – 4 Door for Wooden Doors 22-30 mm thickness; Weight 80 Kg per Door with Soft Closing & Soft Opening; Max. Door Dimensions: Height~3000 mm & Width~2000 mm,9320994,BOM Code - Total Set (combined price for complete fitting set),17,HIGH,HS Code: (none listed); no HS code listed for this summary row,,,,Standard,87496.00,INR,HIGH,"Qty: -, Unit: -, PU: -",,
Hettich,Sliding & Folding Systems,TopLine XL K2 Profiles,9346060,Runner & Guide Profile 3000 mm with complete clip set,17,HIGH,HS Code: 76042990,,,,Standard,16590.00,INR,HIGH,"Qty: 1, Unit: Set, PU: 1",,
Hettich,Sliding & Folding Systems,TopLine XL K2 Profiles,9361098,Runner & Guide Profile 3600 mm with complete clip set - Black,17,HIGH,HS Code: 76042990,,,,Standard,24875.00,INR,HIGH,"Qty: 1, Unit: Set, PU: 1",,
Hettich,Sliding & Folding Systems,TopLine XL K2 Profiles,9361099,Runner & Guide Profile 3000 mm with complete clip set - Black,17,HIGH,HS Code: 76042990,,,,Standard,20740.00,INR,HIGH,"Qty: 1, Unit: Set, PU: 1",,
Hettich,Sliding & Folding Systems,Accessories,9278801,Cover Profile 2000 mm Grey Finish,17,HIGH,HS Code: 39169090; Generic 'Accessories' heading printed directly under TopLine XL K2 section,,,,Standard,2400.00,INR,HIGH,"Qty: 1, Unit: Pc, PU: 1",,
Hettich,Sliding & Folding Systems,TopLine L Loft Version (2 Door Front Left 20 mm thickness) with STB 11 (Screw from bottom) – Weight 50 kg per door; Max. Door Dimensions: Height 2600 mm & Width 550-2000 mm,9344753,2 Door front left EB 32 for max. 20 mm thick door,18,HIGH,HS Code: 83024200,,,,Standard,8110.00,INR,HIGH,"Qty: 1, Unit: Set, PU: 1",,
Hettich,Sliding & Folding Systems,TopLine L Loft Version (2 Door Front Left 20 mm thickness) with STB 11 (Screw from bottom) – Weight 50 kg per door; Max. Door Dimensions: Height 2600 mm & Width 550-2000 mm,9315109,Connecting pin for Runner profile,18,HIGH,HS Code: 73170080,,,,Standard,298.00,INR,HIGH,"Qty: 2, Unit: Pc, PU: 200",,
Hettich,Sliding & Folding Systems,TopLine L Loft Version (2 Door Front Left 20 mm thickness) with STB 11 (Screw from bottom) – Weight 50 kg per door; Max. Door Dimensions: Height 2600 mm & Width 550-2000 mm,9242229,Soft closing for 2 doors with 50 Kg,18,HIGH,HS Code: 39263000,,,,Standard,6000.00,INR,HIGH,"Qty: 1, Unit: Set, PU: 1",,
Hettich,Sliding & Folding Systems,TopLine L Loft Version (2 Door Front Left 20 mm thickness) with STB 11 (Screw from bottom) – Weight 50 kg per door; Max. Door Dimensions: Height 2600 mm & Width 550-2000 mm,9344941,Runner profile (Left 1500 mm + Right 1500 mm),18,HIGH,HS Code: 76042990,,,,Standard,4000.00,INR,HIGH,"Qty: 1, Unit: Set, PU: 1",,
Hettich,Sliding & Folding Systems,TopLine L Loft Version (2 Door Front Left 20 mm thickness) with STB 11 (Screw from bottom) – Weight 50 kg per door; Max. Door Dimensions: Height 2600 mm & Width 550-2000 mm,9288836,STB 11 Guide Profile 3000 mm,18,HIGH,HS Code: 76042990,,,,Standard,2276.00,INR,HIGH,"Qty: 1, Unit: Pc, PU: 4",,
Hettich,Sliding & Folding Systems,TopLine L Loft Version (2 Door Front Left 20 mm thickness) with STB 11 (Screw from bottom) – Weight 50 kg per door; Max. Door Dimensions: Height 2600 mm & Width 550-2000 mm,9340325,2 Door STB 11 Guide Kit,18,HIGH,HS Code: 83024200,,,,Standard,2315.00,INR,HIGH,"Qty: 1, Unit: Set, PU: 1",,
Hettich,Sliding & Folding Systems,TopLine L Loft Version (2 Door Front Left 25 mm thickness) with STB 11 (Screw from bottom) – Weight 50 kg per door; Max. Door Dimensions: Height 2600 mm & Width 550-2000 mm,9344754,2 Door front left EB 36 for max. 25 mm thick door,18,HIGH,HS Code: 83024200,,,,Standard,8110.00,INR,HIGH,"Qty: 1, Unit: Set, PU: 1",,
Hettich,Sliding & Folding Systems,TopLine L Loft Version (2 Door Front Left 25 mm thickness) with STB 11 (Screw from bottom) – Weight 50 kg per door; Max. Door Dimensions: Height 2600 mm & Width 550-2000 mm,9315109,Connecting pin for Runner profile,18,HIGH,HS Code: 73170080,,,,Standard,298.00,INR,HIGH,"Qty: 2, Unit: Pc, PU: 200",,
Hettich,Sliding & Folding Systems,TopLine L Loft Version (2 Door Front Left 25 mm thickness) with STB 11 (Screw from bottom) – Weight 50 kg per door; Max. Door Dimensions: Height 2600 mm & Width 550-2000 mm,9242229,Soft closing for 2 doors with 50 Kg,18,HIGH,HS Code: 39263000,,,,Standard,6000.00,INR,HIGH,"Qty: 1, Unit: Set, PU: 1",,
Hettich,Sliding & Folding Systems,TopLine L Loft Version (2 Door Front Left 25 mm thickness) with STB 11 (Screw from bottom) – Weight 50 kg per door; Max. Door Dimensions: Height 2600 mm & Width 550-2000 mm,9344941,Runner profile (Left 1500 mm + Right 1500 mm),18,HIGH,HS Code: 76042990,,,,Standard,4000.00,INR,HIGH,"Qty: 1, Unit: Set, PU: 1",,
Hettich,Sliding & Folding Systems,TopLine L Loft Version (2 Door Front Left 25 mm thickness) with STB 11 (Screw from bottom) – Weight 50 kg per door; Max. Door Dimensions: Height 2600 mm & Width 550-2000 mm,9288836,STB 11 Guide Profile 3000 mm,18,HIGH,HS Code: 76042990,,,,Standard,2276.00,INR,HIGH,"Qty: 1, Unit: Pc, PU: 4",,
Hettich,Sliding & Folding Systems,TopLine L Loft Version (2 Door Front Left 25 mm thickness) with STB 11 (Screw from bottom) – Weight 50 kg per door; Max. Door Dimensions: Height 2600 mm & Width 550-2000 mm,9340325,2 Door STB 11 Guide Kit,18,HIGH,HS Code: 83024200,,,,Standard,2315.00,INR,HIGH,"Qty: 1, Unit: Set, PU: 1",,
Hettich,Sliding & Folding Systems,TopLine L Loft Version (2 Door Front Left 20 mm thickness) with STB 12 (Screw from front) – Weight 50 kg per door; Max. Door Dimensions: Height 2600 mm & Width 550-2000 mm,9344753,2 Door Front Left EB 32 for max. 20mm thick door,18,HIGH,HS Code: 83024200,,,,Standard,8110.00,INR,HIGH,"Qty: 1, Unit: Set, PU: 1",,
Hettich,Sliding & Folding Systems,TopLine L Loft Version (2 Door Front Left 20 mm thickness) with STB 12 (Screw from front) – Weight 50 kg per door; Max. Door Dimensions: Height 2600 mm & Width 550-2000 mm,9315109,Connecting pin for Runner profile,18,HIGH,HS Code: 73170080,,,,Standard,298.00,INR,HIGH,"Qty: 2, Unit: Pc, PU: 200",,
Hettich,Sliding & Folding Systems,TopLine L Loft Version (2 Door Front Left 20 mm thickness) with STB 12 (Screw from front) – Weight 50 kg per door; Max. Door Dimensions: Height 2600 mm & Width 550-2000 mm,9242229,Soft closing for 2 doors with 50 Kg,18,HIGH,HS Code: 39263000,,,,Standard,6000.00,INR,HIGH,"Qty: 1, Unit: Set, PU: 1",,
Hettich,Sliding & Folding Systems,TopLine L Loft Version (2 Door Front Left 20 mm thickness) with STB 12 (Screw from front) – Weight 50 kg per door; Max. Door Dimensions: Height 2600 mm & Width 550-2000 mm,9344941,Runner profile (Left 1500 mm + Right 1500 mm),18,HIGH,HS Code: 76042990,,,,Standard,4000.00,INR,HIGH,"Qty: 1, Unit: Set, PU: 1",,
Hettich,Sliding & Folding Systems,TopLine L Loft Version (2 Door Front Left 20 mm thickness) with STB 12 (Screw from front) – Weight 50 kg per door; Max. Door Dimensions: Height 2600 mm & Width 550-2000 mm,9288835,STB 12 Guide Profile 3000 mm,18,HIGH,HS Code: 76042990,,,,Standard,2276.00,INR,HIGH,"Qty: 1, Unit: Pc, PU: 4",,
Hettich,Sliding & Folding Systems,TopLine L Loft Version (2 Door Front Left 20 mm thickness) with STB 12 (Screw from front) – Weight 50 kg per door; Max. Door Dimensions: Height 2600 mm & Width 550-2000 mm,9325495,2 Door STB 12 Guide Kit,18,HIGH,HS Code: 83024200,,,,Standard,2315.00,INR,HIGH,"Qty: 1, Unit: Set, PU: 1",,
Hettich,Sliding & Folding Systems,TopLine L Loft Version (2 Door Front Left 25 mm thickness) with STB 12 (Screw from front) – Weight 50 kg per door; Max. Door Dimensions: Height 2600 mm & Width 550-2000 mm,9344754,2 Door Front Left EB 36 for max. 25mm thick door,18,HIGH,HS Code: 83024200,,,,Standard,8110.00,INR,HIGH,"Qty: 1, Unit: Set, PU: 1",,
Hettich,Sliding & Folding Systems,TopLine L Loft Version (2 Door Front Left 25 mm thickness) with STB 12 (Screw from front) – Weight 50 kg per door; Max. Door Dimensions: Height 2600 mm & Width 550-2000 mm,9315109,Connecting pin for Runner profile,18,HIGH,HS Code: 73170080,,,,Standard,298.00,INR,HIGH,"Qty: 2, Unit: Pc, PU: 200",,
Hettich,Sliding & Folding Systems,TopLine L Loft Version (2 Door Front Left 25 mm thickness) with STB 12 (Screw from front) – Weight 50 kg per door; Max. Door Dimensions: Height 2600 mm & Width 550-2000 mm,9242229,Soft closing for 2 doors with 50 Kg,18,HIGH,HS Code: 39263000,,,,Standard,6000.00,INR,HIGH,"Qty: 1, Unit: Set, PU: 1",,
Hettich,Sliding & Folding Systems,TopLine L Loft Version (2 Door Front Left 25 mm thickness) with STB 12 (Screw from front) – Weight 50 kg per door; Max. Door Dimensions: Height 2600 mm & Width 550-2000 mm,9344941,Runner profile (Left 1500 mm + Right 1500 mm),18,HIGH,HS Code: 76042990,,,,Standard,4000.00,INR,HIGH,"Qty: 1, Unit: Set, PU: 1",,
Hettich,Sliding & Folding Systems,TopLine L Loft Version (2 Door Front Left 25 mm thickness) with STB 12 (Screw from front) – Weight 50 kg per door; Max. Door Dimensions: Height 2600 mm & Width 550-2000 mm,9288835,STB 12 Guide Profile 3000 mm,18,HIGH,HS Code: 76042990,,,,Standard,2276.00,INR,HIGH,"Qty: 1, Unit: Pc, PU: 4",,
Hettich,Sliding & Folding Systems,TopLine L Loft Version (2 Door Front Left 25 mm thickness) with STB 12 (Screw from front) – Weight 50 kg per door; Max. Door Dimensions: Height 2600 mm & Width 550-2000 mm,9325495,2 Door STB 12 Guide Kit,18,HIGH,HS Code: 83024200,,,,Standard,2315.00,INR,HIGH,"Qty: 1, Unit: Set, PU: 1",,
Hettich,Sliding & Folding Systems,TopLine L Loft Version (2 Door Front Right 20 mm thickness) with STB 11 (Screw from bottom) – Weight 50 kg per door; Max. Door Dimensions: Height 2600 mm & Width 550-2000 mm,9333863,2 Door front right EB 32 for max. 20mm thick door,18,HIGH,HS Code: 83024200,,,,Standard,8110.00,INR,HIGH,"Qty: 1, Unit: Set, PU: 1",,
Hettich,Sliding & Folding Systems,TopLine L Loft Version (2 Door Front Right 20 mm thickness) with STB 11 (Screw from bottom) – Weight 50 kg per door; Max. Door Dimensions: Height 2600 mm & Width 550-2000 mm,9315109,Connecting pin for Runner profile,18,HIGH,HS Code: 73170080,,,,Standard,298.00,INR,HIGH,"Qty: 2, Unit: Pc, PU: 200",,
Hettich,Sliding & Folding Systems,TopLine L Loft Version (2 Door Front Right 20 mm thickness) with STB 11 (Screw from bottom) – Weight 50 kg per door; Max. Door Dimensions: Height 2600 mm & Width 550-2000 mm,9242229,Soft closing for 2 doors with 50 Kg,18,HIGH,HS Code: 39263000,,,,Standard,6000.00,INR,HIGH,"Qty: 1, Unit: Set, PU: 1",,
Hettich,Sliding & Folding Systems,TopLine L Loft Version (2 Door Front Right 20 mm thickness) with STB 11 (Screw from bottom) – Weight 50 kg per door; Max. Door Dimensions: Height 2600 mm & Width 550-2000 mm,9344941,Runner profile (Left 1500 mm + Right 1500 mm),18,HIGH,HS Code: 76042990,,,,Standard,4000.00,INR,HIGH,"Qty: 1, Unit: Set, PU: 1",,
Hettich,Sliding & Folding Systems,TopLine L Loft Version (2 Door Front Right 20 mm thickness) with STB 11 (Screw from bottom) – Weight 50 kg per door; Max. Door Dimensions: Height 2600 mm & Width 550-2000 mm,9288836,STB 11 Guide Profile 3000 mm,18,HIGH,HS Code: 76042990,,,,Standard,2276.00,INR,HIGH,"Qty: 1, Unit: Pc, PU: 4",,
Hettich,Sliding & Folding Systems,TopLine L Loft Version (2 Door Front Right 20 mm thickness) with STB 11 (Screw from bottom) – Weight 50 kg per door; Max. Door Dimensions: Height 2600 mm & Width 550-2000 mm,9340325,2 Door STB 11 Guide Kit,18,HIGH,HS Code: 83024200,,,,Standard,2315.00,INR,HIGH,"Qty: 1, Unit: Set, PU: 1",,
Hettich,Sliding & Folding Systems,TopLine L Loft Version (2 Door Front Right 25 mm thickness) with STB 11 (Screw from bottom) – Weight 50 kg per door; Max. Door Dimensions: Height 2600 mm & Width 550-2000 mm,9333866,2 Door front right EB 36 for max. 25mm thick door,19,HIGH,HS Code: 83024200,,,,Standard,8110.00,INR,HIGH,"Qty: 1, Unit: Set, PU: 1",,
Hettich,Sliding & Folding Systems,TopLine L Loft Version (2 Door Front Right 25 mm thickness) with STB 11 (Screw from bottom) – Weight 50 kg per door; Max. Door Dimensions: Height 2600 mm & Width 550-2000 mm,9315109,Connecting pin for Runner profile,19,HIGH,HS Code: 73170080,,,,Standard,298.00,INR,HIGH,"Qty: 2, Unit: Pc, PU: 200",,
Hettich,Sliding & Folding Systems,TopLine L Loft Version (2 Door Front Right 25 mm thickness) with STB 11 (Screw from bottom) – Weight 50 kg per door; Max. Door Dimensions: Height 2600 mm & Width 550-2000 mm,9242229,Soft closing for 2 doors with 50 Kg,19,HIGH,HS Code: 39263000,,,,Standard,6000.00,INR,HIGH,"Qty: 1, Unit: Set, PU: 1",,
Hettich,Sliding & Folding Systems,TopLine L Loft Version (2 Door Front Right 25 mm thickness) with STB 11 (Screw from bottom) – Weight 50 kg per door; Max. Door Dimensions: Height 2600 mm & Width 550-2000 mm,9344941,Runner profile (Left 1500 mm + Right 1500 mm),19,HIGH,HS Code: 76042990,,,,Standard,4000.00,INR,HIGH,"Qty: 1, Unit: Set, PU: 1",,
Hettich,Sliding & Folding Systems,TopLine L Loft Version (2 Door Front Right 25 mm thickness) with STB 11 (Screw from bottom) – Weight 50 kg per door; Max. Door Dimensions: Height 2600 mm & Width 550-2000 mm,9288836,STB 11 Guide Profile 3000 mm,19,HIGH,HS Code: 76042990,,,,Standard,2276.00,INR,HIGH,"Qty: 1, Unit: Pc, PU: 4",,
Hettich,Sliding & Folding Systems,TopLine L Loft Version (2 Door Front Right 25 mm thickness) with STB 11 (Screw from bottom) – Weight 50 kg per door; Max. Door Dimensions: Height 2600 mm & Width 550-2000 mm,9340325,2 Door STB 11 Guide Kit,19,HIGH,HS Code: 83024200,,,,Standard,2315.00,INR,HIGH,"Qty: 1, Unit: Set, PU: 1",,
Hettich,Sliding & Folding Systems,TopLine L Loft Version (2 Door Front Right 20 mm thickness) with STB 12 (Screw from front) – Weight 50 kg per door; Max. Door Dimensions: Height 2600 mm & Width 550-2000 mm,9333863,2 Door front right EB 32 for max. 20mm thick door,19,HIGH,HS Code: 83024200,,,,Standard,8110.00,INR,HIGH,"Qty: 1, Unit: Set, PU: 1",,
Hettich,Sliding & Folding Systems,TopLine L Loft Version (2 Door Front Right 20 mm thickness) with STB 12 (Screw from front) – Weight 50 kg per door; Max. Door Dimensions: Height 2600 mm & Width 550-2000 mm,9315109,Connecting pin for Runner profile,19,HIGH,HS Code: 73170080,,,,Standard,298.00,INR,HIGH,"Qty: 2, Unit: Pc, PU: 200",,
Hettich,Sliding & Folding Systems,TopLine L Loft Version (2 Door Front Right 20 mm thickness) with STB 12 (Screw from front) – Weight 50 kg per door; Max. Door Dimensions: Height 2600 mm & Width 550-2000 mm,9242229,Soft closing for 2 doors with 50 Kg,19,HIGH,HS Code: 39263000,,,,Standard,6000.00,INR,HIGH,"Qty: 1, Unit: Set, PU: 1",,
Hettich,Sliding & Folding Systems,TopLine L Loft Version (2 Door Front Right 20 mm thickness) with STB 12 (Screw from front) – Weight 50 kg per door; Max. Door Dimensions: Height 2600 mm & Width 550-2000 mm,9344941,Runner profile (Left 1500 mm + Right 1500 mm),19,HIGH,HS Code: 76042990,,,,Standard,4000.00,INR,HIGH,"Qty: 1, Unit: Set, PU: 1",,
Hettich,Sliding & Folding Systems,TopLine L Loft Version (2 Door Front Right 20 mm thickness) with STB 12 (Screw from front) – Weight 50 kg per door; Max. Door Dimensions: Height 2600 mm & Width 550-2000 mm,9288835,STB 12 Guide Profile 3000 mm,19,HIGH,HS Code: 76042990,,,,Standard,2276.00,INR,HIGH,"Qty: 1, Unit: Pc, PU: 4",,
Hettich,Sliding & Folding Systems,TopLine L Loft Version (2 Door Front Right 20 mm thickness) with STB 12 (Screw from front) – Weight 50 kg per door; Max. Door Dimensions: Height 2600 mm & Width 550-2000 mm,9325495,2 Door STB 12 Guide Kit,19,HIGH,HS Code: 83024200,,,,Standard,2315.00,INR,HIGH,"Qty: 1, Unit: Set, PU: 1",,
Hettich,Sliding & Folding Systems,TopLine L Loft Version (2 Door Front Right 25 mm thickness) with STB 12 (Screw from front) – Weight 50 kg per door; Max. Door Dimensions: Height 2600 mm & Width 550-2000 mm,9333866,2 Door front right EB 36 for max. 25mm thick door,19,HIGH,HS Code: 83024200,,,,Standard,8110.00,INR,HIGH,"Qty: 1, Unit: Set, PU: 1",,
Hettich,Sliding & Folding Systems,TopLine L Loft Version (2 Door Front Right 25 mm thickness) with STB 12 (Screw from front) – Weight 50 kg per door; Max. Door Dimensions: Height 2600 mm & Width 550-2000 mm,9315109,Connecting pin for Runner profile,19,HIGH,HS Code: 73170080,,,,Standard,298.00,INR,HIGH,"Qty: 2, Unit: Pc, PU: 200",,
Hettich,Sliding & Folding Systems,TopLine L Loft Version (2 Door Front Right 25 mm thickness) with STB 12 (Screw from front) – Weight 50 kg per door; Max. Door Dimensions: Height 2600 mm & Width 550-2000 mm,9242229,Soft closing for 2 doors with 50 Kg,19,HIGH,HS Code: 39263000,,,,Standard,6000.00,INR,HIGH,"Qty: 1, Unit: Set, PU: 1",,
Hettich,Sliding & Folding Systems,TopLine L Loft Version (2 Door Front Right 25 mm thickness) with STB 12 (Screw from front) – Weight 50 kg per door; Max. Door Dimensions: Height 2600 mm & Width 550-2000 mm,9344941,Runner profile (Left 1500 mm + Right 1500 mm),19,HIGH,HS Code: 76042990,,,,Standard,4000.00,INR,HIGH,"Qty: 1, Unit: Set, PU: 1",,
Hettich,Sliding & Folding Systems,TopLine L Loft Version (2 Door Front Right 25 mm thickness) with STB 12 (Screw from front) – Weight 50 kg per door; Max. Door Dimensions: Height 2600 mm & Width 550-2000 mm,9288835,STB 12 Guide Profile 3000 mm,19,HIGH,HS Code: 76042990,,,,Standard,2276.00,INR,HIGH,"Qty: 1, Unit: Pc, PU: 4",,
Hettich,Sliding & Folding Systems,TopLine L Loft Version (2 Door Front Right 25 mm thickness) with STB 12 (Screw from front) – Weight 50 kg per door; Max. Door Dimensions: Height 2600 mm & Width 550-2000 mm,9325495,2 Door STB 12 Guide Kit,19,HIGH,HS Code: 83024200,,,,Standard,2315.00,INR,HIGH,"Qty: 1, Unit: Set, PU: 1",,
Hettich,Sliding & Folding Systems,TopLine L Loft Version (3 Door 20 mm thickness) with STB 11 (Screw from bottom) – Weight 50 kg per door; Max. Door Dimensions: Height 2600 mm & Width 550-2000 mm,9333864,3 Door EB 32 for max. 20 mm thick door,19,HIGH,HS Code: 83024200,,,,Standard,11100.00,INR,HIGH,"Qty: 1, Unit: Set, PU: 1",,
Hettich,Sliding & Folding Systems,TopLine L Loft Version (3 Door 20 mm thickness) with STB 11 (Screw from bottom) – Weight 50 kg per door; Max. Door Dimensions: Height 2600 mm & Width 550-2000 mm,9315109,Connecting pin for Runner profile,19,HIGH,HS Code: 73170080,,,,Standard,298.00,INR,HIGH,"Qty: 2, Unit: Pc, PU: 200",,
Hettich,Sliding & Folding Systems,TopLine L Loft Version (3 Door 20 mm thickness) with STB 11 (Screw from bottom) – Weight 50 kg per door; Max. Door Dimensions: Height 2600 mm & Width 550-2000 mm,9242230,Soft closing for 3 doors with 50 Kg,19,HIGH,HS Code: 39263000,,,,Standard,10500.00,INR,HIGH,"Qty: 1, Unit: Set, PU: 1",,
Hettich,Sliding & Folding Systems,TopLine L Loft Version (3 Door 20 mm thickness) with STB 11 (Screw from bottom) – Weight 50 kg per door; Max. Door Dimensions: Height 2600 mm & Width 550-2000 mm,9344941,Runner profile (Left 1500 mm + Right 1500 mm),19,HIGH,HS Code: 76042990,,,,Standard,4000.00,INR,HIGH,"Qty: 1, Unit: Set, PU: 1",,
Hettich,Sliding & Folding Systems,TopLine L Loft Version (3 Door 20 mm thickness) with STB 11 (Screw from bottom) – Weight 50 kg per door; Max. Door Dimensions: Height 2600 mm & Width 550-2000 mm,9288836,STB 11 Guide Profile 3000 mm,19,HIGH,HS Code: 76042990,,,,Standard,2276.00,INR,HIGH,"Qty: 1, Unit: Pc, PU: 4",,
Hettich,Sliding & Folding Systems,TopLine L Loft Version (3 Door 20 mm thickness) with STB 11 (Screw from bottom) – Weight 50 kg per door; Max. Door Dimensions: Height 2600 mm & Width 550-2000 mm,9323046,3 Door STB 11 Guide Kit,19,HIGH,HS Code: 83024200,,,,Standard,2519.00,INR,HIGH,"Qty: 1, Unit: Set, PU: 1",,
Hettich,Sliding & Folding Systems,TopLine L Loft Version (3 Door 25 mm thickness) with STB 11 (Screw from bottom) – Weight 50 kg per door; Max. Door Dimensions: Height 2600 mm & Width 550-2000 mm,9333865,3 Door EB 36 for max. 25 mm thick door,19,HIGH,HS Code: 83024200,,,,Standard,11042.00,INR,HIGH,"Qty: 1, Unit: Set, PU: 1",,
Hettich,Sliding & Folding Systems,TopLine L Loft Version (3 Door 25 mm thickness) with STB 11 (Screw from bottom) – Weight 50 kg per door; Max. Door Dimensions: Height 2600 mm & Width 550-2000 mm,9315109,Connecting pin for Runner profile,19,HIGH,HS Code: 73170080,,,,Standard,298.00,INR,HIGH,"Qty: 2, Unit: Pc, PU: 200",,
Hettich,Sliding & Folding Systems,TopLine L Loft Version (3 Door 25 mm thickness) with STB 11 (Screw from bottom) – Weight 50 kg per door; Max. Door Dimensions: Height 2600 mm & Width 550-2000 mm,9242230,Soft closing for 3 doors with 50 Kg,19,HIGH,HS Code: 39263000,,,,Standard,10500.00,INR,HIGH,"Qty: 1, Unit: Set, PU: 1",,
Hettich,Sliding & Folding Systems,TopLine L Loft Version (3 Door 25 mm thickness) with STB 11 (Screw from bottom) – Weight 50 kg per door; Max. Door Dimensions: Height 2600 mm & Width 550-2000 mm,9344941,Runner profile (Left 1500 mm + Right 1500 mm),19,HIGH,HS Code: 76042990,,,,Standard,4000.00,INR,HIGH,"Qty: 1, Unit: Set, PU: 1",,
Hettich,Sliding & Folding Systems,TopLine L Loft Version (3 Door 25 mm thickness) with STB 11 (Screw from bottom) – Weight 50 kg per door; Max. Door Dimensions: Height 2600 mm & Width 550-2000 mm,9288836,STB 11 Guide Profile 3000 mm,19,HIGH,HS Code: 76042990,,,,Standard,2276.00,INR,HIGH,"Qty: 1, Unit: Pc, PU: 4",,
Hettich,Sliding & Folding Systems,TopLine L Loft Version (3 Door 25 mm thickness) with STB 11 (Screw from bottom) – Weight 50 kg per door; Max. Door Dimensions: Height 2600 mm & Width 550-2000 mm,9323046,3 Door STB 11 Guide Kit,19,HIGH,HS Code: 83024200,,,,Standard,2519.00,INR,HIGH,"Qty: 1, Unit: Set, PU: 1",,
Hettich,Sliding & Folding Systems,TopLine L Loft Version (3 Door 20/25 mm thickness) with STB 11 - Footnote,9340124,Alternative Code for Article 9323046 - STB 11 Set 3-Doors (per page footnote),19,LOW,,,,,Standard,4400.00,INR,LOW,,,
Hettich,Sliding & Folding Systems,TopLine L Loft Version (3 Door 20 mm thickness) with STB 12 (Screw from front) – Weight 50 kg per door; Max. Door Dimensions: Height 2600 mm & Width 550-2000 mm,9333864,3 Door EB 32 for max. 20 mm thick door,20,HIGH,HS Code: 83024200,,,,Standard,11100.00,INR,HIGH,"Qty: 1, Unit: Set, PU: 1",,
Hettich,Sliding & Folding Systems,TopLine L Loft Version (3 Door 20 mm thickness) with STB 12 (Screw from front) – Weight 50 kg per door; Max. Door Dimensions: Height 2600 mm & Width 550-2000 mm,9315109,Connecting pin for Runner profile,20,HIGH,HS Code: 73170080,,,,Standard,298.00,INR,HIGH,"Qty: 2, Unit: Pc, PU: 200",,
Hettich,Sliding & Folding Systems,TopLine L Loft Version (3 Door 20 mm thickness) with STB 12 (Screw from front) – Weight 50 kg per door; Max. Door Dimensions: Height 2600 mm & Width 550-2000 mm,9242230,Soft closing for 3 doors with 50 Kg,20,HIGH,HS Code: 39263000,,,,Standard,10500.00,INR,HIGH,"Qty: 1, Unit: Set, PU: 1",,
Hettich,Sliding & Folding Systems,TopLine L Loft Version (3 Door 20 mm thickness) with STB 12 (Screw from front) – Weight 50 kg per door; Max. Door Dimensions: Height 2600 mm & Width 550-2000 mm,9344941,Runner profile (Left 1500 mm + Right 1500 mm),20,HIGH,HS Code: 76042990,,,,Standard,4000.00,INR,HIGH,"Qty: 1, Unit: Set, PU: 1",,
Hettich,Sliding & Folding Systems,TopLine L Loft Version (3 Door 20 mm thickness) with STB 12 (Screw from front) – Weight 50 kg per door; Max. Door Dimensions: Height 2600 mm & Width 550-2000 mm,9288835,STB 12 Guide Profile 3000 mm,20,HIGH,HS Code: 76042990,,,,Standard,2276.00,INR,HIGH,"Qty: 1, Unit: Pc, PU: 4",,
Hettich,Sliding & Folding Systems,TopLine L Loft Version (3 Door 20 mm thickness) with STB 12 (Screw from front) – Weight 50 kg per door; Max. Door Dimensions: Height 2600 mm & Width 550-2000 mm,45083,3 Door STB 12 Guide Kit,20,HIGH,HS Code: 83024200,,,,Standard,2583.00,INR,HIGH,"Qty: 1, Unit: Set, PU: 1",,
Hettich,Sliding & Folding Systems,TopLine L Loft Version (3 Door 25 mm thickness) with STB 12 (Screw from front) – Weight 50 kg per door; Max. Door Dimensions: Height 2600 mm & Width 550-2000 mm,9333865,3 Door EB 36 for max. 25 mm thick door,20,HIGH,HS Code: 83024200,,,,Standard,11042.00,INR,HIGH,"Qty: 1, Unit: Set, PU: 1",,
Hettich,Sliding & Folding Systems,TopLine L Loft Version (3 Door 25 mm thickness) with STB 12 (Screw from front) – Weight 50 kg per door; Max. Door Dimensions: Height 2600 mm & Width 550-2000 mm,9315109,Connecting pin for Runner profile,20,HIGH,HS Code: 73170080,,,,Standard,298.00,INR,HIGH,"Qty: 2, Unit: Pc, PU: 200",,
Hettich,Sliding & Folding Systems,TopLine L Loft Version (3 Door 25 mm thickness) with STB 12 (Screw from front) – Weight 50 kg per door; Max. Door Dimensions: Height 2600 mm & Width 550-2000 mm,9242230,Soft closing for 3 doors with 50 Kg,20,HIGH,HS Code: 39263000,,,,Standard,10500.00,INR,HIGH,"Qty: 1, Unit: Set, PU: 1",,
Hettich,Sliding & Folding Systems,TopLine L Loft Version (3 Door 25 mm thickness) with STB 12 (Screw from front) – Weight 50 kg per door; Max. Door Dimensions: Height 2600 mm & Width 550-2000 mm,9344941,Runner profile (Left 1500 mm + Right 1500 mm),20,HIGH,HS Code: 76042990,,,,Standard,4000.00,INR,HIGH,"Qty: 1, Unit: Set, PU: 1",,
Hettich,Sliding & Folding Systems,TopLine L Loft Version (3 Door 25 mm thickness) with STB 12 (Screw from front) – Weight 50 kg per door; Max. Door Dimensions: Height 2600 mm & Width 550-2000 mm,9288835,STB 12 Guide Profile 3000 mm,20,HIGH,HS Code: 76042990,,,,Standard,2276.00,INR,HIGH,"Qty: 1, Unit: Pc, PU: 4",,
Hettich,Sliding & Folding Systems,TopLine L Loft Version (3 Door 25 mm thickness) with STB 12 (Screw from front) – Weight 50 kg per door; Max. Door Dimensions: Height 2600 mm & Width 550-2000 mm,45083,3 Door STB 12 Guide Kit,20,HIGH,HS Code: 83024200,,,,Standard,2583.00,INR,HIGH,"Qty: 1, Unit: Set, PU: 1",,
Hettich,Sliding & Folding Systems,"TopLine L Loft Version: Silent System Soft Opening, Soft Colliding & Cover Profile",9242227,Silent system Soft opening for 2 door weight upto 50 kg,20,HIGH,HS Code: 83024200,,,,Standard,6000.00,INR,HIGH,"Qty: 1, Unit: Set, PU: 1",,
Hettich,Sliding & Folding Systems,"TopLine L Loft Version: Silent System Soft Opening, Soft Colliding & Cover Profile",9242228,Silent system Soft opening for 3 door weight upto 50 kg,20,HIGH,HS Code: 83024200,,,,Standard,10700.00,INR,HIGH,"Qty: 1, Unit: Set, PU: 1",,
Hettich,Sliding & Folding Systems,"TopLine L Loft Version: Silent System Soft Opening, Soft Colliding & Cover Profile",9254630,Soft colliding for the rear most doors of 3 door sliding door cabinets,20,HIGH,HS Code: 83024200,,,,Standard,1370.00,INR,HIGH,"Qty: 1, Unit: Set, PU: 1",,
Hettich,Sliding & Folding Systems,"TopLine L Loft Version: Silent System Soft Opening, Soft Colliding & Cover Profile",9277440,Cover Profile 1500 mm Grey Finish,20,HIGH,HS Code: 39169090,,,,Standard,800.00,INR,HIGH,"Qty: 1, Unit: Pc, PU: 1",,
Hettich,Sliding & Folding Systems,TopLine L Loft Profiles,9361092,Runner Profile (Left 1500 mm + Right 1500 mm) - Black,20,HIGH,HS Code: 76042990,,,,Standard,5000.00,INR,HIGH,"Qty: 1, Unit: Set, PU: 1",,
Hettich,Sliding & Folding Systems,TopLine L Loft Profiles,9361093,STB 11 Guide Profile 3000 mm - Black,20,HIGH,HS Code: 76042990,,,,Standard,2845.00,INR,HIGH,"Qty: 1, Unit: Pc, PU: 4",,
Hettich,Sliding & Folding Systems,TopLine L Loft Profiles,9361094,STB 12 Guide Profile 3000 mm - Black,20,HIGH,HS Code: 76042990,,,,Standard,2845.00,INR,HIGH,"Qty: 1, Unit: Pc, PU: 4",,
Hettich,Sliding & Folding Systems,TopLine L (2 Door Front Left 18-30 mm thickness) with STB 11 (Screw from bottom) - Weight 50 kg per door; Max. Door Dimensions: Height 2600 mm & Width 550-1500 mm,9322660,TL L2 Door Left 18-30 mm Wooden Runner kit,21,HIGH,HS Code: 83024200,,,,Standard,7685.00,INR,HIGH,"Qty: 1, Unit: Set, PU: 1",,
Hettich,Sliding & Folding Systems,TopLine L (2 Door Front Left 18-30 mm thickness) with STB 11 (Screw from bottom) - Weight 50 kg per door; Max. Door Dimensions: Height 2600 mm & Width 550-1500 mm,9340325,STB 11 Guide kit for 2 Doors,21,HIGH,HS Code: 83024200,,,,Standard,2315.00,INR,HIGH,"Qty: 1, Unit: Set, PU: 1",,
Hettich,Sliding & Folding Systems,TopLine L (2 Door Front Left 18-30 mm thickness) with STB 11 (Screw from bottom) - Weight 50 kg per door; Max. Door Dimensions: Height 2600 mm & Width 550-1500 mm,9242238,Silent system Soft Closing for 2 door weight upto 50 kg,21,HIGH,HS Code: 83024200,,,,Standard,6000.00,INR,HIGH,"Qty: 1, Unit: Set, PU: 1",,
Hettich,Sliding & Folding Systems,TopLine L (2 Door Front Left 18-30 mm thickness) with STB 11 (Screw from bottom) - Weight 50 kg per door; Max. Door Dimensions: Height 2600 mm & Width 550-1500 mm,9306367,3000 mm Runner profile and Guide Profile (screw from bottom),21,HIGH,HS Code: 83024200,,,,Standard,4900.00,INR,HIGH,"Qty: 1, Unit: Set, PU: 2",,
Hettich,Sliding & Folding Systems,TopLine L (2 Door Front Left 18-30 mm thickness) with STB 11 (Screw from top) - Weight 50 kg per door; Max. Door Dimensions: Height 2600 mm & Width 550-1500 mm,9322660,TL L 2 Door Left 18-30 mm Wooden Runner kit,21,HIGH,HS Code: 83024200,,,,Standard,7685.00,INR,HIGH,"Qty: 1, Unit: Set, PU: 1",,
Hettich,Sliding & Folding Systems,TopLine L (2 Door Front Left 18-30 mm thickness) with STB 11 (Screw from top) - Weight 50 kg per door; Max. Door Dimensions: Height 2600 mm & Width 550-1500 mm,9340325,STB 11 Guide kit for 2 Doors,21,HIGH,HS Code: 83024200,,,,Standard,2315.00,INR,HIGH,"Qty: 1, Unit: Set, PU: 1",,
Hettich,Sliding & Folding Systems,TopLine L (2 Door Front Left 18-30 mm thickness) with STB 11 (Screw from top) - Weight 50 kg per door; Max. Door Dimensions: Height 2600 mm & Width 550-1500 mm,9242238,Silent system Soft Closing for 2 door weight upto 50 kg,21,HIGH,HS Code: 83024200,,,,Standard,6000.00,INR,HIGH,"Qty: 1, Unit: Set, PU: 1",,
Hettich,Sliding & Folding Systems,TopLine L (2 Door Front Left 18-30 mm thickness) with STB 11 (Screw from top) - Weight 50 kg per door; Max. Door Dimensions: Height 2600 mm & Width 550-1500 mm,9315516,3000 mm Runner profile and Guide Profile (STB 11 Screw from top),21,HIGH,HS Code: 83024200,,,,Standard,4900.00,INR,HIGH,"Qty: 1, Unit: Set, PU: 2",,
Hettich,Sliding & Folding Systems,TopLine L (2 Door Front Left 18-30 mm thickness) with STB 12 (Screw from front) - Weight 50 kg per door; Max. Door Dimensions: Height 2600 mm & Width 550-1500 mm,9322660,TL L 2 Door Left 18-30 mm Wooden Runner kit,21,HIGH,HS Code: 83024200,,,,Standard,7685.00,INR,HIGH,"Qty: 1, Unit: Set, PU: 1",,
Hettich,Sliding & Folding Systems,TopLine L (2 Door Front Left 18-30 mm thickness) with STB 12 (Screw from front) - Weight 50 kg per door; Max. Door Dimensions: Height 2600 mm & Width 550-1500 mm,9325495,STB 12 Guide kit for 2 Doors,21,HIGH,HS Code: 83024200,,,,Standard,2315.00,INR,HIGH,"Qty: 1, Unit: Set, PU: 1",,
Hettich,Sliding & Folding Systems,TopLine L (2 Door Front Left 18-30 mm thickness) with STB 12 (Screw from front) - Weight 50 kg per door; Max. Door Dimensions: Height 2600 mm & Width 550-1500 mm,9242238,Silent system Soft Closing for 2 door weight upto 50 kg,21,HIGH,HS Code: 83024200,,,,Standard,6000.00,INR,HIGH,"Qty: 1, Unit: Set, PU: 1",,
Hettich,Sliding & Folding Systems,TopLine L (2 Door Front Left 18-30 mm thickness) with STB 12 (Screw from front) - Weight 50 kg per door; Max. Door Dimensions: Height 2600 mm & Width 550-1500 mm,9315199,3000 mm Runner profile and Guide Profile (STB 12 Screw from front),21,HIGH,HS Code: 83024200,,,,Standard,4900.00,INR,HIGH,"Qty: 1, Unit: Set, PU: 2",,
Hettich,Sliding & Folding Systems,TopLine L (2 Door Front Right 18-30 mm thickness) with STB 11 (Screw from bottom) - Weight 50 kg per door; Max. Door Dimensions: Height 2600 mm & Width 550-1500 mm,9322675,TL L 2 Door Right 18-30 mm Wooden Runner kit,21,HIGH,HS Code: 83024200,,,,Standard,7685.00,INR,HIGH,"Qty: 1, Unit: Set, PU: 1",,
Hettich,Sliding & Folding Systems,TopLine L (2 Door Front Right 18-30 mm thickness) with STB 11 (Screw from bottom) - Weight 50 kg per door; Max. Door Dimensions: Height 2600 mm & Width 550-1500 mm,9340325,STB 11 Guide kit for 2 Doors,21,HIGH,HS Code: 83024200,,,,Standard,2315.00,INR,HIGH,"Qty: 1, Unit: Set, PU: 1",,
Hettich,Sliding & Folding Systems,TopLine L (2 Door Front Right 18-30 mm thickness) with STB 11 (Screw from bottom) - Weight 50 kg per door; Max. Door Dimensions: Height 2600 mm & Width 550-1500 mm,9242238,Silent system Soft Closing for 2 door weight upto 50 kg,21,HIGH,HS Code: 83024200,,,,Standard,6000.00,INR,HIGH,"Qty: 1, Unit: Set, PU: 1",,
Hettich,Sliding & Folding Systems,TopLine L (2 Door Front Right 18-30 mm thickness) with STB 11 (Screw from bottom) - Weight 50 kg per door; Max. Door Dimensions: Height 2600 mm & Width 550-1500 mm,9306367,3000 mm Runner profile and Guide Profile (screw from bottom),21,HIGH,HS Code: 83024200,,,,Standard,4900.00,INR,HIGH,"Qty: 1, Unit: Set, PU: 2",,
Hettich,Sliding & Folding Systems,TopLine L (2 Door Front Right 18-30 mm thickness) with STB 11 (Screw from top) - Weight 50 kg per door; Max. Door Dimensions: Height 2600 mm & Width 550-1500 mm,9322675,TL L 2 Door Right 18-30 mm Wooden Runner kit,21,HIGH,HS Code: 83024200,,,,Standard,7685.00,INR,HIGH,"Qty: 1, Unit: Set, PU: 1",,
Hettich,Sliding & Folding Systems,TopLine L (2 Door Front Right 18-30 mm thickness) with STB 11 (Screw from top) - Weight 50 kg per door; Max. Door Dimensions: Height 2600 mm & Width 550-1500 mm,9340325,STB 11 Guide kit for 2 Doors,21,HIGH,HS Code: 83024200,,,,Standard,2315.00,INR,HIGH,"Qty: 1, Unit: Set, PU: 1",,
Hettich,Sliding & Folding Systems,TopLine L (2 Door Front Right 18-30 mm thickness) with STB 11 (Screw from top) - Weight 50 kg per door; Max. Door Dimensions: Height 2600 mm & Width 550-1500 mm,9242238,Silent system Soft Closing for 2 door weight upto 50 kg,21,HIGH,HS Code: 83024200,,,,Standard,6000.00,INR,HIGH,"Qty: 1, Unit: Set, PU: 1",,
Hettich,Sliding & Folding Systems,TopLine L (2 Door Front Right 18-30 mm thickness) with STB 11 (Screw from top) - Weight 50 kg per door; Max. Door Dimensions: Height 2600 mm & Width 550-1500 mm,9315516,3000 mm Runner profile and Guide Profile (STB 11 Screw from top),21,HIGH,HS Code: 83024200,,,,Standard,4900.00,INR,HIGH,"Qty: 1, Unit: Set, PU: 2",,
Hettich,Sliding & Folding Systems,TopLine L (2 Door Front Right 18-30 mm thickness) with STB 12 (Screw from front) - Weight 50 kg per door; Max. Door Dimensions: Height 2600 mm & Width 550-1500 mm,9322675,TL L 2 Door Right 18-30 mm Wooden Runner kit,22,HIGH,HS Code: 83024200,,,,Standard,7685.00,INR,HIGH,"Qty: 1, Unit: Set, PU: 1",,
Hettich,Sliding & Folding Systems,TopLine L (2 Door Front Right 18-30 mm thickness) with STB 12 (Screw from front) - Weight 50 kg per door; Max. Door Dimensions: Height 2600 mm & Width 550-1500 mm,9325495,STB 12 Guide kit for 2 Doors,22,HIGH,HS Code: 83024200,,,,Standard,2315.00,INR,HIGH,"Qty: 1, Unit: Set, PU: 1",,
Hettich,Sliding & Folding Systems,TopLine L (2 Door Front Right 18-30 mm thickness) with STB 12 (Screw from front) - Weight 50 kg per door; Max. Door Dimensions: Height 2600 mm & Width 550-1500 mm,9242238,Silent system Soft Closing for 2 door weight upto 50 kg,22,HIGH,HS Code: 83024200,,,,Standard,6000.00,INR,HIGH,"Qty: 1, Unit: Set, PU: 1",,
Hettich,Sliding & Folding Systems,TopLine L (2 Door Front Right 18-30 mm thickness) with STB 12 (Screw from front) - Weight 50 kg per door; Max. Door Dimensions: Height 2600 mm & Width 550-1500 mm,9315199,3000 mm Runner profile and Guide Profile (STB 12 Screw from front),22,HIGH,HS Code: 83024200,,,,Standard,4900.00,INR,HIGH,"Qty: 1, Unit: Set, PU: 2",,
Hettich,Sliding & Folding Systems,TopLine L (3 Door 18-30 mm thickness) with STB 11 (Screw from bottom) - Weight 50 kg per door; Max. Door Dimensions: Height 2600 mm & Width 550-1500 mm,9322659,TL L 3 Door 18-30 mm Wooden Runner kit,22,HIGH,HS Code: 83024200,,,,Standard,9781.00,INR,HIGH,"Qty: 1, Unit: Set, PU: 1",,
Hettich,Sliding & Folding Systems,TopLine L (3 Door 18-30 mm thickness) with STB 11 (Screw from bottom) - Weight 50 kg per door; Max. Door Dimensions: Height 2600 mm & Width 550-1500 mm,9323046,STB 11 Guide kit for 3 Doors,22,HIGH,HS Code: 83024200,,,,Standard,2519.00,INR,HIGH,"Qty: 1, Unit: Set, PU: 1",,
Hettich,Sliding & Folding Systems,TopLine L (3 Door 18-30 mm thickness) with STB 11 (Screw from bottom) - Weight 50 kg per door; Max. Door Dimensions: Height 2600 mm & Width 550-1500 mm,9242240,Silent system Soft Closing for 3 door weight upto 50 kg,22,HIGH,HS Code: 83024200,,,,Standard,10700.00,INR,HIGH,"Qty: 1, Unit: Set, PU: 1",,
Hettich,Sliding & Folding Systems,TopLine L (3 Door 18-30 mm thickness) with STB 11 (Screw from bottom) - Weight 50 kg per door; Max. Door Dimensions: Height 2600 mm & Width 550-1500 mm,9306367,3000 mm Runner profile and Guide Profile (screw from bottom),22,HIGH,HS Code: 83024200,,,,Standard,4900.00,INR,HIGH,"Qty: 1, Unit: Set, PU: 2",,
Hettich,Sliding & Folding Systems,TopLine L (3 Door 18-30 mm thickness) with STB 11 (Screw from top) - Weight 50 kg per door; Max. Door Dimensions: Height 2600 mm & Width 550-1500 mm,9322659,TL L 3 Door 18-30 mm Wooden Runner kit,22,HIGH,HS Code: 83024200,,,,Standard,9781.00,INR,HIGH,"Qty: 1, Unit: Set, PU: 1",,
Hettich,Sliding & Folding Systems,TopLine L (3 Door 18-30 mm thickness) with STB 11 (Screw from top) - Weight 50 kg per door; Max. Door Dimensions: Height 2600 mm & Width 550-1500 mm,9323046,STB 11 Guide kit for 3 Doors,22,HIGH,HS Code: 83024200,,,,Standard,2519.00,INR,HIGH,"Qty: 1, Unit: Set, PU: 1",,
Hettich,Sliding & Folding Systems,TopLine L (3 Door 18-30 mm thickness) with STB 11 (Screw from top) - Weight 50 kg per door; Max. Door Dimensions: Height 2600 mm & Width 550-1500 mm,9242240,Silent system Soft Closing for 3 door weight upto 50 kg,22,HIGH,HS Code: 83024200,,,,Standard,10700.00,INR,HIGH,"Qty: 1, Unit: Set, PU: 1",,
Hettich,Sliding & Folding Systems,TopLine L (3 Door 18-30 mm thickness) with STB 11 (Screw from top) - Weight 50 kg per door; Max. Door Dimensions: Height 2600 mm & Width 550-1500 mm,9315516,3000 mm Runner profile and Guide Profile (STB 11 Screw from top),22,HIGH,HS Code: 83024200,,,,Standard,4900.00,INR,HIGH,"Qty: 1, Unit: Set, PU: 2",,
Hettich,Sliding & Folding Systems,TopLine L (3 Door 18-30 mm thickness) with STB 12 (Screw from front) - Weight 50 kg per door; Max. Door Dimensions: Height 2600 mm & Width 550-1500 mm,9322659,TL L 3 Door 18-30 mm Wooden Runner kit,22,HIGH,HS Code: 83024200,,,,Standard,9781.00,INR,HIGH,"Qty: 1, Unit: Set, PU: 1",,
Hettich,Sliding & Folding Systems,TopLine L (3 Door 18-30 mm thickness) with STB 12 (Screw from front) - Weight 50 kg per door; Max. Door Dimensions: Height 2600 mm & Width 550-1500 mm,45083,STB 12 Guide kit for 3 Doors,22,HIGH,HS Code: 83024200,,,,Standard,2583.00,INR,HIGH,"Qty: 1, Unit: Set, PU: 1",,
Hettich,Sliding & Folding Systems,TopLine L (3 Door 18-30 mm thickness) with STB 12 (Screw from front) - Weight 50 kg per door; Max. Door Dimensions: Height 2600 mm & Width 550-1500 mm,9242240,Silent system Soft Closing for 3 door weight upto 50 kg,22,HIGH,HS Code: 83024200,,,,Standard,10700.00,INR,HIGH,"Qty: 1, Unit: Set, PU: 1",,
Hettich,Sliding & Folding Systems,TopLine L (3 Door 18-30 mm thickness) with STB 12 (Screw from front) - Weight 50 kg per door; Max. Door Dimensions: Height 2600 mm & Width 550-1500 mm,9315199,3000 mm Runner profile and Guide Profile (STB 12 Screw from front),22,HIGH,HS Code: 83024200,,,,Standard,4900.00,INR,HIGH,"Qty: 1, Unit: Set, PU: 2",,
Hettich,Sliding & Folding Systems,TopLine L (2 Door Front Left 18-30 mm thickness) with STB 11 (Screw from bottom) - Weight 50 kg per door; Max. Door Dimensions: Height 2600 mm & Width 550-1500 mm [Aluminium Door 55mm Frame],9322696,TL L 2 Door Left 18-30 mm Aluminium runner kit,22,HIGH,HS Code: 83024200,,,,Standard,10615.00,INR,HIGH,"Qty: 1, Unit: Set, PU: 1",,
Hettich,Sliding & Folding Systems,TopLine L (2 Door Front Left 18-30 mm thickness) with STB 11 (Screw from bottom) - Weight 50 kg per door; Max. Door Dimensions: Height 2600 mm & Width 550-1500 mm [Aluminium Door 55mm Frame],9340325,STB 11 Guide kit for 2 Doors,22,HIGH,HS Code: 83024200,,,,Standard,2315.00,INR,HIGH,"Qty: 1, Unit: Set, PU: 1",,
Hettich,Sliding & Folding Systems,TopLine L (2 Door Front Left 18-30 mm thickness) with STB 11 (Screw from bottom) - Weight 50 kg per door; Max. Door Dimensions: Height 2600 mm & Width 550-1500 mm [Aluminium Door 55mm Frame],9242238,Silent system Soft Closing for 2 door weight upto 50 kg,22,HIGH,HS Code: 83024200,,,,Standard,6000.00,INR,HIGH,"Qty: 1, Unit: Set, PU: 1",,
Hettich,Sliding & Folding Systems,TopLine L (2 Door Front Left 18-30 mm thickness) with STB 11 (Screw from bottom) - Weight 50 kg per door; Max. Door Dimensions: Height 2600 mm & Width 550-1500 mm [Aluminium Door 55mm Frame],9306367,3000 mm Runner profile and Guide Profile (screw from bottom),22,HIGH,HS Code: 83024200,,,,Standard,4900.00,INR,HIGH,"Qty: 1, Unit: Set, PU: 2",,
Hettich,Sliding & Folding Systems,TopLine L (With Wooden Door Thickness 18-30 mm) - Alternative Code footnote,9340124,Alternative Code for 9323046 - STB 11 Set 3-Doors (footnote),22,LOW,,,,,Standard,4400.00,INR,LOW,,,
Hettich,Sliding & Folding Systems,TopLine L (2 Door Front Left 18-30 mm thickness) with STB 11 (Screw from top) - Weight 50 kg per door; Max. Door Dimensions: Height 2600 mm & Width 550-1500 mm [Aluminium Door 55mm Frame],9322696,TL L 2 Door Left 18-30 mm Aluminium runner kit,23,HIGH,HS Code: 83024200,,,,Standard,10615.00,INR,HIGH,"Qty: 1, Unit: Set, PU: 1",,
Hettich,Sliding & Folding Systems,TopLine L (2 Door Front Left 18-30 mm thickness) with STB 11 (Screw from top) - Weight 50 kg per door; Max. Door Dimensions: Height 2600 mm & Width 550-1500 mm [Aluminium Door 55mm Frame],9340325,STB 11 Guide kit for 2 Doors,23,HIGH,HS Code: 83024200,,,,Standard,2315.00,INR,HIGH,"Qty: 1, Unit: Set, PU: 1",,
Hettich,Sliding & Folding Systems,TopLine L (2 Door Front Left 18-30 mm thickness) with STB 11 (Screw from top) - Weight 50 kg per door; Max. Door Dimensions: Height 2600 mm & Width 550-1500 mm [Aluminium Door 55mm Frame],9242238,Silent system Soft Closing for 2 door weight upto 50 kg,23,HIGH,HS Code: 83024200,,,,Standard,6000.00,INR,HIGH,"Qty: 1, Unit: Set, PU: 1",,
Hettich,Sliding & Folding Systems,TopLine L (2 Door Front Left 18-30 mm thickness) with STB 11 (Screw from top) - Weight 50 kg per door; Max. Door Dimensions: Height 2600 mm & Width 550-1500 mm [Aluminium Door 55mm Frame],9315516,3000 mm Runner profile and Guide Profile (STB 11 Screw from top),23,HIGH,HS Code: 83024200,,,,Standard,4900.00,INR,HIGH,"Qty: 1, Unit: Set, PU: 2",,
Hettich,Sliding & Folding Systems,TopLine L (2 Door Front Left 18-30 mm thickness) with STB 12 (Screw from front) - Weight 50 kg per door; Max. Door Dimensions: Height 2600 mm & Width 550-1500 mm [Aluminium Door 55mm Frame],9322696,TL L 2 Door Left 18-30 mm Aluminium runner kit,23,HIGH,HS Code: 83024200,,,,Standard,10615.00,INR,HIGH,"Qty: 1, Unit: Set, PU: 1",,
Hettich,Sliding & Folding Systems,TopLine L (2 Door Front Left 18-30 mm thickness) with STB 12 (Screw from front) - Weight 50 kg per door; Max. Door Dimensions: Height 2600 mm & Width 550-1500 mm [Aluminium Door 55mm Frame],9325495,STB 12 Guide kit for 2 Doors,23,HIGH,HS Code: 83024200,,,,Standard,2315.00,INR,HIGH,"Qty: 1, Unit: Set, PU: 1",,
Hettich,Sliding & Folding Systems,TopLine L (2 Door Front Left 18-30 mm thickness) with STB 12 (Screw from front) - Weight 50 kg per door; Max. Door Dimensions: Height 2600 mm & Width 550-1500 mm [Aluminium Door 55mm Frame],9242238,Silent system Soft Closing for 2 door weight upto 50 kg,23,HIGH,HS Code: 83024200,,,,Standard,6000.00,INR,HIGH,"Qty: 1, Unit: Set, PU: 1",,
Hettich,Sliding & Folding Systems,TopLine L (2 Door Front Left 18-30 mm thickness) with STB 12 (Screw from front) - Weight 50 kg per door; Max. Door Dimensions: Height 2600 mm & Width 550-1500 mm [Aluminium Door 55mm Frame],9315199,3000 mm Runner profile and Guide Profile (STB 12 Screw from front),23,HIGH,HS Code: 83024200,,,,Standard,4900.00,INR,HIGH,"Qty: 1, Unit: Set, PU: 2",,
Hettich,Sliding & Folding Systems,TopLine L (2 Door Front Right 18-30 mm thickness) with STB 11 (Screw from bottom) - Weight 50 kg per door; Max. Door Dimensions: Height 2600 mm & Width 550-1500 mm [Aluminium Door 55mm Frame],9322694,TL L 2 Door Right 18-30 mm Aluminium runner kit,23,HIGH,HS Code: 83024200,,,,Standard,10615.00,INR,HIGH,"Qty: 1, Unit: Set, PU: 1",,
Hettich,Sliding & Folding Systems,TopLine L (2 Door Front Right 18-30 mm thickness) with STB 11 (Screw from bottom) - Weight 50 kg per door; Max. Door Dimensions: Height 2600 mm & Width 550-1500 mm [Aluminium Door 55mm Frame],9340325,STB 11 Guide kit for 2 Doors,23,HIGH,HS Code: 83024200,,,,Standard,2315.00,INR,HIGH,"Qty: 1, Unit: Set, PU: 1",,
Hettich,Sliding & Folding Systems,TopLine L (2 Door Front Right 18-30 mm thickness) with STB 11 (Screw from bottom) - Weight 50 kg per door; Max. Door Dimensions: Height 2600 mm & Width 550-1500 mm [Aluminium Door 55mm Frame],9242238,Silent system Soft Closing for 2 door weight upto 50 kg,23,HIGH,HS Code: 83024200,,,,Standard,6000.00,INR,HIGH,"Qty: 1, Unit: Set, PU: 1",,
Hettich,Sliding & Folding Systems,TopLine L (2 Door Front Right 18-30 mm thickness) with STB 11 (Screw from bottom) - Weight 50 kg per door; Max. Door Dimensions: Height 2600 mm & Width 550-1500 mm [Aluminium Door 55mm Frame],9306367,3000 mm Runner profile and Guide Profile (screw from bottom),23,HIGH,HS Code: 83024200,,,,Standard,4900.00,INR,HIGH,"Qty: 1, Unit: Set, PU: 2",,
Hettich,Sliding & Folding Systems,TopLine L (2 Door Front Right 18-30 mm thickness) with STB 11 (Screw from top) - Weight 50 kg per door; Max. Door Dimensions: Height 2600 mm & Width 550-1500 mm [Aluminium Door 55mm Frame],9322694,TL L 2 Door Right 18-30 mm Aluminium runner kit,23,HIGH,HS Code: 83024200,,,,Standard,10615.00,INR,HIGH,"Qty: 1, Unit: Set, PU: 1",,
Hettich,Sliding & Folding Systems,TopLine L (2 Door Front Right 18-30 mm thickness) with STB 11 (Screw from top) - Weight 50 kg per door; Max. Door Dimensions: Height 2600 mm & Width 550-1500 mm [Aluminium Door 55mm Frame],9340325,STB 11 Guide kit for 2 Doors,23,HIGH,HS Code: 83024200,,,,Standard,2315.00,INR,HIGH,"Qty: 1, Unit: Set, PU: 1",,
Hettich,Sliding & Folding Systems,TopLine L (2 Door Front Right 18-30 mm thickness) with STB 11 (Screw from top) - Weight 50 kg per door; Max. Door Dimensions: Height 2600 mm & Width 550-1500 mm [Aluminium Door 55mm Frame],9242238,Silent system Soft Closing for 2 door weight upto 50 kg,23,HIGH,HS Code: 83024200,,,,Standard,6000.00,INR,HIGH,"Qty: 1, Unit: Set, PU: 1",,
Hettich,Sliding & Folding Systems,TopLine L (2 Door Front Right 18-30 mm thickness) with STB 11 (Screw from top) - Weight 50 kg per door; Max. Door Dimensions: Height 2600 mm & Width 550-1500 mm [Aluminium Door 55mm Frame],9315516,3000 mm Runner profile and Guide Profile (STB 11 Screw from top),23,HIGH,HS Code: 83024200,,,,Standard,4900.00,INR,HIGH,"Qty: 1, Unit: Set, PU: 2",,
Hettich,Sliding & Folding Systems,TopLine L (2 Door Front Right 18-30 mm thickness) with STB 12 (Screw from front) - Weight 50 kg per door; Max. Door Dimensions: Height 2600 mm & Width 550-1500 mm [Aluminium Door 55mm Frame],9322694,TL L 2 Door Right 18-30 mm Aluminium runner kit,23,HIGH,HS Code: 83024200,,,,Standard,10615.00,INR,HIGH,"Qty: 1, Unit: Set, PU: 1",,
Hettich,Sliding & Folding Systems,TopLine L (2 Door Front Right 18-30 mm thickness) with STB 12 (Screw from front) - Weight 50 kg per door; Max. Door Dimensions: Height 2600 mm & Width 550-1500 mm [Aluminium Door 55mm Frame],9325495,STB 12 Guide kit for 2 Doors,23,HIGH,HS Code: 83024200,,,,Standard,2315.00,INR,HIGH,"Qty: 1, Unit: Set, PU: 1",,
Hettich,Sliding & Folding Systems,TopLine L (2 Door Front Right 18-30 mm thickness) with STB 12 (Screw from front) - Weight 50 kg per door; Max. Door Dimensions: Height 2600 mm & Width 550-1500 mm [Aluminium Door 55mm Frame],9242238,Silent system Soft Closing for 2 door weight upto 50 kg,23,HIGH,HS Code: 83024200,,,,Standard,6000.00,INR,HIGH,"Qty: 1, Unit: Set, PU: 1",,
Hettich,Sliding & Folding Systems,TopLine L (2 Door Front Right 18-30 mm thickness) with STB 12 (Screw from front) - Weight 50 kg per door; Max. Door Dimensions: Height 2600 mm & Width 550-1500 mm [Aluminium Door 55mm Frame],9315199,3000 mm Runner profile and Guide Profile (STB 12 Screw from front),23,HIGH,HS Code: 83024200,,,,Standard,4900.00,INR,HIGH,"Qty: 1, Unit: Set, PU: 2",,
Hettich,Sliding & Folding Systems,TopLine L (3 Door 18-30 mm thickness) with STB 11 (Screw from bottom) - Weight 50 kg per door; Max. Door Dimensions: Height 2600 mm & Width 550-1500 mm [Aluminium Door 55mm Frame],9322697,TL L 3 Door 18-30 mm Aluminium runner kit,24,HIGH,HS Code: 83024200,,,,Standard,14801.00,INR,HIGH,"Qty: 1, Unit: Set, PU: 1",,
Hettich,Sliding & Folding Systems,TopLine L (3 Door 18-30 mm thickness) with STB 11 (Screw from bottom) - Weight 50 kg per door; Max. Door Dimensions: Height 2600 mm & Width 550-1500 mm [Aluminium Door 55mm Frame],9323046,STB 11 Guide kit for 3 Doors,24,HIGH,HS Code: 83024200,,,,Standard,2519.00,INR,HIGH,"Qty: 1, Unit: Set, PU: 1",,
Hettich,Sliding & Folding Systems,TopLine L (3 Door 18-30 mm thickness) with STB 11 (Screw from bottom) - Weight 50 kg per door; Max. Door Dimensions: Height 2600 mm & Width 550-1500 mm [Aluminium Door 55mm Frame],9242240,Silent system Soft Closing for 3 door weight upto 50 kg,24,HIGH,HS Code: 83024200,,,,Standard,10700.00,INR,HIGH,"Qty: 1, Unit: Set, PU: 1",,
Hettich,Sliding & Folding Systems,TopLine L (3 Door 18-30 mm thickness) with STB 11 (Screw from bottom) - Weight 50 kg per door; Max. Door Dimensions: Height 2600 mm & Width 550-1500 mm [Aluminium Door 55mm Frame],9306367,3000 mm Runner profile and Guide Profile (screw from bottom),24,HIGH,HS Code: 83024200,,,,Standard,4900.00,INR,HIGH,"Qty: 1, Unit: Set, PU: 2",,
Hettich,Sliding & Folding Systems,TopLine L (3 Door 18-30 mm thickness) with STB 11 (Screw from top) - Weight 50 kg per door; Max. Door Dimensions: Height 2600 mm & Width 550-1500 mm [Aluminium Door 55mm Frame],9322697,TL L 3 Door 18-30 mm Aluminium runner kit,24,HIGH,HS Code: 83024200,,,,Standard,14801.00,INR,HIGH,"Qty: 1, Unit: Set, PU: 1",,
Hettich,Sliding & Folding Systems,TopLine L (3 Door 18-30 mm thickness) with STB 11 (Screw from top) - Weight 50 kg per door; Max. Door Dimensions: Height 2600 mm & Width 550-1500 mm [Aluminium Door 55mm Frame],9323046,STB 11 Guide kit for 3 Doors,24,HIGH,HS Code: 83024200,,,,Standard,2519.00,INR,HIGH,"Qty: 1, Unit: Set, PU: 1",,
Hettich,Sliding & Folding Systems,TopLine L (3 Door 18-30 mm thickness) with STB 11 (Screw from top) - Weight 50 kg per door; Max. Door Dimensions: Height 2600 mm & Width 550-1500 mm [Aluminium Door 55mm Frame],9242240,Silent system Soft Closing for 3 door weight upto 50 kg,24,HIGH,HS Code: 83024200,,,,Standard,10700.00,INR,HIGH,"Qty: 1, Unit: Set, PU: 1",,
Hettich,Sliding & Folding Systems,TopLine L (3 Door 18-30 mm thickness) with STB 11 (Screw from top) - Weight 50 kg per door; Max. Door Dimensions: Height 2600 mm & Width 550-1500 mm [Aluminium Door 55mm Frame],9315516,3000 mm Runner profile and Guide Profile (STB 12 Screw from front),24,LOW,,,,,Standard,4900.00,INR,LOW,,,
Hettich,Sliding & Folding Systems,TopLine L (3 Door 18-30 mm thickness) with STB 12 (Screw from front) - Weight 50 kg per door; Max. Door Dimensions: Height 2600 mm & Width 550-1500 mm [Aluminium Door 55mm Frame],9322697,TL L 3 Door 18-30 mm Aluminium runner kit,24,HIGH,HS Code: 83024200,,,,Standard,14801.00,INR,HIGH,"Qty: 1, Unit: Set, PU: 1",,
Hettich,Sliding & Folding Systems,TopLine L (3 Door 18-30 mm thickness) with STB 12 (Screw from front) - Weight 50 kg per door; Max. Door Dimensions: Height 2600 mm & Width 550-1500 mm [Aluminium Door 55mm Frame],45083,STB 12 Guide kit for 3 Doors,24,HIGH,HS Code: 83024200,,,,Standard,2583.00,INR,HIGH,"Qty: 1, Unit: Set, PU: 1",,
Hettich,Sliding & Folding Systems,TopLine L (3 Door 18-30 mm thickness) with STB 12 (Screw from front) - Weight 50 kg per door; Max. Door Dimensions: Height 2600 mm & Width 550-1500 mm [Aluminium Door 55mm Frame],9242240,Silent system Soft Closing for 3 door weight upto 50 kg,24,HIGH,HS Code: 83024200,,,,Standard,10700.00,INR,HIGH,"Qty: 1, Unit: Set, PU: 1",,
Hettich,Sliding & Folding Systems,TopLine L (3 Door 18-30 mm thickness) with STB 12 (Screw from front) - Weight 50 kg per door; Max. Door Dimensions: Height 2600 mm & Width 550-1500 mm [Aluminium Door 55mm Frame],9315199,3000 mm Runner profile and Guide Profile (STB 12 Screw from front),24,HIGH,HS Code: 83024200,,,,Standard,4900.00,INR,HIGH,"Qty: 1, Unit: Set, PU: 2",,
Hettich,Sliding & Folding Systems,TopLine L: 2 Door Right for Wooden Doors 35-50 mm thickness - Weight 50 kg per door; Max. Door Dimensions: Height 2600 mm & Width 550-1500 mm,9242715,"2 Door right - Runner Set, Guide set & Fixing material for Door thickness of 35-50 for door weight upto 50 kg",24,HIGH,HS Code: 83024200,,,,Standard,10300.00,INR,HIGH,"Qty: 1, Unit: Set, PU: 1",,
Hettich,Sliding & Folding Systems,TopLine L: 2 Door Right for Wooden Doors 35-50 mm thickness - Weight 50 kg per door; Max. Door Dimensions: Height 2600 mm & Width 550-1500 mm,9242238,Silent system Soft Closing for 2 door weight upto 50 kg,24,HIGH,HS Code: 83024200,,,,Standard,6000.00,INR,HIGH,"Qty: 1, Unit: Set, PU: 1",,
Hettich,Sliding & Folding Systems,TopLine L: 2 Door Right for Wooden Doors 35-50 mm thickness - Weight 50 kg per door; Max. Door Dimensions: Height 2600 mm & Width 550-1500 mm,9306367,3000 mm Runner profile and Guide Profile (screw from bottom),24,HIGH,HS Code: 83024200,,,,Standard,4900.00,INR,HIGH,"Qty: 1, Unit: Set, PU: 2",,
Hettich,Sliding & Folding Systems,TopLine L: 2 Door Left for Wooden Doors 35-50 mm thickness - Weight 50 kg per door; Max. Door Dimensions: Height 2600 mm & Width 550-1500 mm,9242714,"2 Door left - Runner Set, Guide set & Fixing material for Door thickness of 35-50 for door weight upto 50 kg",24,HIGH,HS Code: 83024200,,,,Standard,10300.00,INR,HIGH,"Qty: 1, Unit: Set, PU: 1",,
Hettich,Sliding & Folding Systems,TopLine L: 2 Door Left for Wooden Doors 35-50 mm thickness - Weight 50 kg per door; Max. Door Dimensions: Height 2600 mm & Width 550-1500 mm,9242238,Silent system Soft Closing for 2 door weight upto 50 kg,24,HIGH,HS Code: 83024200,,,,Standard,6000.00,INR,HIGH,"Qty: 1, Unit: Set, PU: 1",,
Hettich,Sliding & Folding Systems,TopLine L: 2 Door Left for Wooden Doors 35-50 mm thickness - Weight 50 kg per door; Max. Door Dimensions: Height 2600 mm & Width 550-1500 mm,9306367,3000 mm Runner profile and Guide Profile (screw from bottom),24,HIGH,HS Code: 83024200,,,,Standard,4900.00,INR,HIGH,"Qty: 1, Unit: Set, PU: 2",,
Hettich,Sliding & Folding Systems,TopLine L: 3 Door for Wooden Doors 35-50 mm thickness - Weight 50 kg per door; Max. Door Dimensions: Height 2600 mm & Width 550-1500 mm,9242718,"3 Door Runner Set, Guide set & Fixing material for Door thickness of 35-50 mm for door weight upto 50 kg",25,HIGH,HS Code: 83024200,,,,Standard,12600.00,INR,HIGH,"Qty: 1, Unit: Set, PU: 1",,
Hettich,Sliding & Folding Systems,TopLine L: 3 Door for Wooden Doors 35-50 mm thickness - Weight 50 kg per door; Max. Door Dimensions: Height 2600 mm & Width 550-1500 mm,9242240,Silent system Soft Closing for 3 door weight upto 50 kg,25,HIGH,HS Code: 83024200,,,,Standard,10700.00,INR,HIGH,"Qty: 1, Unit: Set, PU: 1",,
Hettich,Sliding & Folding Systems,TopLine L: 3 Door for Wooden Doors 35-50 mm thickness - Weight 50 kg per door; Max. Door Dimensions: Height 2600 mm & Width 550-1500 mm,9306367,3000 mm Runner profile and Guide Profile (screw from bottom),25,HIGH,HS Code: 83024200,,,,Standard,4900.00,INR,HIGH,"Qty: 1, Unit: Set, PU: 2",,
Hettich,Sliding & Folding Systems,TopLine L: 2 Door Right for Wooden Doors 35-50 mm thickness (STB 11 Screw from top variant) - Weight 50 kg per door; Max. Door Dimensions: Height 2600 mm & Width 550-1500 mm,9242715,"2 Door right - Runner Set, Guide set & Fixing material for Door thickness of 35-50 for door weight upto 50 kg",25,HIGH,HS Code: 83024200,,,,Standard,10300.00,INR,HIGH,"Qty: 1, Unit: Set, PU: 1",,
Hettich,Sliding & Folding Systems,TopLine L: 2 Door Right for Wooden Doors 35-50 mm thickness (STB 11 Screw from top variant) - Weight 50 kg per door; Max. Door Dimensions: Height 2600 mm & Width 550-1500 mm,9242238,Silent system Soft Closing for 2 door weight upto 50 kg,25,HIGH,HS Code: 83024200,,,,Standard,6000.00,INR,HIGH,"Qty: 1, Unit: Set, PU: 1",,
Hettich,Sliding & Folding Systems,TopLine L: 2 Door Right for Wooden Doors 35-50 mm thickness (STB 11 Screw from top variant) - Weight 50 kg per door; Max. Door Dimensions: Height 2600 mm & Width 550-1500 mm,9315516,3000 mm Runner profile and Guide Profile (STB 11 Screw from top),25,HIGH,HS Code: 83024200,,,,Standard,4900.00,INR,HIGH,"Qty: 1, Unit: Set, PU: 2",,
Hettich,Sliding & Folding Systems,TopLine L: 2 Door Left for Wooden Doors 35-50 mm thickness (STB 11 Screw from top variant) - Weight 50 kg per door; Max. Door Dimensions: Height 2600 mm & Width 550-1500 mm,9242714,"2 Door left - Runner Set, Guide set & Fixing material for Door thickness of 35-50 for door weight upto 50 kg",25,HIGH,HS Code: 83024200,,,,Standard,10300.00,INR,HIGH,"Qty: 1, Unit: Set, PU: 1",,
Hettich,Sliding & Folding Systems,TopLine L: 2 Door Left for Wooden Doors 35-50 mm thickness (STB 11 Screw from top variant) - Weight 50 kg per door; Max. Door Dimensions: Height 2600 mm & Width 550-1500 mm,9242238,Silent system Soft Closing for 2 door weight upto 50 kg,25,HIGH,HS Code: 83024200,,,,Standard,6000.00,INR,HIGH,"Qty: 1, Unit: Set, PU: 1",,
Hettich,Sliding & Folding Systems,TopLine L: 2 Door Left for Wooden Doors 35-50 mm thickness (STB 11 Screw from top variant) - Weight 50 kg per door; Max. Door Dimensions: Height 2600 mm & Width 550-1500 mm,9315516,3000 mm Runner profile and Guide Profile (STB 11 Screw from top),25,HIGH,HS Code: 83024200,,,,Standard,4900.00,INR,HIGH,"Qty: 1, Unit: Set, PU: 2",,
Hettich,Sliding & Folding Systems,TopLine L: 3 Door for Wooden Doors 35-50 mm thickness (STB 11 Screw from top variant) - Weight 50 kg per door; Max. Door Dimensions: Height 2600 mm & Width 550-1500 mm,9242718,"3 Door Runner Set, Guide set & Fixing material for Door thickness of 35-50 mm for door weight upto 50 kg",25,HIGH,HS Code: 83024200,,,,Standard,12600.00,INR,HIGH,"Qty: 1, Unit: Set, PU: 1",,
Hettich,Sliding & Folding Systems,TopLine L: 3 Door for Wooden Doors 35-50 mm thickness (STB 11 Screw from top variant) - Weight 50 kg per door; Max. Door Dimensions: Height 2600 mm & Width 550-1500 mm,9242240,Silent system Soft Closing for 3 door weight upto 50 kg,25,HIGH,HS Code: 83024200,,,,Standard,10700.00,INR,HIGH,"Qty: 1, Unit: Set, PU: 1",,
Hettich,Sliding & Folding Systems,TopLine L: 3 Door for Wooden Doors 35-50 mm thickness (STB 11 Screw from top variant) - Weight 50 kg per door; Max. Door Dimensions: Height 2600 mm & Width 550-1500 mm,9315516,3000 mm Runner profile and Guide Profile (STB 11 Screw from top),25,HIGH,HS Code: 83024200,,,,Standard,4900.00,INR,HIGH,"Qty: 1, Unit: Set, PU: 2",,
Hettich,Sliding & Folding Systems,"TopLine L: Silent System Soft Opening, Soft Colliding & Cover Profile",9242227,Silent system Soft opening for 2 door weight upto 50 kg,25,HIGH,HS Code: 83024200,,,,Standard,6000.00,INR,HIGH,"Qty: 1, Unit: Set, PU: 1",,
Hettich,Sliding & Folding Systems,"TopLine L: Silent System Soft Opening, Soft Colliding & Cover Profile",9242228,Silent system Soft opening for 3 door weight upto 50 kg,25,HIGH,HS Code: 83024200,,,,Standard,10700.00,INR,HIGH,"Qty: 1, Unit: Set, PU: 1",,
Hettich,Sliding & Folding Systems,"TopLine L: Silent System Soft Opening, Soft Colliding & Cover Profile",9254630,Soft colliding for the rear most doors of 3 door sliding door cabinets,25,HIGH,HS Code: 83024200,,,,Standard,1370.00,INR,HIGH,"Qty: 1, Unit: Set, PU: 1",,
Hettich,Sliding & Folding Systems,"TopLine L: Silent System Soft Opening, Soft Colliding & Cover Profile",9277167,4000 mm Runner profile and Guide Profile,25,HIGH,HS Code: 83024200,,,,Standard,17012.00,INR,HIGH,"Qty: 1, Unit: Set, PU: 1",,
Hettich,Sliding & Folding Systems,"TopLine L: Silent System Soft Opening, Soft Colliding & Cover Profile",9277440,Cover Profile 1500 mm Grey Finish,25,HIGH,HS Code: 39169090,,,,Standard,800.00,INR,HIGH,"Qty: 1, Unit: Pc, PU: 1",,
Hettich,Sliding & Folding Systems,TopLine L Profiles,9361096,3000 mm Runner Profile and Guide Profile (screw from bottom) - Black,25,HIGH,HS Code: 76042990,,,,Standard,6125.00,INR,HIGH,"Qty: 1, Unit: Set, PU: 2",,
Hettich,Sliding & Folding Systems,TopLine L Profiles,9361097,3000 mm Runner Profile and Guide Profile (STB 11 Screw from top) - Black,25,HIGH,HS Code: 76042990,,,,Standard,6125.00,INR,HIGH,"Qty: 1, Unit: Set, PU: 2",,
Hettich,Sliding & Folding Systems,TopLine L Profiles,9361095,3000 mm Runner Profile and Guide Profile (STB 12 Screw from front) - Black,25,HIGH,HS Code: 76042990,,,,Standard,6125.00,INR,HIGH,"Qty: 1, Unit: Set, PU: 2",,
Hettich,Sliding & Folding Systems,TopLine 110: 2 Door for Wooden & Aluminium Profile Doors - Weight 20 kg per door; Max Door Dimensions: Height 2000 mm & Width 500-1500 mm,9040230,Aluminium Runner Profile 3000 mm for gluing in,26,HIGH,HS Code: 76042990,,,,Standard,2140.00,INR,HIGH,"Qty: 1, Unit: Pc, PU: 1",,
Hettich,Sliding & Folding Systems,TopLine 110: 2 Door for Wooden & Aluminium Profile Doors - Weight 20 kg per door; Max Door Dimensions: Height 2000 mm & Width 500-1500 mm,45317,TopLine 110 Set for 2 Door Cabinet (for 16-19 mm door thickness),26,HIGH,HS Code: 83024200,,,,Standard,3450.00,INR,HIGH,"Qty: 1, Unit: Set, PU: 1",,
Hettich,Sliding & Folding Systems,TopLine 1: 2 Door for Wooden Doors with STB 11 - Weight 50 kg per door; Max Door Dimensions: Height 1500-2500 mm & Width 500-2000 mm,45076,Top Door Runner Set for 2 Doors,26,HIGH,Code kept as the Article No.,,,,Standard,3370.00,INR,HIGH,Code kept as the Article No.,,
Hettich,Sliding & Folding Systems,TopLine 1: 2 Door for Wooden Doors with STB 11 - Weight 50 kg per door; Max Door Dimensions: Height 1500-2500 mm & Width 500-2000 mm,9288833,Aluminium Runner Profile 3000 mm,26,HIGH,HS Code: 76042990,,,,Standard,2861.00,INR,HIGH,"Qty: 1, Unit: Pc, PU: 4",,
Hettich,Sliding & Folding Systems,TopLine 1: 2 Door for Wooden Doors with STB 11 - Weight 50 kg per door; Max Door Dimensions: Height 1500-2500 mm & Width 500-2000 mm,9288836,STB 11 Aluminium Guide profile 3000 mm,26,HIGH,HS Code: 76042990,,,,Standard,2276.00,INR,HIGH,"Qty: 1, Unit: Pc, PU: 4",,
Hettich,Sliding & Folding Systems,TopLine 1: 2 Door for Wooden Doors with STB 11 - Weight 50 kg per door; Max Door Dimensions: Height 1500-2500 mm & Width 500-2000 mm,45080,STB 11 Guide Set for 2-Doors,26,HIGH,HS Code: 83024200,,,,Standard,2315.00,INR,HIGH,"Qty: 1, Unit: Set, PU: 1",,
Hettich,Sliding & Folding Systems,TopLine 1: 2 Door for Wooden Doors with STB 12 - Weight 50 kg per door; Max Door Dimensions: Height 1500-2500 mm & Width 500-2000 mm,45076,Top Door Runner Set for 2 Doors,26,HIGH,Code kept as the Article No.,,,,Standard,3370.00,INR,HIGH,Code kept as the Article No.,,
Hettich,Sliding & Folding Systems,TopLine 1: 2 Door for Wooden Doors with STB 12 - Weight 50 kg per door; Max Door Dimensions: Height 1500-2500 mm & Width 500-2000 mm,9288833,Aluminium Runner Profile 3000 mm,26,HIGH,HS Code: 76042990,,,,Standard,2861.00,INR,HIGH,"Qty: 1, Unit: Pc, PU: 4",,
Hettich,Sliding & Folding Systems,TopLine 1: 2 Door for Wooden Doors with STB 12 - Weight 50 kg per door; Max Door Dimensions: Height 1500-2500 mm & Width 500-2000 mm,9288835,STB 12 Aluminium Guide profile 3000 mm,26,HIGH,HS Code: 76042990,,,,Standard,2276.00,INR,HIGH,"Qty: 1, Unit: Pc, PU: 4",,
Hettich,Sliding & Folding Systems,TopLine 1: 2 Door for Wooden Doors with STB 12 - Weight 50 kg per door; Max Door Dimensions: Height 1500-2500 mm & Width 500-2000 mm,9325495,STB 12 Guide Set for 2-Doors,26,HIGH,HS Code: 83024200,,,,Standard,2315.00,INR,HIGH,"Qty: 1, Unit: Set, PU: 1",,
Hettich,Sliding & Folding Systems,TopLine 1: 2 Door for Wooden Doors with STB 35 - Weight 50 kg per door; Max Door Dimensions : Height 1500-2500 mm & Width 500-2000 mm,45076,Top Door Runner Set for 2 Doors,26,HIGH,Code kept as the Article No.,,,,Standard,3370.00,INR,HIGH,Code kept as the Article No.,,
Hettich,Sliding & Folding Systems,TopLine 1: 2 Door for Wooden Doors with STB 35 - Weight 50 kg per door; Max Door Dimensions : Height 1500-2500 mm & Width 500-2000 mm,9288833,Aluminium Runner Profile 3000 mm,26,HIGH,HS Code: 76042990,,,,Standard,2861.00,INR,HIGH,"Qty: 1, Unit: Pc, PU: 4",,
Hettich,Sliding & Folding Systems,TopLine 1: 2 Door for Wooden Doors with STB 35 - Weight 50 kg per door; Max Door Dimensions : Height 1500-2500 mm & Width 500-2000 mm,9288829,STB 35 plastic guide profile 3500 mm,26,HIGH,HS Code: 39169090,,,,Standard,442.00,INR,HIGH,"Qty: 2, Unit: Pc, PU: 25",,
Hettich,Sliding & Folding Systems,TopLine 1: 2 Door for Wooden Doors with STB 35 - Weight 50 kg per door; Max Door Dimensions : Height 1500-2500 mm & Width 500-2000 mm,25119,STB 35 Guide Set for 2-Doors,26,HIGH,HS Code: 39263000,,,,Standard,57.00,INR,HIGH,"Qty: 2, Unit: Set, PU: 100",,
Hettich,Sliding & Folding Systems,SlideLine M: 1 Door for Wooden & Aluminium framed Doors - Weight 30 kg per door; Max Door Dimensions: Height 2000 mm & Width 300-1800 mm,9156338,Set fitting SlideLine M with Silent system for Wooden & 55 mm Alu. Profile Doors (Min. Width 450 mm; Weight Max. 30kg; Self Thickness 16-25 mm),27,HIGH,HS Code: 83024200,,,,Standard,10710.00,INR,HIGH,"Qty: 1, Unit: Set, PU: 1",,
Hettich,Sliding & Folding Systems,SlideLine M: 1 Door for Wooden & Aluminium framed Doors - Weight 30 kg per door; Max Door Dimensions: Height 2000 mm & Width 300-1800 mm,9209225,Profile Set SL-M 18/2500 mm 1 Profile,27,HIGH,HS Code: 76042990,,,,Standard,6811.00,INR,HIGH,"Qty: 1, Unit: Set, PU: 1",,
Hettich,Sliding & Folding Systems,SlideLine M: 1 Door for Wooden & Aluminium framed Doors - Weight 30 kg per door; Max Door Dimensions: Height 2000 mm & Width 300-1800 mm,9209226,Profile Set SL-M 18/4000 mm 1 Profile,27,HIGH,HS Code: 76042990,,,,Standard,9740.00,INR,HIGH,"Qty: 1, Unit: Set, PU: 1",,
Hettich,Sliding & Folding Systems,SlideLine M: 1 Door for Wooden & Aluminium framed Doors - Weight 30 kg per door; Max Door Dimensions: Height 2000 mm & Width 300-1800 mm,9209277,Decorative Silver Cover for 18 mm /2500 mm,27,HIGH,HS Code: 39199080,,,,Standard,2625.00,INR,HIGH,"Qty: 1, Unit: Set, PU: 1",,
Hettich,Sliding & Folding Systems,SlideLine M: 1 Door for Wooden & Aluminium framed Doors - Weight 30 kg per door; Max Door Dimensions: Height 2000 mm & Width 300-1800 mm,9209278,Decorative Silver Cover for 18 mm /4000 mm,27,HIGH,HS Code: 39199080,,,,Standard,3596.00,INR,HIGH,"Qty: 1, Unit: Set, PU: 1",,
Hettich,Sliding & Folding Systems,SlideLine 55: 2 Door for Wooden Doors - Weight 30 kg/door - Alu Runner Profile; Max Door Dimensions: Height 1500 mm & Width 400-1500 mm,9314320,Profile 3000 mm,27,HIGH,HS Code: 39169090,,,,Standard,260.00,INR,HIGH,"Qty: 1, Unit: Pc, PU: 24",,
Hettich,Sliding & Folding Systems,SlideLine 55: 2 Door for Wooden Doors - Weight 30 kg/door - Alu Runner Profile; Max Door Dimensions: Height 1500 mm & Width 400-1500 mm,25122,Running Component for 15 Kg door (For 16-19 mm thick doors),27,HIGH,Code kept as the Article No.,,,,Standard,63.00,INR,HIGH,Code kept as the Article No.,,
Hettich,Sliding & Folding Systems,SlideLine 55: 2 Door for Wooden Doors - Weight 30 kg/door - Alu Runner Profile; Max Door Dimensions: Height 1500 mm & Width 400-1500 mm,25123,Guide Component with Spring Loaded bolt (For 16-19 mm thick doors),27,HIGH,Code kept as the Article No.,,,,Standard,78.00,INR,HIGH,Code kept as the Article No.,,
Hettich,Sliding & Folding Systems,SlideLine 55: 2 Door for Wooden Doors - Weight 30 kg/door - Alu Runner Profile; Max Door Dimensions: Height 1500 mm & Width 400-1500 mm,47392,Door Stopper Press-In for 15 kg Door,27,HIGH,HS Code: 39263000,,,,Standard,20.00,INR,HIGH,"Qty: 1, Unit: Pc, PU: 100",,
Hettich,Sliding & Folding Systems,SlideLine 56: 2 Door for Wooden Doors - Weight 40 kg per door; Max Door Dimensions: Height 2000 mm & Width 500-1000 mm,9288854,Aluminium Runner Profile 2000 mm Silver,27,HIGH,HS Code: 76042990,,,,Standard,380.00,INR,HIGH,"Qty: 1, Unit: Pc, PU: 24",,
Hettich,Sliding & Folding Systems,SlideLine 56: 2 Door for Wooden Doors - Weight 40 kg per door; Max Door Dimensions: Height 2000 mm & Width 500-1000 mm,9288856,Aluminium Runner Profile 3000 mm Silver,27,HIGH,HS Code: 76042990,,,,Standard,570.00,INR,HIGH,"Qty: 1, Unit: Pc, PU: 24",,
Hettich,Sliding & Folding Systems,SlideLine 56: 2 Door for Wooden Doors - Weight 40 kg per door; Max Door Dimensions: Height 2000 mm & Width 500-1000 mm,9325496,2 Door Kit for 1 cabinet (16-19 mm thick door),27,HIGH,HS Code: 83024200,,,,Standard,1890.00,INR,HIGH,"Qty: 1, Unit: Set, PU: 1",,
Hettich,Sliding & Folding Systems,SlideLine 56: 2 Door for Wooden Doors - Weight 40 kg per door; Max Door Dimensions: Height 2000 mm & Width 500-1000 mm,9336848,3 Door Kit for 1 cabinet (16-19 mm thick door),27,HIGH,HS Code: 39263000,,,,Standard,2820.00,INR,HIGH,"Qty: 1, Unit: Set, PU: 1",,
Hettich,Sliding & Folding Systems,Grant 400 Neo: Ordering via BOM Code - A. Profile Hardware Set,9323591,Top & Bottom Track set 2400 mm with 1 Lock SA,28,HIGH,HS Code: 76042990,,,,Standard,4789.00,INR,HIGH,"Qty: 1, Unit: Set, PU: 1",,
Hettich,Sliding & Folding Systems,Grant 400 Neo: Ordering via BOM Code - A. Profile Hardware Set,9323592,Top & Bottom Track set 2400 mm with 1 Lock BL,28,HIGH,HS Code: 76042990,,,,Standard,7302.00,INR,HIGH,"Qty: 1, Unit: Set, PU: 1",,
Hettich,Sliding & Folding Systems,Grant 400 Neo: Ordering via BOM Code - A. Profile Hardware Set,9323593,Top & Bottom Track set 2400 mm with 1 Lock DC,28,HIGH,HS Code: 76042990,,,,Standard,7302.00,INR,HIGH,"Qty: 1, Unit: Set, PU: 1",,
Hettich,Sliding & Folding Systems,Grant 400 Neo: Ordering via BOM Code - A. Profile Hardware Set,9323594,Top & Bottom Track set 3600 mm with 2 Locks SA,28,HIGH,HS Code: 76042990,,,,Standard,7782.00,INR,HIGH,"Qty: 1, Unit: Set, PU: 1",,
Hettich,Sliding & Folding Systems,Grant 400 Neo: Ordering via BOM Code - A. Profile Hardware Set,9323595,Top & Bottom Track set 3600 mm with 2 Locks BL,28,HIGH,HS Code: 76042990,,,,Standard,11549.00,INR,HIGH,"Qty: 1, Unit: Set, PU: 1",,
Hettich,Sliding & Folding Systems,Grant 400 Neo: Ordering via BOM Code - A. Profile Hardware Set,9323596,Top & Bottom Track set 3600 mm with 2 Locks DC,28,HIGH,HS Code: 76042990,,,,Standard,11549.00,INR,HIGH,"Qty: 1, Unit: Set, PU: 1",,
Hettich,Sliding & Folding Systems,Grant 400 Neo: Ordering via BOM Code - B. Shutter Hardware Set (Per door),9323597,Shutter Hardware set with C handle & 1 Middle profile SA for 1 door,28,HIGH,HS Code: 76042990,,,,Standard,10266.00,INR,HIGH,"Qty: 1, Unit: Set, PU: 1",,
Hettich,Sliding & Folding Systems,Grant 400 Neo: Ordering via BOM Code - B. Shutter Hardware Set (Per door),9323599,Shutter Hardware set with C handle & 1 Middle profile BL for 1 door,28,HIGH,HS Code: 76042990,,,,Standard,14676.00,INR,HIGH,"Qty: 1, Unit: Set, PU: 1",,
Hettich,Sliding & Folding Systems,Grant 400 Neo: Ordering via BOM Code - B. Shutter Hardware Set (Per door),9323601,Shutter Hardware set with C handle & 1 Middle profile DC for 1 door,28,HIGH,HS Code: 76042990,,,,Standard,14676.00,INR,HIGH,"Qty: 1, Unit: Set, PU: 1",,
Hettich,Sliding & Folding Systems,Grant 400 Neo: Ordering via BOM Code - B. Shutter Hardware Set (Per door),9323598,Shutter Hardware set with R handle & 1 Middle profile SA for 1 door,28,HIGH,HS Code: 76042990,,,,Standard,11848.00,INR,HIGH,"Qty: 1, Unit: Set, PU: 1",,
Hettich,Sliding & Folding Systems,Grant 400 Neo: Ordering via BOM Code - B. Shutter Hardware Set (Per door),9323600,Shutter Hardware set with R handle & 1 Middle profile BL for 1 door,28,HIGH,HS Code: 76042990,,,,Standard,15770.00,INR,HIGH,"Qty: 1, Unit: Set, PU: 1",,
Hettich,Sliding & Folding Systems,Grant 400 Neo: Ordering via BOM Code - B. Shutter Hardware Set (Per door),9323602,Shutter Hardware set with R handle & 1 Middle profile DC for 1 door,28,HIGH,HS Code: 76042990,,,,Standard,15770.00,INR,HIGH,"Qty: 1, Unit: Set, PU: 1",,
Hettich,Sliding & Folding Systems,Grant 400 Neo: Ordering via BOM Code - B. Shutter Hardware Set (Per door),9323603,Shutter Hardware set with C handle & 2 Middle profiles SA for 1 door,28,HIGH,HS Code: 76042990,,,,Standard,11113.00,INR,HIGH,"Qty: 1, Unit: Set, PU: 1",,
Hettich,Sliding & Folding Systems,Grant 400 Neo: Ordering via BOM Code - B. Shutter Hardware Set (Per door),9323605,Shutter Hardware set with C handle & 2 Middle profiles BL for 1 door,28,HIGH,HS Code: 76042990,,,,Standard,15927.00,INR,HIGH,"Qty: 1, Unit: Set, PU: 1",,
Hettich,Sliding & Folding Systems,Grant 400 Neo: Ordering via BOM Code - B. Shutter Hardware Set (Per door),9323607,Shutter Hardware set with C handle & 2 Middle profiles DC for 1 door,28,HIGH,HS Code: 76042990,,,,Standard,15927.00,INR,HIGH,"Qty: 1, Unit: Set, PU: 1",,
Hettich,Sliding & Folding Systems,Grant 400 Neo: Ordering via BOM Code - B. Shutter Hardware Set (Per door),9323604,Shutter Hardware set with R handle & 2 Middle profiles SA for 1 door,28,HIGH,HS Code: 76042990,,,,Standard,12695.00,INR,HIGH,"Qty: 1, Unit: Set, PU: 1",,
Hettich,Sliding & Folding Systems,Grant 400 Neo: Ordering via BOM Code - B. Shutter Hardware Set (Per door),9323606,Shutter Hardware set with R handle & 2 Middle profiles BL for 1 door,28,HIGH,HS Code: 76042990,,,,Standard,17021.00,INR,HIGH,"Qty: 1, Unit: Set, PU: 1",,
Hettich,Sliding & Folding Systems,Grant 400 Neo: Ordering via BOM Code - B. Shutter Hardware Set (Per door),9323608,Shutter Hardware set with R handle & 2 Middle profiles DC for 1 door,28,HIGH,HS Code: 76042990,,,,Standard,17021.00,INR,HIGH,"Qty: 1, Unit: Set, PU: 1",,
Hettich,Sliding & Folding Systems,Grant 400 Neo: 2/3 Door (Floor to Ceiling) Sliding system with Soft Closing & Soft Opening; Max door dimensions: Height 3500 mm & Width 1200 mm - Silver Anodized,9289653,Soft closing Dampers & Rollers 50 kg Kit,29,HIGH,HS Code: 83024100,,,,Standard,2784.00,INR,HIGH,"Qty: 1, Unit: Set, PU: 1",,
Hettich,Sliding & Folding Systems,Grant 400 Neo: 2/3 Door (Floor to Ceiling) Sliding system with Soft Closing & Soft Opening; Max door dimensions: Height 3500 mm & Width 1200 mm - Silver Anodized,9306616,Soft closing Dampers & Rollers 30 kg Kit,29,HIGH,HS Code: 83024200,,,,Standard,2440.00,INR,HIGH,"Qty: 1, Unit: Set, PU: 1",,
Hettich,Sliding & Folding Systems,Grant 400 Neo: 2/3 Door (Floor to Ceiling) Sliding system with Soft Closing & Soft Opening; Max door dimensions: Height 3500 mm & Width 1200 mm - Silver Anodized,9351363,"Upper-Bottom Track, 3600 mm SA",29,HIGH,HS Code: 76042990,,,,Standard,5382.00,INR,HIGH,"Qty: 1, Unit: Set, PU: 1",,
Hettich,Sliding & Folding Systems,Grant 400 Neo: 2/3 Door (Floor to Ceiling) Sliding system with Soft Closing & Soft Opening; Max door dimensions: Height 3500 mm & Width 1200 mm - Silver Anodized,9351364,"Upper-Bottom Track, 2400 mm SA",29,HIGH,HS Code: 76042990,,,,Standard,3589.00,INR,HIGH,"Qty: 1, Unit: Set, PU: 1",,
Hettich,Sliding & Folding Systems,Grant 400 Neo: 2/3 Door (Floor to Ceiling) Sliding system with Soft Closing & Soft Opening; Max door dimensions: Height 3500 mm & Width 1200 mm - Silver Anodized,9296881,Middle Door Frame Profile - 1200 mm SA,29,HIGH,HS Code: 76042990,,,,Standard,577.00,INR,HIGH,"Qty: 1, Unit: Pc, PU: 2",,
Hettich,Sliding & Folding Systems,Grant 400 Neo: 2/3 Door (Floor to Ceiling) Sliding system with Soft Closing & Soft Opening; Max door dimensions: Height 3500 mm & Width 1200 mm - Silver Anodized,9351369,Upper-Bottom Door Frame Profile-1200mm SA,29,HIGH,HS Code: 76042990,,,,Standard,1183.00,INR,HIGH,"Qty: 1, Unit: Set, PU: 1",,
Hettich,Sliding & Folding Systems,Grant 400 Neo: 2/3 Door (Floor to Ceiling) Sliding system with Soft Closing & Soft Opening; Max door dimensions: Height 3500 mm & Width 1200 mm - Silver Anodized,9296883,Vertical door frame cum Handle C type 3500mm SA,29,HIGH,HS Code: 76042990,,,,Standard,2184.00,INR,HIGH,"Qty: 1, Unit: Pc, PU: 2",,
Hettich,Sliding & Folding Systems,Grant 400 Neo: 2/3 Door (Floor to Ceiling) Sliding system with Soft Closing & Soft Opening; Max door dimensions: Height 3500 mm & Width 1200 mm - Silver Anodized,9306168,Vertical door frame cum Handle R type 3500mm SA,29,HIGH,HS Code: 76042990,,,,Standard,2975.00,INR,HIGH,"Qty: 1, Unit: Pc, PU: 2",,
Hettich,Sliding & Folding Systems,Grant 400 Neo: 2/3 Door (Floor to Ceiling) Sliding system with Soft Closing & Soft Opening; Max door dimensions: Height 3500 mm & Width 1200 mm - Black,9289653,Soft closing Dampers & Rollers 50 kg Kit,29,HIGH,HS Code: 83024100,,,,Standard,2784.00,INR,HIGH,"Qty: 1, Unit: Set, PU: 1",,
Hettich,Sliding & Folding Systems,Grant 400 Neo: 2/3 Door (Floor to Ceiling) Sliding system with Soft Closing & Soft Opening; Max door dimensions: Height 3500 mm & Width 1200 mm - Black,9306616,Soft closing Dampers & Rollers 30 kg Kit,29,HIGH,HS Code: 83024200,,,,Standard,2440.00,INR,HIGH,"Qty: 1, Unit: Set, PU: 1",,
Hettich,Sliding & Folding Systems,Grant 400 Neo: 2/3 Door (Floor to Ceiling) Sliding system with Soft Closing & Soft Opening; Max door dimensions: Height 3500 mm & Width 1200 mm - Black,9351365,"Upper-Bottom Track, 3600 mm Black",29,HIGH,HS Code: 76042990,,,,Standard,9149.00,INR,HIGH,"Qty: 1, Unit: Set, PU: 1",,
Hettich,Sliding & Folding Systems,Grant 400 Neo: 2/3 Door (Floor to Ceiling) Sliding system with Soft Closing & Soft Opening; Max door dimensions: Height 3500 mm & Width 1200 mm - Black,9351366,"Upper-Bottom Track, 2400 mm Black",29,HIGH,HS Code: 76042990,,,,Standard,6102.00,INR,HIGH,"Qty: 1, Unit: Set, PU: 1",,
Hettich,Sliding & Folding Systems,Grant 400 Neo: 2/3 Door (Floor to Ceiling) Sliding system with Soft Closing & Soft Opening; Max door dimensions: Height 3500 mm & Width 1200 mm - Black,9300512,Middle Door Frame Profile - 1200 mm Black,29,HIGH,HS Code: 76042990,,,,Standard,981.00,INR,HIGH,"Qty: 1, Unit: Pc, PU: 2",,
Hettich,Sliding & Folding Systems,Grant 400 Neo: 2/3 Door (Floor to Ceiling) Sliding system with Soft Closing & Soft Opening; Max door dimensions: Height 3500 mm & Width 1200 mm - Black,9351370,Upper-Bottom Door Frame Profile-1200mm Black,29,HIGH,HS Code: 76042990,,,,Standard,2131.00,INR,HIGH,"Qty: 1, Unit: Set, PU: 1",,
Hettich,Sliding & Folding Systems,Grant 400 Neo: 2/3 Door (Floor to Ceiling) Sliding system with Soft Closing & Soft Opening; Max door dimensions: Height 3500 mm & Width 1200 mm - Black,9300498,Vertical door frame cum Handle C type 3500mm BL,29,HIGH,HS Code: 76042990,,,,Standard,3713.00,INR,HIGH,"Qty: 1, Unit: Pc, PU: 2",,
Hettich,Sliding & Folding Systems,Grant 400 Neo: 2/3 Door (Floor to Ceiling) Sliding system with Soft Closing & Soft Opening; Max door dimensions: Height 3500 mm & Width 1200 mm - Black,9306169,Vertical door frame cum Handle R type 3500mm BL,29,HIGH,HS Code: 76042990,,,,Standard,4260.00,INR,HIGH,"Qty: 1, Unit: Pc, PU: 2",,
Hettich,Sliding & Folding Systems,Grant 400 Neo: 2/3 Door (Floor to Ceiling) Sliding system with Soft Closing & Soft Opening; Max door dimensions: Height 3500 mm & Width 1200 mm - Dark Champagne,9289653,Soft closing Dampers & Rollers 50 kg Kit,29,HIGH,HS Code: 83024100,,,,Standard,2784.00,INR,HIGH,"Qty: 1, Unit: Set, PU: 1",,
Hettich,Sliding & Folding Systems,Grant 400 Neo: 2/3 Door (Floor to Ceiling) Sliding system with Soft Closing & Soft Opening; Max door dimensions: Height 3500 mm & Width 1200 mm - Dark Champagne,9306616,Soft closing Dampers & Rollers 30 kg Kit,29,HIGH,HS Code: 83024200,,,,Standard,2440.00,INR,HIGH,"Qty: 1, Unit: Pc, PU: 1",,
Hettich,Sliding & Folding Systems,Grant 400 Neo: 2/3 Door (Floor to Ceiling) Sliding system with Soft Closing & Soft Opening; Max door dimensions: Height 3500 mm & Width 1200 mm - Dark Champagne,9351367,"Upper-Bottom Track, 3600 mm DC",29,HIGH,HS Code: 76042990,,,,Standard,9149.00,INR,HIGH,"Qty: 1, Unit: Set, PU: 1",,
Hettich,Sliding & Folding Systems,Grant 400 Neo: 2/3 Door (Floor to Ceiling) Sliding system with Soft Closing & Soft Opening; Max door dimensions: Height 3500 mm & Width 1200 mm - Dark Champagne,9351368,"Upper-Bottom Track, 2400 mm DC",29,HIGH,HS Code: 76042990,,,,Standard,6102.00,INR,HIGH,"Qty: 1, Unit: Set, PU: 1",,
Hettich,Sliding & Folding Systems,Grant 400 Neo: 2/3 Door (Floor to Ceiling) Sliding system with Soft Closing & Soft Opening; Max door dimensions: Height 3500 mm & Width 1200 mm - Dark Champagne,9319948,Middle Door Frame Profile - 1200 mm DC,29,HIGH,HS Code: 76042990,,,,Standard,981.00,INR,HIGH,"Qty: 1, Unit: Pc, PU: 2",,
Hettich,Sliding & Folding Systems,Grant 400 Neo: 2/3 Door (Floor to Ceiling) Sliding system with Soft Closing & Soft Opening; Max door dimensions: Height 3500 mm & Width 1200 mm - Dark Champagne,9351441,Upper-Bottom Door Frame Profile-1200 mm DC,29,HIGH,HS Code: 76042990,,,,Standard,2131.00,INR,HIGH,"Qty: 1, Unit: Set, PU: 1",,
Hettich,Sliding & Folding Systems,Grant 400 Neo: 2/3 Door (Floor to Ceiling) Sliding system with Soft Closing & Soft Opening; Max door dimensions: Height 3500 mm & Width 1200 mm - Dark Champagne,9319943,Vertical door frame cum Handle C type 3500mm DC,29,HIGH,HS Code: 76042990,,,,Standard,3713.00,INR,HIGH,"Qty: 1, Unit: Pc, PU: 2",,
Hettich,Sliding & Folding Systems,Grant 400 Neo: 2/3 Door (Floor to Ceiling) Sliding system with Soft Closing & Soft Opening; Max door dimensions: Height 3500 mm & Width 1200 mm - Dark Champagne,9320013,Vertical door frame cum Handle R type 3500mm DC,29,HIGH,HS Code: 76042990,,,,Standard,4260.00,INR,HIGH,"Qty: 1, Unit: Pc, PU: 2",,
Hettich,Sliding & Folding Systems,Grant 400 Neo: Accessories,9293857,Fixing Screw ST 6X30 mm for Grant 400 Neo Profiles,29,HIGH,HS Code: 73181400,,,,Standard,16.00,INR,HIGH,"Qty: 1, Unit: Pc, PU: 5",,
Hettich,Sliding & Folding Systems,Grant 400 Neo: Accessories,9375595,Sealing Brush 3500 mm Silver,29,HIGH,HS Code: 39204900,,,,Standard,131.00,INR,HIGH,"Qty: 1, Unit: Pc, PU: 1",,
Hettich,Sliding & Folding Systems,Grant 400 Neo: Accessories,9375596,Sealing Brush 3500 mm Black,29,HIGH,HS Code: 39204900,,,,Standard,131.00,INR,HIGH,"Qty: 1, Unit: Pc, PU: 1",,
Hettich,Sliding & Folding Systems,Grant 400 Neo: Accessories,9375597,Sealing Brush 3500 mm DCH,29,HIGH,HS Code: 39204900,,,,Standard,131.00,INR,HIGH,"Qty: 1, Unit: Pc, PU: 1",,
Hettich,Sliding & Folding Systems,Grant 400 Neo: Accessories,9293855,"Glass Sealing Strip 6mm for Grant 400 Neo, 1200 mm",29,HIGH,HS Code: 39204900,,,,Standard,95.00,INR,HIGH,"Qty: 1, Unit: Pc, PU: 1",,
Hettich,Sliding & Folding Systems,Grant 400 Neo: Accessories,9293856,"Glass Sealing Strip 6mm for Grant 400 Neo, 3500 mm",29,HIGH,HS Code: 39204900,,,,Standard,276.00,INR,HIGH,"Qty: 1, Unit: Pc, PU: 1",,
Hettich,Sliding & Folding Systems,Grant 400 Neo: Accessories,9305699,Grant 400 Neo Lock 120 KC SA,29,HIGH,HS Code: 83013000,,,,Standard,1200.00,INR,HIGH,"Qty: 1, Unit: Set, PU: 1",,
Hettich,Sliding & Folding Systems,Grant 400 Neo: Accessories,9341201,Grant 400 Neo Lock 120 KC BL,29,HIGH,HS Code: 83013000,,,,Standard,1200.00,INR,HIGH,"Qty: 1, Unit: Set, PU: 1",,
Hettich,Sliding & Folding Systems,Grant 400 Neo: Accessories,9341203,Grant 400 Neo Lock 120 KC DC,29,HIGH,HS Code: 83013000,,,,Standard,1200.00,INR,HIGH,"Qty: 1, Unit: Set, PU: 1",,
Hettich,Sliding & Folding Systems,Vertico Synchro: 2 Door for Wooden and Aluminium Profile Doors - Weight 15 kg per door; Max Door Dimensions: Height 400-600 mm & Width 1500 mm max.,20386,Vertico Synchro Set 400 for Overlay Door height 400-600 mm,30,HIGH,HS Code: 83024200,,,,Standard,30250.00,INR,HIGH,"Qty: 1, Unit: Set, PU: 1",,
Hettich,Sliding & Folding Systems,Vertico Synchro: 2 Door for Wooden and Aluminium Profile Doors - Weight 15 kg per door; Max Door Dimensions: Height 400-600 mm & Width 1500 mm max.,20400,Cover Profile 2500 mm Aluminium Silver anodised,30,HIGH,HS Code: 76042990,,,,Standard,4070.00,INR,HIGH,"Qty: 2, Unit: Pc, PU: 1",,
Hettich,Sliding & Folding Systems,Vertico Mono: 1 Door for Wooden and Aluminium Profile Doors - Weight 15 kg per door; Max Door Dimensions: Height 400-700 mm & Width 1500 mm max.,45315,Set Vertico Mono for inset door,30,HIGH,HS Code: 83024200,,,,Standard,25480.00,INR,HIGH,"Qty: 1, Unit: Set, PU: 1",,
Hettich,Sliding & Folding Systems,Vertico Mono: 1 Door for Wooden and Aluminium Profile Doors - Weight 15 kg per door; Max Door Dimensions: Height 400-700 mm & Width 1500 mm max.,20400,Cover Profile 2500 mm Aluminium Silver anodised,30,HIGH,HS Code: 76042990,,,,Standard,4070.00,INR,HIGH,"Qty: 2, Unit: Pc, PU: 1",,
Hettich,Sliding & Folding Systems,Wingline L Push to move - Weight 5 kg to 12 kg per shutter ; Max Door Dimensions : 1600 mm Height & 600 mm Door Wing Width (Order Sensys 8675 Hinges Separately),9237901,Wing Line L Kit - Left,30,HIGH,HS Code: 83024200,,,,Standard,2680.00,INR,HIGH,"Qty: 1, Unit: Pc, PU: 1",,
Hettich,Sliding & Folding Systems,Wingline L Push to move - Weight 5 kg to 12 kg per shutter ; Max Door Dimensions : 1600 mm Height & 600 mm Door Wing Width (Order Sensys 8675 Hinges Separately),9237900,Wing Line L Kit - Right,30,HIGH,HS Code: 83024200,,,,Standard,2680.00,INR,HIGH,"Qty: 1, Unit: Pc, PU: 1",,
Hettich,Sliding & Folding Systems,Wingline L Push to move - Weight 5 kg to 12 kg per shutter ; Max Door Dimensions : 1600 mm Height & 600 mm Door Wing Width (Order Sensys 8675 Hinges Separately),9238051,Push to Move Mechanisms Medium- Left,30,HIGH,HS Code: 83024200,,,,Standard,9252.00,INR,HIGH,"Qty: 1, Unit: Pc, PU: 1",,
Hettich,Sliding & Folding Systems,Wingline L Push to move - Weight 5 kg to 12 kg per shutter ; Max Door Dimensions : 1600 mm Height & 600 mm Door Wing Width (Order Sensys 8675 Hinges Separately),9238101,Push to Move Mechanisms Medium- Right,30,HIGH,HS Code: 83024200,,,,Standard,9252.00,INR,HIGH,"Qty: 1, Unit: Pc, PU: 1",,
Hettich,Sliding & Folding Systems,Wingline L Push to move - Weight 5 kg to 12 kg per shutter ; Max Door Dimensions : 1600 mm Height & 600 mm Door Wing Width (Order Sensys 8675 Hinges Separately),9307515,Runner Profile - 2400 mm,30,HIGH,HS Code: 76042990,,,,Standard,2898.00,INR,HIGH,"Qty: 1, Unit: Pc, PU: 2",,
Hettich,Sliding & Folding Systems,Wingline L Push to move - Weight 5 kg to 12 kg per shutter ; Max Door Dimensions : 1600 mm Height & 600 mm Door Wing Width (Order Sensys 8675 Hinges Separately),9237758,Profile Mounting Clip,30,HIGH,HS Code: 39269097,,,,Standard,240.00,INR,HIGH,"Qty: 2, Unit: Pc, PU: 1",,
Hettich,Sliding & Folding Systems,Wingline L Push to move - Weight 12 kg to 25 Kg per shutter ; Max Door Dimensions : 2400 mm Height & 600 mm Door Wing Width (Order Sensys 8675 Hinges Separately) Profile size: 2400 mm,9237880,Wing Line L Kit - Left,30,HIGH,HS Code: 83024200,,,,Standard,4386.00,INR,HIGH,"Qty: 1, Unit: Pc, PU: 1",,
Hettich,Sliding & Folding Systems,Wingline L Push to move - Weight 12 kg to 25 Kg per shutter ; Max Door Dimensions : 2400 mm Height & 600 mm Door Wing Width (Order Sensys 8675 Hinges Separately) Profile size: 2400 mm,9237881,Wing Line L Kit - Right,30,HIGH,HS Code: 83024200,,,,Standard,4386.00,INR,HIGH,"Qty: 1, Unit: Pc, PU: 1",,
Hettich,Sliding & Folding Systems,Wingline L Push to move - Weight 12 kg to 25 Kg per shutter ; Max Door Dimensions : 2400 mm Height & 600 mm Door Wing Width (Order Sensys 8675 Hinges Separately) Profile size: 2400 mm,9238052,Push to Move Mechanisms Heavy - Left,30,HIGH,HS Code: 83024200,,,,Standard,9970.00,INR,HIGH,"Qty: 1, Unit: Pc, PU: 1",,
Hettich,Sliding & Folding Systems,Wingline L Push to move - Weight 12 kg to 25 Kg per shutter ; Max Door Dimensions : 2400 mm Height & 600 mm Door Wing Width (Order Sensys 8675 Hinges Separately) Profile size: 2400 mm,9238053,Push to Move Mechanisms Heavy - Right,30,HIGH,HS Code: 39263000,,,,Standard,9970.00,INR,HIGH,"Qty: 1, Unit: Pc, PU: 1",,
Hettich,Sliding & Folding Systems,Wingline L Push to move - Weight 12 kg to 25 Kg per shutter ; Max Door Dimensions : 2400 mm Height & 600 mm Door Wing Width (Order Sensys 8675 Hinges Separately) Profile size: 2400 mm,9313037,Profile Set 2400 mm SA Finish,30,HIGH,HS Code: 76042990,,,,Standard,4383.00,INR,HIGH,"Qty: 1, Unit: Pc, PU: 1",,
Hettich,Sliding & Folding Systems,Wingline L Push to move - Weight 12 kg to 25 Kg per shutter ; Max Door Dimensions : 2400 mm Height & 600 mm Door Wing Width (Order Sensys 8675 Hinges Separately) Profile size: 2400 mm,9264191,Mechanical Catch,30,HIGH,HS Code: 83024200,,,,Standard,1260.00,INR,HIGH,"Qty: 1, Unit: Set, PU: 50",,
Hettich,Sliding & Folding Systems,Wingline L Pull to move - Weight 5 kg to 12 kg per shutter ; Max Door Dimensions : 1600 mm Height & 600 mm Door Wing Width (Order Sensys 8675 Hinges Separately),9237901,Wing Line L Kit - Left,30,HIGH,HS Code: 83024200,,,,Standard,2680.00,INR,HIGH,"Qty: 1, Unit: Pc, PU: 1",,
Hettich,Sliding & Folding Systems,Wingline L Pull to move - Weight 5 kg to 12 kg per shutter ; Max Door Dimensions : 1600 mm Height & 600 mm Door Wing Width (Order Sensys 8675 Hinges Separately),9237900,Wing Line L Kit - Right,30,HIGH,HS Code: 83024200,,,,Standard,2680.00,INR,HIGH,"Qty: 1, Unit: Pc, PU: 1",,
Hettich,Sliding & Folding Systems,Wingline L Pull to move - Weight 5 kg to 12 kg per shutter ; Max Door Dimensions : 1600 mm Height & 600 mm Door Wing Width (Order Sensys 8675 Hinges Separately),9238115,Pull to move Mechanisms Medium- Left,30,HIGH,HS Code: 83024200,,,,Standard,9780.00,INR,HIGH,"Qty: 1, Unit: Pc, PU: 1",,
Hettich,Sliding & Folding Systems,Wingline L Pull to move - Weight 5 kg to 12 kg per shutter ; Max Door Dimensions : 1600 mm Height & 600 mm Door Wing Width (Order Sensys 8675 Hinges Separately),9238116,Pull to move Mechanisms Medium- Right,30,HIGH,HS Code: 83024200,,,,Standard,9252.00,INR,HIGH,"Qty: 1, Unit: Pc, PU: 1",,
Hettich,Sliding & Folding Systems,Wingline L Pull to move - Weight 5 kg to 12 kg per shutter ; Max Door Dimensions : 1600 mm Height & 600 mm Door Wing Width (Order Sensys 8675 Hinges Separately),9307515,Runner Profile - 2400 mm,30,HIGH,HS Code: 76042990,,,,Standard,2898.00,INR,HIGH,"Qty: 1, Unit: Pc, PU: 2",,
Hettich,Sliding & Folding Systems,Wingline L Pull to move - Weight 5 kg to 12 kg per shutter ; Max Door Dimensions : 1600 mm Height & 600 mm Door Wing Width (Order Sensys 8675 Hinges Separately),9237758,Profile Mounting Clip,30,HIGH,HS Code: 39269097,,,,Standard,240.00,INR,HIGH,"Qty: 2, Unit: Pc, PU: 1",,
Hettich,Sliding & Folding Systems,Wingline L Pull to move - Weight 12 kg to 25 kg per shutter; Max Door Dimensions: 2400 mm Height & 600 mm Door Wing Width (Order Sensys 8675 Hinges Separately),9237880,Wing Line L Kit - Left,31,HIGH,HS Code: 83024200,,,,Standard,4386.00,INR,HIGH,"Qty: 1, Unit: Pc, PU: 1",,
Hettich,Sliding & Folding Systems,Wingline L Pull to move - Weight 12 kg to 25 kg per shutter; Max Door Dimensions: 2400 mm Height & 600 mm Door Wing Width (Order Sensys 8675 Hinges Separately),9237881,Wing Line L Kit - Right,31,HIGH,HS Code: 83024200,,,,Standard,4386.00,INR,HIGH,"Qty: 1, Unit: Pc, PU: 1",,
Hettich,Sliding & Folding Systems,Wingline L Pull to move - Weight 12 kg to 25 kg per shutter; Max Door Dimensions: 2400 mm Height & 600 mm Door Wing Width (Order Sensys 8675 Hinges Separately),9238125,Pull to move Mechanisms Heavy - Left,31,HIGH,HS Code: 83024200,,,,Standard,10540.00,INR,HIGH,"Qty: 1, Unit: Pc, PU: 1",,
Hettich,Sliding & Folding Systems,Wingline L Pull to move - Weight 12 kg to 25 kg per shutter; Max Door Dimensions: 2400 mm Height & 600 mm Door Wing Width (Order Sensys 8675 Hinges Separately),9238114,Pull to move Mechanisms Heavy - Right,31,HIGH,HS Code: 83024200,,,,Standard,10540.00,INR,HIGH,"Qty: 1, Unit: Pc, PU: 1",,
Hettich,Sliding & Folding Systems,Wingline L Pull to move - Weight 12 kg to 25 kg per shutter; Max Door Dimensions: 2400 mm Height & 600 mm Door Wing Width (Order Sensys 8675 Hinges Separately),9313037,Profile Set 2400 mm SA Finish,31,HIGH,HS Code: 76042990,,,,Standard,4383.00,INR,HIGH,"Qty: 1, Unit: Pc, PU: 1",,
Hettich,Sliding & Folding Systems,Wingline L Pull to move Silent - Weight 5 kg to 12 kg per shutter; Max Door Dimensions: 1600 mm Height & 600 mm Door Wing Width (Order Sensys 8645i Hinges Separately),9237903,Wing Line L Kit - Left,31,HIGH,HS Code: 83024200,,,,Standard,2626.00,INR,HIGH,"Qty: 1, Unit: Pc, PU: 1",,
Hettich,Sliding & Folding Systems,Wingline L Pull to move Silent - Weight 5 kg to 12 kg per shutter; Max Door Dimensions: 1600 mm Height & 600 mm Door Wing Width (Order Sensys 8645i Hinges Separately),9237902,Wing Line L Kit - Right,31,HIGH,HS Code: 83024200,,,,Standard,2626.00,INR,HIGH,"Qty: 1, Unit: Pc, PU: 1",,
Hettich,Sliding & Folding Systems,Wingline L Pull to move Silent - Weight 5 kg to 12 kg per shutter; Max Door Dimensions: 1600 mm Height & 600 mm Door Wing Width (Order Sensys 8645i Hinges Separately),9238121,Pull to move Silent Mechanisms Medium - Left,31,HIGH,HS Code: 83024200,,,,Standard,7890.00,INR,HIGH,"Qty: 1, Unit: Pc, PU: 1",,
Hettich,Sliding & Folding Systems,Wingline L Pull to move Silent - Weight 5 kg to 12 kg per shutter; Max Door Dimensions: 1600 mm Height & 600 mm Door Wing Width (Order Sensys 8645i Hinges Separately),9238124,Pull to move Silent Mechanisms Medium - Right,31,HIGH,HS Code: 83024200,,,,Standard,8239.00,INR,HIGH,"Qty: 1, Unit: Pc, PU: 1",,
Hettich,Sliding & Folding Systems,Wingline L Pull to move Silent - Weight 5 kg to 12 kg per shutter; Max Door Dimensions: 1600 mm Height & 600 mm Door Wing Width (Order Sensys 8645i Hinges Separately),9307515,Runner Profile - 2400 mm,31,HIGH,HS Code: 76042990,,,,Standard,2898.00,INR,HIGH,"Qty: 1, Unit: Pc, PU: 2",,
Hettich,Sliding & Folding Systems,Wingline L Pull to move Silent - Weight 5 kg to 12 kg per shutter; Max Door Dimensions: 1600 mm Height & 600 mm Door Wing Width (Order Sensys 8645i Hinges Separately),9237758,Profile Mounting Clip,31,HIGH,HS Code: 39269097,,,,Standard,240.00,INR,HIGH,"Qty: 2, Unit: Pc, PU: 1",,
Hettich,Sliding & Folding Systems,Wingline L Pull to move Silent - Weight 12 kg to 25 kg per shutter; Max Door Dimensions: 2400 mm Height & 600 mm Door Wing Width (Order Sensys 8645i Hinges Separately) Profile size: 2400 mm,9237852,Wing Line L Kit - Left,31,HIGH,HS Code: 83024200,,,,Standard,4480.00,INR,HIGH,"Qty: 1, Unit: Pc, PU: 1",,
Hettich,Sliding & Folding Systems,Wingline L Pull to move Silent - Weight 12 kg to 25 kg per shutter; Max Door Dimensions: 2400 mm Height & 600 mm Door Wing Width (Order Sensys 8645i Hinges Separately) Profile size: 2400 mm,9237890,Wing Line L Kit - Right,31,HIGH,HS Code: 83024200,,,,Standard,4480.00,INR,HIGH,"Qty: 1, Unit: Pc, PU: 1",,
Hettich,Sliding & Folding Systems,Wingline L Pull to move Silent - Weight 12 kg to 25 kg per shutter; Max Door Dimensions: 2400 mm Height & 600 mm Door Wing Width (Order Sensys 8645i Hinges Separately) Profile size: 2400 mm,9238123,Pull to move Silent Mechanisms Heavy - Left,31,HIGH,HS Code: 39269097,,,,Standard,8813.00,INR,HIGH,"Qty: 1, Unit: Pc, PU: 1",,
Hettich,Sliding & Folding Systems,Wingline L Pull to move Silent - Weight 12 kg to 25 kg per shutter; Max Door Dimensions: 2400 mm Height & 600 mm Door Wing Width (Order Sensys 8645i Hinges Separately) Profile size: 2400 mm,9238122,Pull to move Silent Mechanisms Heavy - Right,31,HIGH,HS Code: 39269097,,,,Standard,8813.00,INR,HIGH,"Qty: 1, Unit: Pc, PU: 1",,
Hettich,Sliding & Folding Systems,Wingline L Pull to move Silent - Weight 12 kg to 25 kg per shutter; Max Door Dimensions: 2400 mm Height & 600 mm Door Wing Width (Order Sensys 8645i Hinges Separately) Profile size: 2400 mm,9313037,Profile Set 2400 mm SA Finish,31,HIGH,HS Code: 76042990,,,,Standard,4383.00,INR,HIGH,"Qty: 1, Unit: Pc, PU: 1",,
Hettich,Sliding & Folding Systems,WingLine 230: 2 Doors with 4 Wings for Wooden Doors - Weight 20-25 kg per door; Max Door Dimensions: Height 3000mm & Door wing Width 600 mm (Order Hinges Separately),79013,Runner profile Aluminium White 2400 mm,31,HIGH,Code kept as the Article No.,,,,Standard,8640.00,INR,HIGH,Code kept as the Article No.,,
Hettich,Sliding & Folding Systems,WingLine 230: 2 Doors with 4 Wings for Wooden Doors - Weight 20-25 kg per door; Max Door Dimensions: Height 3000mm & Door wing Width 600 mm (Order Hinges Separately),79015,WingLine 230 Set of 4 Wings (Left & Right) (16-25 mm Door thickness),31,HIGH,Code kept as the Article No.,,,,Standard,29240.00,INR,HIGH,Code kept as the Article No.,,
Hettich,Sliding & Folding Systems,Accessories for Sliding & Folding Doors,45198,Door Bend Adjustment Rod Fitting - Steel threaded rod with plastic covers,31,HIGH,Code kept as the Article No.,,,,Standard,2000.00,INR,HIGH,Code kept as the Article No.,,
Hettich,Sliding & Folding Systems,Accessories for Sliding & Folding Doors,26453,Brush Sealing Strip 2500mm (27 mm height.; Screw on Brown),31,HIGH,HS Code: 39269097,,,,Standard,1540.00,INR,HIGH,"Qty: 1, Unit: Pc, PU: 40",,
Hettich,Sliding & Folding Systems,Accessories for Sliding & Folding Doors,9200386,Self Adhesive Brush Sealing Strip 2500 mm (8 mm height),31,HIGH,HS Code: 39269097,,,,Standard,270.00,INR,HIGH,"Qty: 1, Unit: Pc, PU: 1",,
Hettich,Sliding & Folding Systems,Accessories for Sliding & Folding Doors,9071313,Sensys 8675 Hinge ; Opening Angle 110 for Push to move and Pull to Move Mechanisms,31,HIGH,HS Code: 83021000,,,,Standard,350.00,INR,HIGH,"Qty: 1, Unit: Pc, PU: 1",,
Hettich,Sliding & Folding Systems,Accessories for Sliding & Folding Doors,9214838,Sensys Mount Plate,31,HIGH,HS Code: 83021000,,,,Standard,32.00,INR,HIGH,"Qty: 1, Unit: Pc, PU: 1",,
Hettich,Sliding & Folding Systems,Accessories for Sliding & Folding Doors,9237758,Profile Mounting Clip,31,HIGH,HS Code: 39269097,,,,Standard,120.00,INR,HIGH,"Qty: 1, Unit: Pc, PU: 1",,
Hettich,Sliding & Folding Systems,TopLine 80 SiSy: Single Profile Top Running Door - Weight 80 kg/door; Max Door Dimensions: Width 1000/1500 mm (Max.),9289654,Sliding Kit for 80 kg door with Silent system (Opening & Closing),32,HIGH,HS Code: 83024100,,,,Standard,4956.00,INR,HIGH,"Qty: 1, Unit: Set, PU: 1",,
Hettich,Sliding & Folding Systems,TopLine 80 SiSy: Single Profile Top Running Door - Weight 80 kg/door; Max Door Dimensions: Width 1000/1500 mm (Max.),9295967,Runner profile anodised aluminium profile 2000 mm,32,HIGH,HS Code: 76042990,,,,Standard,1940.00,INR,HIGH,"Qty: 1, Unit: Pc, PU: 4",,
Hettich,Sliding & Folding Systems,TopLine 80 SiSy: Single Profile Top Running Door - Weight 80 kg/door; Max Door Dimensions: Width 1000/1500 mm (Max.),9295968,Runner profile anodised aluminium profile 3000 mm,32,HIGH,HS Code: 76042990,,,,Standard,2920.00,INR,HIGH,"Qty: 1, Unit: Pc, PU: 4",,
Hettich,Sliding & Folding Systems,TopLine 80 SiSy: Single Profile Top Running Door - Weight 80 kg/door; Max Door Dimensions: Width 1000/1500 mm (Max.),9364866,Runner profile anodised aluminium profile 3600 mm,32,HIGH,HS Code: 76042990,,,,Standard,3450.00,INR,HIGH,"Qty: 1, Unit: Pc, PU: 4",,
Hettich,Sliding & Folding Systems,TopLine 80 SiSy: Single Profile Top Running Door - Weight 80 kg/door; Max Door Dimensions: Width 1000/1500 mm (Max.),9289655,Aluminium profile fixing Acc (For Wall Hanging only),32,HIGH,HS Code: 83024100,,,,Standard,220.00,INR,HIGH,"Qty: 1, Unit: Pc, PU: 50",,
Hettich,Sliding & Folding Systems,TopLine 120 SiSy: Heavy duty soft close sliding door system for room dividers - Weight 120 kg/door; Max door dimensions: Width 1500 mm (Max.),9297034,Hanging Roller Sliding System with Opening & Closing Dampener with Bottom Guide for 1 Door,32,HIGH,HS Code: 83024100,,,,Standard,7388.00,INR,HIGH,"Qty: 1, Unit: Set, PU: 1",,
Hettich,Sliding & Folding Systems,TopLine 120 SiSy: Heavy duty soft close sliding door system for room dividers - Weight 120 kg/door; Max door dimensions: Width 1500 mm (Max.),9302260,"Runner Profile, 3000 mm - Silver Anodized",32,HIGH,HS Code: 76042990,,,,Standard,6581.00,INR,HIGH,"Qty: 1, Unit: Pc, PU: 2",,
Hettich,Sliding & Folding Systems,TopLine 120 SiSy: Heavy duty soft close sliding door system for room dividers - Weight 120 kg/door; Max door dimensions: Width 1500 mm (Max.),9364865,"Runner Profile, 3600 mm - Silver Anodized",32,HIGH,HS Code: 76042990,,,,Standard,7900.00,INR,HIGH,"Qty: 1, Unit: Pc, PU: 2",,
Hettich,Sliding & Folding Systems,SlideLine 16 PLUS - 2 Door Components,9384299,2 Door kit 30 kg dampener (Soft closing),32,HIGH,HS Code: 83024200,,,,Standard,3000.00,INR,HIGH,"Qty: 1, Unit: Set, PU: 1",,
Hettich,Sliding & Folding Systems,SlideLine 16 PLUS - 2 Door Components,9384301,2 Door kit 50 kg dampener (Soft closing),32,HIGH,HS Code: 83024200,,,,Standard,3200.00,INR,HIGH,"Qty: 1, Unit: Set, PU: 1",,
Hettich,Sliding & Folding Systems,SlideLine 16 PLUS - 2 Door Components,9384306,Dust strip 2500 mm,32,HIGH,HS Code: 83024200,,,,Standard,150.00,INR,HIGH,"Qty: 1, Unit: Pc, PU: 1",,
Hettich,Sliding & Folding Systems,SlideLine 16 PLUS - 2 Door Components,9384342,Profile set SA finish 2400 mm (18-22 mm Th.),32,HIGH,HS Code: 76042990,,,,Standard,2800.00,INR,HIGH,"Qty: 1, Unit: Set, PU: 3",,
Hettich,Sliding & Folding Systems,SlideLine 16 PLUS - 2 Door Components,9384343,Profile set BL finish 2400 mm (18-22 mm Th.),32,HIGH,HS Code: 76042990,,,,Standard,3200.00,INR,HIGH,"Qty: 1, Unit: Set, PU: 3",,
Hettich,Sliding & Folding Systems,SlideLine 16 PLUS - 2 Door Components,9384394,Profile set SA finish 2400 mm (22-25 mm Th.),32,HIGH,HS Code: 76042990,,,,Standard,3000.00,INR,HIGH,"Qty: 1, Unit: Set, PU: 3",,
Hettich,Sliding & Folding Systems,SlideLine 16 PLUS - 2 Door Components,9384395,Profile set BL finish 2400 mm (22-25 mm Th.),32,HIGH,HS Code: 76042990,,,,Standard,3400.00,INR,HIGH,"Qty: 1, Unit: Set, PU: 3",,
Hettich,Sliding & Folding Systems,SlideLine 16 PLUS - 3 Door Components,9384303,3 Door kit 30 kg dampener (Soft closing),32,HIGH,HS Code: 83024200,,,,Standard,4200.00,INR,HIGH,"Qty: 1, Unit: Set, PU: 1",,
Hettich,Sliding & Folding Systems,SlideLine 16 PLUS - 3 Door Components,9384304,3 Door kit 50 kg dampener (Soft closing),32,HIGH,HS Code: 83024200,,,,Standard,4400.00,INR,HIGH,"Qty: 1, Unit: Set, PU: 1",,
Hettich,Sliding & Folding Systems,SlideLine 16 PLUS - 3 Door Components,9384306,Dust strip 2500 mm,32,HIGH,HS Code: 83024200,,,,Standard,150.00,INR,HIGH,"Qty: 1, Unit: Pc, PU: 1",,
Hettich,Sliding & Folding Systems,SlideLine 16 PLUS - 3 Door Components,9384396,Profile set SA finish 3600 mm (18-22 mm Th.),32,HIGH,HS Code: 76042990,,,,Standard,4200.00,INR,HIGH,"Qty: 1, Unit: Set, PU: 3",,
Hettich,Sliding & Folding Systems,SlideLine 16 PLUS - 3 Door Components,9384397,Profile set BL finish 3600 mm (18-22 mm Th.),32,HIGH,HS Code: 76042990,,,,Standard,4800.00,INR,HIGH,"Qty: 1, Unit: Set, PU: 3",,
Hettich,Sliding & Folding Systems,SlideLine 16 PLUS - 3 Door Components,9384398,Profile set SA finish 3600 mm (22-25 mm Th.),32,HIGH,HS Code: 76042990,,,,Standard,4500.00,INR,HIGH,"Qty: 1, Unit: Set, PU: 3",,
Hettich,Sliding & Folding Systems,SlideLine 16 PLUS - 3 Door Components,9384399,Profile set BL finish 3600 mm (22-25 mm Th.),32,HIGH,HS Code: 76042990,,,,Standard,5100.00,INR,HIGH,"Qty: 1, Unit: Set, PU: 3",,
Hettich,Sliding & Folding Systems,SlideLine 16 PLUS - Optional Components,9384400,Cover Profile BL Finish 2400 mm (18-22 mm Th.),32,HIGH,HS Code: 76042990,,,,Standard,450.00,INR,HIGH,"Qty: 1, Unit: Pc, PU: 10",,
Hettich,Sliding & Folding Systems,SlideLine 16 PLUS - Optional Components,9384401,Cover Profile SA Finish 2400 mm (18-22 mm Th.),32,HIGH,HS Code: 76042990,,,,Standard,400.00,INR,HIGH,"Qty: 1, Unit: Pc, PU: 10",,
Hettich,Sliding & Folding Systems,SlideLine 16 PLUS - Optional Components,9384402,Cover Profile BL Finish 2400 mm (22-25 mm Th.),32,HIGH,HS Code: 76042990,,,,Standard,500.00,INR,HIGH,"Qty: 1, Unit: Pc, PU: 10",,
Hettich,Sliding & Folding Systems,SlideLine 16 PLUS - Optional Components,9384403,Cover Profile SA Finish 2400 mm (22-25 mm Th.),32,HIGH,HS Code: 76042990,,,,Standard,450.00,INR,HIGH,"Qty: 1, Unit: Pc, PU: 10",,
Hettich,Sliding & Folding Systems,SlideLine 16 PLUS - Optional Components,9384404,Cover Profile BL Finish 3600 mm (18-22 mm Th.),32,HIGH,HS Code: 76042990,,,,Standard,700.00,INR,HIGH,"Qty: 1, Unit: Pc, PU: 10",,
Hettich,Sliding & Folding Systems,SlideLine 16 PLUS - Optional Components,9384405,Cover Profile SA Finish 3600 mm (18-22 mm Th.),32,HIGH,HS Code: 76042990,,,,Standard,600.00,INR,HIGH,"Qty: 1, Unit: Pc, PU: 10",,
Hettich,Sliding & Folding Systems,SlideLine 16 PLUS - Optional Components,9384406,Cover Profile BL Finish 3600 mm (22-25 mm Th.),32,HIGH,HS Code: 76042990,,,,Standard,750.00,INR,HIGH,"Qty: 1, Unit: Pc, PU: 10",,
Hettich,Sliding & Folding Systems,SlideLine 16 PLUS - Optional Components,9384407,Cover Profile SA Finish 3600 mm (22-25 mm Th.),32,HIGH,HS Code: 76042990,,,,Standard,700.00,INR,HIGH,"Qty: 1, Unit: Pc, PU: 10",,
Hettich,Sliding & Folding Systems,SlideLine 16 PLUS - Optional Components,9384306,Dust Strip 2500mm,32,HIGH,HS Code: 83024200,,,,Standard,150.00,INR,HIGH,"Qty: 1, Unit: Pc, PU: 1",,
Hettich,Sliding & Folding Systems,SlideLine 16 PLUS - Optional Components,9394747,Silent system 30 kg,32,HIGH,HS Code: 83024200,,,,Standard,1200.00,INR,HIGH,"Qty: 1, Unit: Set, PU: 1",,
Hettich,Sliding & Folding Systems,SlideLine 16 PLUS - Optional Components,9394655,Silent system 50 kg,32,HIGH,HS Code: 83024200,,,,Standard,1200.00,INR,HIGH,"Qty: 1, Unit: Set, PU: 1",,
Hettich,Sliding & Folding Systems,"SlideLine 18: 2 / 3 Door Wooden / Aluminium frame doors, Weight 30 / 50 kg per door; thickness 18-25 mm",9351207,2 Door Kit 30 kg Dampener SA,33,HIGH,HS Code: 83024200,,,,Standard,3400.00,INR,HIGH,"Qty: 1, Unit: Set, PU: 1",,
Hettich,Sliding & Folding Systems,"SlideLine 18: 2 / 3 Door Wooden / Aluminium frame doors, Weight 30 / 50 kg per door; thickness 18-25 mm",9351208,3 Door Kit 30 kg Dampener SA,33,HIGH,HS Code: 83024200,,,,Standard,4200.00,INR,HIGH,"Qty: 1, Unit: Set, PU: 1",,
Hettich,Sliding & Folding Systems,"SlideLine 18: 2 / 3 Door Wooden / Aluminium frame doors, Weight 30 / 50 kg per door; thickness 18-25 mm",9354295,2 Door Kit 50 kg Dampener SA,33,HIGH,HS Code: 83024200,,,,Standard,4000.00,INR,HIGH,"Qty: 1, Unit: Set, PU: 1",,
Hettich,Sliding & Folding Systems,"SlideLine 18: 2 / 3 Door Wooden / Aluminium frame doors, Weight 30 / 50 kg per door; thickness 18-25 mm",9354296,3 Door Kit 50 kg Dampener SA,33,HIGH,HS Code: 83024200,,,,Standard,4800.00,INR,HIGH,"Qty: 1, Unit: Set, PU: 1",,
Hettich,Sliding & Folding Systems,"SlideLine 18: 2 / 3 Door Wooden / Aluminium frame doors, Weight 30 / 50 kg per door; thickness 18-25 mm",9375281,2 Door Kit 30 kg Dampener BL,33,HIGH,HS Code: 83024200,,,,Standard,3400.00,INR,HIGH,"Qty: 1, Unit: Set, PU: 1",,
Hettich,Sliding & Folding Systems,"SlideLine 18: 2 / 3 Door Wooden / Aluminium frame doors, Weight 30 / 50 kg per door; thickness 18-25 mm",9375283,3 Door Kit 30 kg Dampener BL,33,HIGH,HS Code: 83024200,,,,Standard,4200.00,INR,HIGH,"Qty: 1, Unit: Set, PU: 1",,
Hettich,Sliding & Folding Systems,"SlideLine 18: 2 / 3 Door Wooden / Aluminium frame doors, Weight 30 / 50 kg per door; thickness 18-25 mm",9375284,2 Door Kit 50 kg Dampener BL,33,HIGH,HS Code: 83024200,,,,Standard,4000.00,INR,HIGH,"Qty: 1, Unit: Set, PU: 1",,
Hettich,Sliding & Folding Systems,"SlideLine 18: 2 / 3 Door Wooden / Aluminium frame doors, Weight 30 / 50 kg per door; thickness 18-25 mm",9375285,3 Door Kit 50 kg Dampener BL,33,HIGH,HS Code: 83024200,,,,Standard,4800.00,INR,HIGH,"Qty: 1, Unit: Set, PU: 1",,
Hettich,Sliding & Folding Systems,"SlideLine 18: 2 / 3 Door Wooden / Aluminium frame doors, Weight 30 / 50 kg per door; thickness 18-25 mm",9351159,Profile Set SA Finish 2400 mm,33,HIGH,HS Code: 76042990,,,,Standard,3900.00,INR,HIGH,"Qty: 1, Unit: Set, PU: 2",,
Hettich,Sliding & Folding Systems,"SlideLine 18: 2 / 3 Door Wooden / Aluminium frame doors, Weight 30 / 50 kg per door; thickness 18-25 mm",9351160,Profile Set BL Finish 2400 mm,33,HIGH,HS Code: 76042990,,,,Standard,4400.00,INR,HIGH,"Qty: 1, Unit: Set, PU: 2",,
Hettich,Sliding & Folding Systems,"SlideLine 18: 2 / 3 Door Wooden / Aluminium frame doors, Weight 30 / 50 kg per door; thickness 18-25 mm",9351157,Profile Set SA Finish 3600 mm,33,HIGH,HS Code: 76042990,,,,Standard,5800.00,INR,HIGH,"Qty: 1, Unit: Set, PU: 2",,
Hettich,Sliding & Folding Systems,"SlideLine 18: 2 / 3 Door Wooden / Aluminium frame doors, Weight 30 / 50 kg per door; thickness 18-25 mm",9351158,Profile Set BL Finish 3600 mm,33,HIGH,HS Code: 76042990,,,,Standard,6600.00,INR,HIGH,"Qty: 1, Unit: Set, PU: 2",,
Hettich,Sliding & Folding Systems,"Grant 1230 with 3000 mm Runner, 147 Kg / Door, max. height 3000 mm & min. thickness 25.5 mm",9296872,"Runner profile, 3000 mm",33,HIGH,HS Code: 76042990,,,,Standard,4861.00,INR,HIGH,"Qty: 1, Unit: Pc, PU: 2",,
Hettich,Sliding & Folding Systems,"Grant 1230 with 3000 mm Runner, 147 Kg / Door, max. height 3000 mm & min. thickness 25.5 mm",9308695,Kit for 1 door,33,HIGH,HS Code: 83024190,,,,Standard,7034.00,INR,HIGH,"Qty: 1, Unit: Set, PU: 1",,
Hettich,Sliding & Folding Systems,"Grant 1230 with 3000 mm Runner, 147 Kg / Door, max. height 3000 mm & min. thickness 25.5 mm",9308696,TopLine 1230 Bumper stop,33,HIGH,HS Code: 83024200,,,,Standard,1252.00,INR,HIGH,"Qty: 1, Unit: Pc, PU: 2",,
Hettich,Sliding & Folding Systems,"Grant 1230 with 3000 mm Runner, 147 Kg / Door, max. height 3000 mm & min. thickness 25.5 mm",9308697,Floor Guide Tab Steel,33,HIGH,HS Code: 83024200,,,,Standard,492.00,INR,HIGH,"Qty: 1, Unit: Pc, PU: 10",,
Hettich,Sliding & Folding Systems,"Grant 1230 with 3600 mm Runner, 147 Kg / Door, max. height 3000 mm & min. thickness 25.5 mm",9296873,"Runner profile, 3600 mm",33,HIGH,HS Code: 76041090,,,,Standard,7115.00,INR,HIGH,"Qty: 1, Unit: Pc, PU: 2",,
Hettich,Sliding & Folding Systems,"Grant 1230 with 3600 mm Runner, 147 Kg / Door, max. height 3000 mm & min. thickness 25.5 mm",9308695,Kit for 1 door,33,HIGH,HS Code: 83024190,,,,Standard,7034.00,INR,HIGH,"Qty: 1, Unit: Set, PU: 1",,
Hettich,Sliding & Folding Systems,"Grant 1230 with 3600 mm Runner, 147 Kg / Door, max. height 3000 mm & min. thickness 25.5 mm",9308696,TopLine 1230 Bumper stop,33,HIGH,HS Code: 83024200,,,,Standard,1252.00,INR,HIGH,"Qty: 1, Unit: Pc, PU: 2",,
Hettich,Sliding & Folding Systems,"Grant 1230 with 3600 mm Runner, 147 Kg / Door, max. height 3000 mm & min. thickness 25.5 mm",9308697,Floor Guide Tab Steel,33,HIGH,HS Code: 83024200,,,,Standard,492.00,INR,HIGH,"Qty: 1, Unit: Pc, PU: 10",,
Hettich,Sliding & Folding Systems,Grant 1260 with 3000 mm Runner (For Heavy Duty Folding Doors) - 80 Kg / Door,9308610,Kit for 1 fold,33,HIGH,HS Code: 83024200,,,,Standard,12331.00,INR,HIGH,"Qty: 1, Unit: Set, PU: 1",,
Hettich,Sliding & Folding Systems,Grant 1260 with 3000 mm Runner (For Heavy Duty Folding Doors) - 80 Kg / Door,9296875,"Guide profile, 3000 mm",33,HIGH,HS Code: 76041090,,,,Standard,2585.00,INR,HIGH,"Qty: 1, Unit: Pc, PU: 2",,
Hettich,Sliding & Folding Systems,Grant 1260 with 3000 mm Runner (For Heavy Duty Folding Doors) - 80 Kg / Door,9296872,"Runner profile, 3000 mm",33,HIGH,HS Code: 76042990,,,,Standard,4861.00,INR,HIGH,"Qty: 1, Unit: Pc, PU: 2",,
Hettich,Sliding & Folding Systems,Grant 1260 with 3000 mm Runner (For Heavy Duty Folding Doors) - 80 Kg / Door,9308642,Guide rollers,33,HIGH,HS Code: 83024190,,,,Standard,1083.00,INR,HIGH,"Qty: 1, Unit: Pc, PU: 1",,
Hettich,Sliding & Folding Systems,Grant 1260 with 3600 mm Runner (For Heavy Duty Folding Doors) - 80 Kg / Door,9308610,Kit for 1 fold,33,HIGH,HS Code: 83024200,,,,Standard,12331.00,INR,HIGH,"Qty: 1, Unit: Set, PU: 1",,
Hettich,Sliding & Folding Systems,Grant 1260 with 3600 mm Runner (For Heavy Duty Folding Doors) - 80 Kg / Door,9296876,"Guide profile, 3600 mm",33,HIGH,HS Code: 76041090,,,,Standard,2769.00,INR,HIGH,"Qty: 1, Unit: Pc, PU: 2",,
Hettich,Sliding & Folding Systems,Grant 1260 with 3600 mm Runner (For Heavy Duty Folding Doors) - 80 Kg / Door,9296873,"Runner profile, 3600 mm",33,HIGH,HS Code: 76041090,,,,Standard,7115.00,INR,HIGH,"Qty: 1, Unit: Pc, PU: 2",,
Hettich,Sliding & Folding Systems,Grant 1260 with 3600 mm Runner (For Heavy Duty Folding Doors) - 80 Kg / Door,9308642,Guide rollers,33,HIGH,HS Code: 83024190,,,,Standard,1083.00,INR,HIGH,"Qty: 1, Unit: Pc, PU: 1",,
Hettich,New Wardrobe Accessories,Leather Classification Box,9339711,"Leather Classification Box 600 mm, Grey Finish (W x D x H) - 564(W) x 465(D) x 76(H) mm",34,HIGH,HS Code: 83024200,,,,Grey,16950.00,INR,HIGH,"Qty: 1, Unit: Pc, PU: 1",,
Hettich,New Wardrobe Accessories,Leather Classification Box,9339712,"Leather Classification Box 900 mm, Grey Finish (W x D x H) - 864(W) x 465(D) x 76(H) mm",34,HIGH,HS Code: 83024200,,,,Grey,19450.00,INR,HIGH,"Qty: 1, Unit: Pc, PU: 1",,
Hettich,New Wardrobe Accessories,Leather Classification Box,9339732,"Leather Classification Box 600 mm, Mocha Finish (W x D x H) - 564(W) x 465(D) x 76(H) mm",34,HIGH,HS Code: 83024200,,,,Mocha,14740.00,INR,HIGH,"Qty: 1, Unit: Pc, PU: 1",,
Hettich,New Wardrobe Accessories,Leather Classification Box,9339733,"Leather Classification Box 900 mm, Mocha Finish (W x D x H) - 864(W) x 465(D) x 76(H) mm",34,HIGH,HS Code: 83024200,,,,Mocha,17440.00,INR,HIGH,"Qty: 1, Unit: Pc, PU: 1",,
Hettich,New Wardrobe Accessories,Leather Storage Basket,9339713,"Leather Storage Basket 600 mm, Grey Finish (W x D x H) - 564(W) x 465(D) x 170(H) mm",34,HIGH,HS Code: 83024200,,,,Grey,14900.00,INR,HIGH,"Qty: 1, Unit: Pc, PU: 1",,
Hettich,New Wardrobe Accessories,Leather Storage Basket,9339715,"Leather Storage Basket 900 mm, Grey Finish (W x D x H) - 864(W) x 465(D) x 170(H) mm",34,HIGH,HS Code: 83024200,,,,Grey,17670.00,INR,HIGH,"Qty: 1, Unit: Pc, PU: 1",,
Hettich,New Wardrobe Accessories,Leather Storage Basket,9339734,"Leather Storage Basket 600 mm, Mocha Finish (W x D x H) - 564(W) x 465(D) x 170(H) mm",34,HIGH,HS Code: 83024200,,,,Mocha,15040.00,INR,HIGH,"Qty: 1, Unit: Pc, PU: 1",,
Hettich,New Wardrobe Accessories,Leather Storage Basket,9339735,"Leather Storage Basket 900 mm, Mocha Finish (W x D x H) - 864(W) x 465(D) x 170(H) mm",34,HIGH,HS Code: 83024200,,,,Mocha,17740.00,INR,HIGH,"Qty: 1, Unit: Pc, PU: 1",,
Hettich,New Wardrobe Accessories,Rattan Lile Basket,9339716,"Rattan Lile Basket 600 mm, Grey Finish (W x D x H) - 564(W) x 460(D) x 170(H) mm",34,HIGH,HS Code: 83024200,,,,Grey,12880.00,INR,HIGH,"Qty: 1, Unit: Pc, PU: 1",,
Hettich,New Wardrobe Accessories,Rattan Lile Basket,9339717,"Rattan Lile Basket 900 mm, Grey Finish (W x D x H) - 864(W) x 460(D) x 170(H) mm",34,HIGH,HS Code: 83024200,,,,Grey,15650.00,INR,HIGH,"Qty: 1, Unit: Pc, PU: 1",,
Hettich,New Wardrobe Accessories,Rattan Lile Basket,9339736,"Rattan Lile Basket 600 mm, Mocha Finish (W x D x H) - 564(W) x 460(D) x 170(H) mm",34,HIGH,HS Code: 83024200,,,,Mocha,12630.00,INR,HIGH,"Qty: 1, Unit: Pc, PU: 1",,
Hettich,New Wardrobe Accessories,Rattan Lile Basket,9339737,"Rattan Lile Basket 900 mm, Mocha Finish (W x D x H) - 864(W) x 460(D) x 170(H) mm",34,HIGH,HS Code: 83024200,,,,Mocha,14440.00,INR,HIGH,"Qty: 1, Unit: Pc, PU: 1",,
Hettich,New Wardrobe Accessories,Leather Drawer with Password & Fingerprint,9339718,"Leather Drawer with Password & Fingerprint 600 mm, Grey Finish (W x D x H) - 564(W) x 400(D) x 150(H) mm",34,HIGH,HS Code: 83024200,,,,Grey,25090.00,INR,HIGH,"Qty: 1, Unit: Pc, PU: 1",,
Hettich,New Wardrobe Accessories,Leather Drawer with Password & Fingerprint,9339885,"Leather Drawer with Password & Fingerprint, Mocha Finish (W x D x H) - 478(W) x 425(D) x 162(H) mm (Surface Mount)",34,HIGH,HS Code: 83024200,,,,Mocha,32490.00,INR,HIGH,"Qty: 1, Unit: Pc, PU: 1",,
Hettich,New Wardrobe Accessories,Trousers Rack,9339719,"Trousers Rack 600 mm, Grey Finish (W x D x H) - 564(W) x 465(D) x 76(H) mm",35,HIGH,HS Code: 83024200,,,,Grey,10090.00,INR,HIGH,"Qty: 1, Unit: Pc, PU: 1",,
Hettich,New Wardrobe Accessories,Trousers Rack,9339720,"Trousers Rack 900 mm, Grey Finish (W x D x H) - 864(W) x 465(D) x 76(H) mm",35,HIGH,HS Code: 83024200,,,,Grey,12270.00,INR,HIGH,"Qty: 1, Unit: Pc, PU: 1",,
Hettich,New Wardrobe Accessories,Trousers Rack,9339886,"Trousers Rack 600 mm, Mocha Finish (W x D x H) - 564(W) x 465(D) x 76(H) mm",35,HIGH,HS Code: 83024200,,,,Mocha,9500.00,INR,HIGH,"Qty: 1, Unit: Pc, PU: 1",,
Hettich,New Wardrobe Accessories,Trousers Rack,9339887,"Trousers Rack 900 mm, Mocha Finish (W x D x H) - 864(W) x 465(D) x 76(H) mm",35,HIGH,HS Code: 83024200,,,,Mocha,11310.00,INR,HIGH,"Qty: 1, Unit: Pc, PU: 1",,
Hettich,New Wardrobe Accessories,Board Type Shoe Rack,9339663,Board Type Shoe Rack 600 mm - Grey Finish (W x D x H) - 564(W) x 465(D) x 175(H) mm,35,HIGH,HS Code: 83024200,,,,Grey,14210.00,INR,HIGH,"Qty: 1, Unit: Pc, PU: 1",,
Hettich,New Wardrobe Accessories,Board Type Shoe Rack,9339664,Board Type Shoe Rack 900 mm - Grey Finish (W x D x H) - 864(W) x 465(D) x 175(H) mm,35,HIGH,HS Code: 83024200,,,,Grey,16570.00,INR,HIGH,"Qty: 1, Unit: Pc, PU: 1",,
Hettich,New Wardrobe Accessories,Board Type Shoe Rack,9339919,Board Type Shoe Rack 600 mm - Mocha Finish (W x D x H) - 564(W) x 465(D) x 175(H) mm,35,HIGH,HS Code: 83024200,,,,Mocha,12030.00,INR,HIGH,"Qty: 1, Unit: Pc, PU: 1",,
Hettich,New Wardrobe Accessories,Board Type Shoe Rack,9339920,Board Type Shoe Rack 900 mm - Mocha Finish (W x D x H) - 864(W) x 465(D) x 175(H) mm,35,HIGH,HS Code: 83024200,,,,Mocha,13840.00,INR,HIGH,"Qty: 1, Unit: Pc, PU: 1",,
Hettich,New Wardrobe Accessories,Flannelette Sorting Box,9339666,Flannelette Sorting Box 600 mm - Grey Finish (W x D x H) - 564(W) x 460(D) x 71(H) mm,35,HIGH,HS Code: 83024200,,,,Grey,16380.00,INR,HIGH,"Qty: 1, Unit: Pc, PU: 1",,
Hettich,New Wardrobe Accessories,Flannelette Sorting Box,9339667,Flannelette Sorting Box 900 mm - Grey Finish (W x D x H) - 864(W) x 460(D) x 71(H) mm,35,HIGH,HS Code: 83024200,,,,Grey,18880.00,INR,HIGH,"Qty: 1, Unit: Pc, PU: 1",,
Hettich,New Wardrobe Accessories,Flannelette Sorting Box,9339923,Flannelette Sorting Box 600 mm - Mocha Finish (W x D x H) - 564(W) x 460(D) x 71(H) mm,35,HIGH,HS Code: 83024200,,,,Mocha,14130.00,INR,HIGH,"Qty: 1, Unit: Pc, PU: 1",,
Hettich,New Wardrobe Accessories,Flannelette Sorting Box,9339924,Flannelette Sorting Box 900 mm - Mocha Finish (W x D x H) - 864(W) x 460(D) x 71(H) mm,35,HIGH,HS Code: 83024200,,,,Mocha,16840.00,INR,HIGH,"Qty: 1, Unit: Pc, PU: 1",,
Hettich,New Wardrobe Accessories,Lateral Pants Rack,9339721,Lateral Pants Rack 500 mm - Grey Finish (W x D x H) - 350(W) x 455(D) x 115(H) mm,35,HIGH,HS Code: 83024200,,,,Grey,6230.00,INR,HIGH,"Qty: 1, Unit: Pc, PU: 1",,
Hettich,New Wardrobe Accessories,Lateral Pants Rack,9339888,Lateral Pants Rack 500 mm - Mocha Finish (W x D x H) - 350(W) x 455(D) x 115(H) mm,35,HIGH,HS Code: 83024200,,,,Mocha,6440.00,INR,HIGH,"Qty: 1, Unit: Pc, PU: 1",,
Hettich,New Wardrobe Accessories,Top Mounted Pants Rack with Two Row,9339722,"Top Mounted Pants Rack with Two Row 700 mm, Grey Finish (W x D x H) - 630(W) x 455(D) x 115(H) mm",35,HIGH,HS Code: 83024200,,,,Grey,7930.00,INR,HIGH,"Qty: 1, Unit: Pc, PU: 1",,
Hettich,New Wardrobe Accessories,Top Mounted Pants Rack with Two Row,9339889,"Top Mounted Pants Rack with Two Row 700 mm, Mocha Finish (W x D x H) - 630(W) x 455(D) x 115(H) mm",35,HIGH,HS Code: 83024200,,,,Mocha,8140.00,INR,HIGH,"Qty: 1, Unit: Pc, PU: 1",,
Hettich,New Wardrobe Accessories,Clothes Holder,9339723,Clothes Holder 500 mm - Grey Finish (W x D x H) - 115(W) x 455(D) x 115(H) mm,36,HIGH,HS Code: 83024200,,,,Grey,5220.00,INR,HIGH,"Qty: 1, Unit: Pc, PU: 1",,
Hettich,New Wardrobe Accessories,Clothes Holder,9339890,Clothes Holder 500 mm - Mocha Finish (W x D x H) - 115(W) x 455(D) x 115(H) mm,36,HIGH,HS Code: 83024200,,,,Mocha,5420.00,INR,HIGH,"Qty: 1, Unit: Pc, PU: 1",,
Hettich,New Wardrobe Accessories,Tie Rack,9339724,Tie Rack - Grey Finish (W x D x H) - 100(W) x 430(D) x 80(H) mm,36,HIGH,HS Code: 83024200,,,,Grey,2180.00,INR,HIGH,"Qty: 1, Unit: Pc, PU: 1",,
Hettich,New Wardrobe Accessories,Tie Rack,9339911,Tie Rack - Mocha Finish (W x D x H) - 100(W) x 430(D) x 80(H) mm,36,HIGH,HS Code: 83024200,,,,Mocha,2370.00,INR,HIGH,"Qty: 1, Unit: Pc, PU: 1",,
Hettich,New Wardrobe Accessories,Wardrobe Lift,9339725,Wardrobe Lift 580 mm - Grey Finish (W x D x H) - 540-690(W) x 140(D) x 820(H) mm,36,HIGH,HS Code: 83024200,,,,Grey,5490.00,INR,HIGH,"Qty: 1, Unit: Pc, PU: 1",,
Hettich,New Wardrobe Accessories,Wardrobe Lift,9339726,Wardrobe Lift 960 mm - Grey Finish (W x D x H) - 920-1240(W) x 140(D) x 820(H) mm,36,HIGH,HS Code: 83024200,,,,Grey,5490.00,INR,HIGH,"Qty: 1, Unit: Pc, PU: 1",,
Hettich,New Wardrobe Accessories,Wardrobe Lift,9339913,Wardrobe Lift 580 mm - Mocha Finish (W x D x H) - 540-690(W) x 140(D) x 820(H) mm,36,HIGH,HS Code: 83024200,,,,Mocha,5750.00,INR,HIGH,"Qty: 1, Unit: Pc, PU: 1",,
Hettich,New Wardrobe Accessories,Wardrobe Lift,9339914,Wardrobe Lift 960 mm - Mocha Finish (W x D x H) - 920-1240(W) x 140(D) x 820(H) mm,36,HIGH,HS Code: 83024200,,,,Mocha,5750.00,INR,HIGH,"Qty: 1, Unit: Pc, PU: 1",,
Hettich,New Wardrobe Accessories,Clothes Rack Set,9339727,Clothes Rack Set Square Rod - Grey Finish (W x D x H) - 3000(W) x 12(D) x 30(H) mm,36,HIGH,HS Code: 83024200,,,,Grey,2440.00,INR,HIGH,"Qty: 1, Unit: Pc, PU: 1",,
Hettich,New Wardrobe Accessories,Clothes Rack Set,9339728,Clothes Rack Set Side Mount - Grey Finish (W x D x H) - 22(W) x 15(D) x 78(H) mm,36,HIGH,HS Code: 83024200,,,,Grey,570.00,INR,HIGH,"Qty: 1, Unit: Set, PU: 1",,
Hettich,New Wardrobe Accessories,Clothes Rack Set,9339729,Clothes Rack Set Top Mount - Grey Finish (W x D x H) - 22(W) x 15(D) x 78(H) mm,36,HIGH,HS Code: 83024200,,,,Grey,570.00,INR,HIGH,"Qty: 1, Unit: Set, PU: 1",,
Hettich,New Wardrobe Accessories,Clothes Rack Set,9339916,Clothes Rack Set Square Rod - Mocha Finish (W x D x H) - 3000(W) x 12(D) x 30(H) mm,36,HIGH,HS Code: 83024200,,,,Mocha,2540.00,INR,HIGH,"Qty: 1, Unit: Pc, PU: 1",,
Hettich,New Wardrobe Accessories,Clothes Rack Set,9339917,Clothes Rack Set Side Mount - Mocha Finish (W x D x H) - 22(W) x 15(D) x 78(H) mm,36,HIGH,HS Code: 83024200,,,,Mocha,620.00,INR,HIGH,"Qty: 1, Unit: Set, PU: 1",,
Hettich,New Wardrobe Accessories,Clothes Rack Set,9339918,Clothes Rack Set Top Mount - Mocha Finish (W x D x H) - 22(W) x 15(D) x 78(H) mm,36,HIGH,HS Code: 83024200,,,,Mocha,620.00,INR,HIGH,"Qty: 1, Unit: Set, PU: 1",,
Hettich,New Wardrobe Accessories,Ironing Board,9339669,Ironing Board 400 mm - Grey Finish (W x D x H) - 295(W) x 430(D) x 140(H) mm,36,HIGH,HS Code: 83024200,,,,Grey,9310.00,INR,HIGH,"Qty: 1, Unit: Pc, PU: 1",,
Hettich,New Wardrobe Accessories,Revolve Mirror (With Edge Protector),9339665,Revolve Mirror 350 mm - Grey Finish (W x H) - 350(W) x 1000(H) mm,37,HIGH,HS Code: 83024200,,,,Grey,5940.00,INR,HIGH,"Qty: 1, Unit: Pc, PU: 1",,
Hettich,New Wardrobe Accessories,Revolve Mirror (With Edge Protector),9339922,Revolve Mirror 350 mm - Mocha Finish (W x H) - 350(W) x 1000(H) mm,37,HIGH,HS Code: 83024200,,,,Mocha,5770.00,INR,HIGH,"Qty: 1, Unit: Pc, PU: 1",,
Hettich,New Wardrobe Accessories,Top Mounted Clothes Rack,9339668,"Top Mounted Clothes Rack 800 mm, Grey Finish (W x D x H) - 525(W) x 525(D) x 125(H) mm",37,HIGH,HS Code: 83024200,,,,Grey,5700.00,INR,HIGH,"Qty: 1, Unit: Pc, PU: 1",,
Hettich,New Wardrobe Accessories,Top Mounted Clothes Rack,9339925,"Top Mounted Clothes Rack 800 mm, Mocha Finish (W x D x H) - 525(W) x 525(D) x 125(H) mm",37,HIGH,HS Code: 83024200,,,,Mocha,5720.00,INR,HIGH,"Qty: 1, Unit: Pc, PU: 1",,
Hettich,New Wardrobe Accessories,"360 Degree Shoe Rack (Order frame, layer & slide for making complete set)",9339670,"360 Shoe Rack 4 Tier (Frame), Grey Finish (W x D x H) - 700(W) x 360(D) x 790-990(H) mm",37,HIGH,HS Code: 83024200,,,,Grey,7125.00,INR,HIGH,"Qty: 1, Unit: Pc, PU: 1",,
Hettich,New Wardrobe Accessories,"360 Degree Shoe Rack (Order frame, layer & slide for making complete set)",9347734,"360 Shoe Rack 4 Tier (Layer), Grey Finish (W x D x H) - 700(W) x 360(D) x 790-990(H) mm",37,HIGH,HS Code: 83024200,,,,Grey,11010.00,INR,HIGH,"Qty: 1, Unit: Pc, PU: 1",,
Hettich,New Wardrobe Accessories,"360 Degree Shoe Rack (Order frame, layer & slide for making complete set)",9347735,"360 Shoe Rack 4 Tier (Slide), Grey Finish (W x D x H) - 700(W) x 360(D) x 790-990(H) mm",37,HIGH,HS Code: 83024200,,,,Grey,7915.00,INR,HIGH,"Qty: 1, Unit: Pc, PU: 1",,
Hettich,New Wardrobe Accessories,"360 Degree Shoe Rack (Order frame, layer & slide for making complete set)",9339731,"360 Shoe Rack 12 Tier (Frame), Grey Finish (W x D x H) - 700(W) x 360(D) x 1910-2110(H) mm",37,HIGH,HS Code: 83024200,,,,Grey,7525.00,INR,HIGH,"Qty: 1, Unit: Pc, PU: 1",,
Hettich,New Wardrobe Accessories,"360 Degree Shoe Rack (Order frame, layer & slide for making complete set)",9347736,"360 Shoe Rack 12 Tier (Layer), Grey Finish (W x D x H) - 700(W) x 360(D) x 1910-2110(H) mm",37,HIGH,HS Code: 83024200,,,,Grey,22455.00,INR,HIGH,"Qty: 1, Unit: Pc, PU: 1",,
Hettich,New Wardrobe Accessories,"360 Degree Shoe Rack (Order frame, layer & slide for making complete set)",9347737,"360 Shoe Rack 12 Tier (Slide), Grey Finish (W x D x H) - 700(W) x 360(D) x 1910-2110(H) mm",37,HIGH,HS Code: 83024200,,,,Grey,7920.00,INR,HIGH,"Qty: 1, Unit: Pc, PU: 1",,
Hettich,New Wardrobe Accessories,"360 Degree Shoe Rack (Order frame, layer & slide for making complete set)",9339926,"360 Shoe Rack 4 Tier (Frame), Mocha Finish (W x D x H) - 700(W) x 360(D) x 790-990(H) mm",37,HIGH,HS Code: 83024200,,,,Mocha,7550.00,INR,HIGH,"Qty: 1, Unit: Pc, PU: 1",,
Hettich,New Wardrobe Accessories,"360 Degree Shoe Rack (Order frame, layer & slide for making complete set)",9347738,"360 Shoe Rack 4 Tier (Layer), Mocha Finish (W x D x H) - 700(W) x 360(D) x 790-990(H) mm",37,HIGH,HS Code: 83024200,,,,Mocha,11160.00,INR,HIGH,"Qty: 1, Unit: Pc, PU: 1",,
Hettich,New Wardrobe Accessories,"360 Degree Shoe Rack (Order frame, layer & slide for making complete set)",9347739,"360 Shoe Rack 4 Tier (Slide), Mocha Finish (W x D x H) - 700(W) x 360(D) x 790-990(H) mm",37,HIGH,HS Code: 83024200,,,,Mocha,8340.00,INR,HIGH,"Qty: 1, Unit: Pc, PU: 1",,
Hettich,New Wardrobe Accessories,"360 Degree Shoe Rack (Order frame, layer & slide for making complete set)",9339927,"360 Shoe Rack 12 Tier (Frame), Mocha Finish (W x D x H) - 700(W) x 360(D) x 1910-2110(H) mm",37,HIGH,HS Code: 83024200,,,,Mocha,7940.00,INR,HIGH,"Qty: 1, Unit: Pc, PU: 1",,
Hettich,New Wardrobe Accessories,"360 Degree Shoe Rack (Order frame, layer & slide for making complete set)",9347740,"360 Shoe Rack 12 Tier (Layer), Mocha Finish (W x D x H) - 700(W) x 360(D) x 1910-2110(H) mm",37,HIGH,HS Code: 83024200,,,,Mocha,22660.00,INR,HIGH,"Qty: 1, Unit: Pc, PU: 1",,
Hettich,New Wardrobe Accessories,"360 Degree Shoe Rack (Order frame, layer & slide for making complete set)",9347741,"360 Shoe Rack 12 Tier (Slide), Mocha Finish (W x D x H) - 700(W) x 360(D) x 1910-2110(H) mm",37,HIGH,HS Code: 83024200,,,,Mocha,8340.00,INR,HIGH,"Qty: 1, Unit: Pc, PU: 1",,
Hettich,Magic Lights,Linear Lights,9335232,"Versa Inside 80, 12VDC WW, L=5m, 4.8W/m, Lead 2x1.8m",39,HIGH,HS Code: 94054231,,,,Standard,5450.00,INR,HIGH,"Qty: 1, Unit: Pc, PU: 1",,
Hettich,Magic Lights,Linear Lights,9335231,"Versa Inside 80, 12VDC NW, L=5m, 4.8W/m, Lead 2x1.8m1",39,HIGH,HS Code: 94054231,,,,Standard,5450.00,INR,HIGH,"Qty: 1, Unit: Pc, PU: 1",,
Hettich,Magic Lights,Linear Lights,9335234,"Versa Inside 120, 12VDC WW, L=5m, 7.2W/m, Lead 2x1.8m",39,HIGH,HS Code: 94054231,,,,Standard,7000.00,INR,HIGH,"Qty: 1, Unit: Pc, PU: 1",,
Hettich,Magic Lights,Linear Lights,9335233,"Versa Inside 120, 12VDC NW, L=5m, 7.2W/m, Lead 2x1.8m",39,HIGH,HS Code: 94054231,,,,Standard,7000.00,INR,HIGH,"Qty: 1, Unit: Pc, PU: 1",,
Hettich,Magic Lights,Linear Lights,9335237,"Versa Inside 2x160, 12VDC MW2, L=3.0m, 9.6W/m, Lead 2x1.8m (MultiWhite accessories required)",39,HIGH,HS Code: 94054231,,,,Standard,16000.00,INR,HIGH,"Qty: 1, Unit: Pc, PU: 1",,
Hettich,Magic Lights,Linear Lights,9335236,"Versa Inside 160, 12VDC WW, L=3m, 9.6W/m, Lead 2x1.8m",39,HIGH,HS Code: 94054231,,,,Standard,8000.00,INR,HIGH,"Qty: 1, Unit: Pc, PU: 1",,
Hettich,Magic Lights,Linear Lights,9335235,"Versa Inside 160, 12VDC NW, L=3m, 9.6W/m, Lead 2x1.8m",39,HIGH,HS Code: 94054231,,,,Standard,8000.00,INR,HIGH,"Qty: 1, Unit: Pc, PU: 1",,
Hettich,Magic Lights,Linear Lights,9335238,"Versa Linear COB, 12VDC WW, L=3m, 10W/m, lead 2x1.8m",39,HIGH,HS Code: 94054231,,,,Standard,5350.00,INR,HIGH,"Qty: 1, Unit: Pc, PU: 1",,
Hettich,Magic Lights,Linear Lights,9335240,"Versa up&down, 2x80, 12VDC WW, L=3m, 9.6W/m, Lead 2x1.8m",39,HIGH,HS Code: 94054231,,,,Standard,10900.00,INR,HIGH,"Qty: 1, Unit: Pc, PU: 1",,
Hettich,Magic Lights,Linear Lights,9335239,"Versa up&down, 2x80, 12VDC NW, L=3m, 9.6W/m, Lead 2x1.8m",39,HIGH,HS Code: 94054231,,,,Standard,10900.00,INR,HIGH,"Qty: 1, Unit: Pc, PU: 1",,
Hettich,Magic Lights,Linear Light Accessories,9315676,Direct Connector (Max.36 Watt),39,HIGH,HS Code: 94059200,,,,Standard,110.00,INR,HIGH,"Qty: 1, Unit: Pc, PU: 1",,
Hettich,Magic Lights,Linear Light Accessories,9315677,"Flexible Connector, L=50mm (Max. 36 Watt)",39,HIGH,HS Code: 94059200,,,,Standard,240.00,INR,HIGH,"Qty: 1, Unit: Pc, PU: 1",,
Hettich,Magic Lights,Linear Light Accessories,9310240,"Flexible Connector, L=150mm (Max. 36 Watt)",39,HIGH,HS Code: 85444290,,,,Standard,270.00,INR,HIGH,"Qty: 1, Unit: Pc, PU: 1",,
Hettich,Magic Lights,Linear Light Accessories,9310035,"Feeder, L=1800mm (Max. 36 Watt)",39,HIGH,HS Code: 85444290,,,,Standard,340.00,INR,HIGH,"Qty: 1, Unit: Pc, PU: 1",,
Hettich,Magic Lights,Linear Light Accessories,9310032,Direct Connector (Max.36 Watt),39,HIGH,HS Code: 94059200,,,,Standard,950.00,INR,HIGH,"Qty: 10, Unit: Pc, PU: 1",,
Hettich,Magic Lights,Linear Light Accessories,9310033,"Flexible Connector, L=50mm (Max. 36 Watt)",39,HIGH,HS Code: 85444290,,,,Standard,2450.00,INR,HIGH,"Qty: 10, Unit: Pc, PU: 1",,
Hettich,Magic Lights,Linear Light Accessories,9326308,"Flexible Connector, L=150mm (Max. 36 Watt)",39,HIGH,HS Code: 85444290,,,,Standard,2650.00,INR,HIGH,"Qty: 10, Unit: Pc, PU: 1",,
Hettich,Magic Lights,Linear Light Accessories,9321363,Direct connector COB,39,HIGH,HS Code: 85366990,,,,Standard,220.00,INR,HIGH,"Qty: 1, Unit: Pc, PU: 1",,
Hettich,Magic Lights,Linear Light Accessories,9321364,"Flexible Connector COB, L=50mm",39,HIGH,HS Code: 85444290,,,,Standard,560.00,INR,HIGH,"Qty: 1, Unit: Pc, PU: 1",,
Hettich,Magic Lights,Linear Light Accessories,9321365,"Flexible Connector COB, L=150mm",39,HIGH,HS Code: 85444290,,,,Standard,560.00,INR,HIGH,"Qty: 1, Unit: Pc, PU: 1",,
Hettich,Magic Lights,Linear Light Accessories,9321366,"Feeder COB, L=1800mm",39,HIGH,HS Code: 85444290,,,,Standard,560.00,INR,HIGH,"Qty: 1, Unit: Pc, PU: 1",,
Hettich,Magic Lights,ChannelLine A,9084267,"ChannelLine A, L=3000 mm, Alu profile & Opal Cover",39,HIGH,HS Code: 94059200,,,,Standard,9350.00,INR,HIGH,"Qty: 1, Unit: Pc, PU: 1",,
Hettich,Magic Lights,ChannelLine A,9244246,ChannelLine A End cap (Set of 2),39,HIGH,HS Code: 94059200,,,,Standard,110.00,INR,HIGH,"Qty: 1, Unit: Set, PU: 1",,
Hettich,Magic Lights,ChannelLine B,9308463,"ChannelLine B, L=3000 mm, Alu profile & Opal Cover",39,HIGH,HS Code: 94059900,,,,Standard,5750.00,INR,HIGH,"Qty: 1, Unit: Pc, PU: 1",,
Hettich,Magic Lights,ChannelLine B,9310124,"ChannelLine B End cap Type 2 (Set of 2), Alu",39,HIGH,HS Code: 94059200,,,,Standard,190.00,INR,HIGH,"Qty: 1, Unit: Set, PU: 1",,
Hettich,Magic Lights,ChannelLine B,9310125,"ChannelLine B, L=3000, Black Alu profile & Opal Cover",39,HIGH,HS Code: 94059900,,,,Standard,6400.00,INR,HIGH,"Qty: 1, Unit: Pc, PU: 1",,
Hettich,Magic Lights,ChannelLine B,9310128,"ChannelLine B End cap type 2 (Set of 2), Black",39,HIGH,HS Code: 94059200,,,,Standard,190.00,INR,HIGH,"Qty: 1, Unit: Set, PU: 1",,
Hettich,Magic Lights,ChannelLine C,9310129,"ChannelLine C, L=3000, Alu profile & Opal Cover",40,HIGH,HS Code: 94059900,,,,Standard,5250.00,INR,HIGH,"Qty: 1, Unit: Pc, PU: 1",,
Hettich,Magic Lights,ChannelLine C,9310130,"ChannelLine C End cap Type 2 (Set of 2), Alu",40,HIGH,HS Code: 94059200,,,,Standard,190.00,INR,HIGH,"Qty: 1, Unit: Set, PU: 1",,
Hettich,Magic Lights,ChannelLine C,9310132,"ChannelLine C, L=3000, Black Alu profile & Opal Cover",40,HIGH,HS Code: 94059900,,,,Standard,6400.00,INR,HIGH,"Qty: 1, Unit: Pc, PU: 1",,
Hettich,Magic Lights,ChannelLine C,9310135,"ChannelLine C End cap type 2 (Set of 2), Black",40,HIGH,HS Code: 94059200,,,,Standard,190.00,INR,HIGH,"Qty: 1, Unit: Set, PU: 1",,
Hettich,Magic Lights,ChannelLine D,9310137,"ChannelLine D, L=3000, Alu profile &Opal Cover",40,HIGH,HS Code: 94059900,,,,Standard,5400.00,INR,HIGH,"Qty: 1, Unit: Pc, PU: 1",,
Hettich,Magic Lights,ChannelLine D,9244279,"ChannelLine D End cap (Set of 2), Alu",40,HIGH,HS Code: 94059200,,,,Standard,150.00,INR,HIGH,"Qty: 1, Unit: Set, PU: 1",,
Hettich,Magic Lights,ChannelLine D,9310138,"ChannelLine D, L=3000, Black Alu profile & Opal Cover",40,HIGH,HS Code: 94059900,,,,Standard,5950.00,INR,HIGH,"Qty: 1, Unit: Pc, PU: 1",,
Hettich,Magic Lights,ChannelLine D,9310139,"ChannelLine D (End cap Set of 2), Black",40,HIGH,HS Code: 94059200,,,,Standard,150.00,INR,HIGH,"Qty: 1, Unit: Set, PU: 1",,
Hettich,Magic Lights,ChannelLine i,9310141,"ChannelLine I, L=3000, Alu profile & Opal Cover",40,HIGH,HS Code: 94059900,,,,Standard,4700.00,INR,HIGH,"Qty: 1, Unit: Pc, PU: 1",,
Hettich,Magic Lights,ChannelLine i,9244281,"ChannelLine i End cap (Set of 2), Alu",40,HIGH,HS Code: 94059200,,,,Standard,110.00,INR,HIGH,"Qty: 1, Unit: Set, PU: 1",,
Hettich,Magic Lights,ChannelLine i,9312166,"ChannelLine I, L=3000, Black Alu profile & Opal Cover",40,HIGH,HS Code: 94059900,,,,Standard,4850.00,INR,HIGH,"Qty: 1, Unit: Pc, PU: 1",,
Hettich,Magic Lights,ChannelLine i,9312165,"ChannelLine i End cap (Set of 2), Black",40,HIGH,HS Code: 94059200,,,,Standard,110.00,INR,HIGH,"Qty: 1, Unit: Set, PU: 1",,
Hettich,Magic Lights,ChannelLine i2,9321548,"ChannelLine i2, L=3000, Alu profile &Opal Cover",40,HIGH,HS Code: 94059900,,,,Standard,5250.00,INR,HIGH,"Qty: 1, Unit: Pc, PU: 1",,
Hettich,Magic Lights,ChannelLine i2,9321550,"ChannelLine i2, End cap (Set of 2), Alu",40,HIGH,HS Code: 94059200,,,,Standard,190.00,INR,HIGH,"Qty: 1, Unit: Set, PU: 1",,
Hettich,Magic Lights,ChannelLine i2,9321549,"ChannelLine i2, L=3000, Black Alu profile & Opal Cover",40,HIGH,HS Code: 94059900,,,,Standard,5000.00,INR,HIGH,"Qty: 1, Unit: Pc, PU: 1",,
Hettich,Magic Lights,ChannelLine i2,9321691,"ChannelLine i2, End cap (Set of 2), Black",40,HIGH,HS Code: 94059200,,,,Standard,110.00,INR,HIGH,"Qty: 1, Unit: Set, PU: 1",,
Hettich,Magic Lights,ChannelLine G2,9315697,"ChannelLine G2, L=3000, Alu profile & Opal Cover",40,HIGH,HS Code: 94059900,,,,Standard,6550.00,INR,HIGH,"Qty: 1, Unit: Pc, PU: 1",,
Hettich,Magic Lights,ChannelLine G2,9244283,"ChannelLine G2 End cap (Set of 2), Alu",40,HIGH,HS Code: 94059200,,,,Standard,140.00,INR,HIGH,"Qty: 1, Unit: Set, PU: 1",,
Hettich,Magic Lights,ChannelLine G2,9315698,"ChannelLine G2, L=3000, Black Alu profile & Opal Cover",40,HIGH,HS Code: 94059900,,,,Standard,6200.00,INR,HIGH,"Qty: 1, Unit: Pc, PU: 1",,
Hettich,Magic Lights,ChannelLine G2,9304152,"ChannelLine G2 End cap (Set of 2), Black",40,HIGH,HS Code: 94059200,,,,Standard,140.00,INR,HIGH,"Qty: 1, Unit: Set, PU: 1",,
Hettich,Magic Lights,ChannelLine H,9244566,"ChannelLine H, L=3000, Alu profile & Opal Cover",40,HIGH,HS Code: 94054900,,,,Standard,5250.00,INR,HIGH,"Qty: 1, Unit: Pc, PU: 1",,
Hettich,Magic Lights,ChannelLine H,9244567,ChannelLine H (End cap Set of 2),40,HIGH,HS Code: 94054900,,,,Standard,110.00,INR,HIGH,"Qty: 1, Unit: Set, PU: 1",,
Hettich,Magic Lights,ChannelLine F,9162630,"ChannelLine F, L=3000, Opal Cover",40,HIGH,HS Code: 94054900,,,,Standard,3100.00,INR,HIGH,"Qty: 1, Unit: Pc, PU: 1",,
Hettich,Magic Lights,SuperSpot Eco,9335242,"SuperSpot Eco WW, 12VDC, 4.2W, Stainless Steel",41,HIGH,HS Code: 94054239,,,,Standard,3350.00,INR,HIGH,"Qty: 1, Unit: Pc, PU: 1",,
Hettich,Magic Lights,SuperSpot Eco,9335241,"SuperSpot Eco NW, 12VDC, 4.2W, Stainless Steel",41,HIGH,HS Code: 94054239,,,,Standard,3350.00,INR,HIGH,"Qty: 1, Unit: Set, PU: 1",,
Hettich,Magic Lights,LitePanel 68,9335243,"LitePanel 68 MW2 12VDC, 4.3W, Black (Connected directly to an electronic ballast, the light colour is Xtra Warm White (2700K))",41,HIGH,HS Code: 94054239,,,,Standard,2500.00,INR,HIGH,"Qty: 1, Unit: Pc, PU: 1",,
Hettich,Magic Lights,Multilite Flood,9335244,"MultiLite Flood WW, 12VDC, 4W, round, without ring",41,HIGH,HS Code: 94054231,,,,Standard,2000.00,INR,HIGH,"Qty: 1, Unit: Pc, PU: 1",,
Hettich,Magic Lights,Multilite Flood,9245072,"MultiLite Flood cover ring, Alu Look",41,HIGH,HS Code: 94059200,,,,Standard,320.00,INR,HIGH,"Qty: 1, Unit: Pc, PU: 1",,
Hettich,Magic Lights,Multilite Flood,9245073,"MultiLite Flood-cover ring, Chrome Matt",41,HIGH,HS Code: 94059200,,,,Standard,320.00,INR,HIGH,"Qty: 1, Unit: Pc, PU: 1",,
Hettich,Magic Lights,Multilite Flood,9245077,"MultiLite Flood-cover ring, Stainless Steel look",41,HIGH,HS Code: 94059200,,,,Standard,470.00,INR,HIGH,"Qty: 1, Unit: Pc, PU: 1",,
Hettich,Magic Lights,Multilite Flood,9254413,"MultiLite Flood-cover ring, Gold coloured",41,HIGH,HS Code: 94059200,,,,Standard,370.00,INR,HIGH,"Qty: 1, Unit: Pc, PU: 1",,
Hettich,Magic Lights,Multilite Flood,9254414,"MultiLite Flood-cover ring, Bronze look",41,HIGH,HS Code: 94059200,,,,Standard,170.00,INR,HIGH,"Qty: 1, Unit: Pc, PU: 1",,
Hettich,Magic Lights,Multilite Flood,9279478,"MultiLite Flood-cover ring, Black",41,HIGH,HS Code: 94059200,,,,Standard,470.00,INR,HIGH,"Qty: 1, Unit: Pc, PU: 1",,
Hettich,Magic Lights,PowerLite Plus,9335247,"PowerLite WW, 12VDC, 3.5W, Stainless Steel",41,HIGH,HS Code: 94054239,,,,Standard,2550.00,INR,HIGH,"Qty: 1, Unit: Pc, PU: 1",,
Hettich,Magic Lights,PowerLite Plus,9335246,"PowerLite NW, 12VDC, 3.5W, Stainless Steel",41,HIGH,HS Code: 94054239,,,,Standard,2550.00,INR,HIGH,"Qty: 1, Unit: Pc, PU: 1",,
Hettich,Magic Lights,EcoPower L,9335248,"Eco Power L WW, 12VDC, 3.2W, Stainless Steel",41,HIGH,HS Code: 94054231,,,,Standard,1750.00,INR,HIGH,"Qty: 1, Unit: Pc, PU: 1",,
Hettich,Magic Lights,EcoPower L,9335249,"EcoPower L WW, 12VDC, 3.2W, Black",41,HIGH,HS Code: 94054231,,,,Standard,1600.00,INR,HIGH,"Qty: 1, Unit: Pc, PU: 1",,
Hettich,Magic Lights,Eco Spot,9335250,"Eco Spot WW, 12VDC, 1.5W, Stainless Steel",41,HIGH,HS Code: 94054231,,,,Standard,1100.00,INR,HIGH,"Qty: 1, Unit: Pc, PU: 1",,
Hettich,Magic Lights,SideSpot,9335251,"Side Spot, Extra WW, 12VDC, 1.4W, Black",41,HIGH,HS Code: 94054239,,,,Standard,1350.00,INR,HIGH,"Qty: 1, Unit: Pc, PU: 1",,
Hettich,Magic Lights,HandleLine,9335192,"HandleLine i MW2 Stainless Steel, 567mm, 12VDC, max. 5.3W",42,HIGH,HS Code: 94054239,,,,Standard,3000.00,INR,HIGH,"Qty: 1, Unit: Pc, PU: 1",,
Hettich,Magic Lights,HandleLine,9335193,"HandleLine i MW2 Stainless Steel, 867mm, 12VDC, max. 8.2W",42,HIGH,HS Code: 94054239,,,,Standard,4350.00,INR,HIGH,"Qty: 1, Unit: Pc, PU: 1",,
Hettich,Magic Lights,HandleLine,9335194,"HandleLine i MW2 Stainless Steel, 967mm, 12VDC, max. 9.2W",42,HIGH,HS Code: 94054239,,,,Standard,4550.00,INR,HIGH,"Qty: 1, Unit: Pc, PU: 1",,
Hettich,Magic Lights,HandleLine,9335195,"HandleLine i MW2 Stainless Steel, 1167mm, 12VDC, max. 11.1W",42,HIGH,HS Code: 94054239,,,,Standard,5650.00,INR,HIGH,"Qty: 1, Unit: Pc, PU: 1",,
Hettich,Magic Lights,HandleLine,9335196,"HandleLine i MW2 blackopal 567mm, 12VDC, max. 5.3W",42,HIGH,HS Code: 94054239,,,,Standard,4810.00,INR,HIGH,"Qty: 1, Unit: Pc, PU: 1",,
Hettich,Magic Lights,HandleLine,9335197,"HandleLine i MW2 blackopal 867mm, 12VDC, max. 8.2W",42,HIGH,HS Code: 94054239,,,,Standard,4550.00,INR,HIGH,"Qty: 1, Unit: Pc, PU: 1",,
Hettich,Magic Lights,HandleLine,9335198,"HandleLine i MW2 blackopal 967mm, 12VDC, max. 9.2W",42,HIGH,HS Code: 94054239,,,,Standard,4750.00,INR,HIGH,"Qty: 1, Unit: Pc, PU: 1",,
Hettich,Magic Lights,HandleLine,9335199,"HandleLine i MW2 blackopal 1167mm, 12VDC, max. 11.1W (Connected directly to an electronic ballast, the light colour is XtraWarmWhite (2700K))",42,HIGH,HS Code: 94054239,,,,Standard,5800.00,INR,HIGH,"Qty: 1, Unit: Pc, PU: 1",,
Hettich,Magic Lights,LitePipe,9335255,"Lite Pipe, 1000mm, Alu, WW, 12VDC, 5.0W",42,HIGH,HS Code: 94054239,,,,Standard,10450.00,INR,HIGH,"Qty: 1, Unit: Pc, PU: 1",,
Hettich,Magic Lights,LitePipe,9335254,"Lite Pipe, 1200mm, Alu, WW, 12VDC, 5.5W",42,HIGH,HS Code: 94054239,,,,Standard,11420.00,INR,HIGH,"Qty: 1, Unit: Pc, PU: 1",,
Hettich,Magic Lights,LitePipe,9335253,"Lite Pipe, 1000mm, Alu, NW, 12VDC, 5.0W",42,HIGH,HS Code: 94054239,,,,Standard,10450.00,INR,HIGH,"Qty: 1, Unit: Pc, PU: 1",,
Hettich,Magic Lights,LitePipe,9335252,"Lite Pipe, 1200mm, Alu, NW, 12VDC, 5.5W",42,HIGH,HS Code: 94054239,,,,Standard,11420.00,INR,HIGH,"Qty: 1, Unit: Pc, PU: 1",,
Hettich,Magic Lights,InnoLine Plus,9335256,"Innoline Plus, NW, 12VDC, 2.3W, L=401-500mm, IR Sensor",42,HIGH,HS Code: 94054239,,,,Standard,5320.00,INR,HIGH,"Qty: 1, Unit: Pc, PU: 1",,
Hettich,Magic Lights,InnoLine Plus,9335257,"Innoline Plus, NW, 12VDC, 2.8W, L=501-600mm, IR Sensor",42,HIGH,HS Code: 94054239,,,,Standard,4900.00,INR,HIGH,"Qty: 1, Unit: Pc, PU: 1",,
Hettich,Magic Lights,InnoLine Plus,9335258,"Innoline Plus, NW, 12VDC, 4.2W, L=801-900mm, IR Sensor",42,HIGH,HS Code: 94054239,,,,Standard,6500.00,INR,HIGH,"Qty: 1, Unit: Pc, PU: 1",,
Hettich,Magic Lights,InnoLine Plus,9335259,"Innoline Plus, NW, 12VDC, 4.7W, L=901-1000mm, IR Sensor",42,HIGH,HS Code: 94054239,,,,Standard,6500.00,INR,HIGH,"Qty: 1, Unit: Pc, PU: 1",,
Hettich,Magic Lights,InnoLine Plus,9335260,"Innoline Plus, NW, 12VDC, 5.7W, L=1101-1200mm, IR Sensor",42,HIGH,HS Code: 94054239,,,,Standard,7500.00,INR,HIGH,"Qty: 1, Unit: Pc, PU: 1",,
Hettich,Magic Lights,X Mitter,9326539,X-Mitter Smart Remote control incl. Mounting Ring (Zigbee),42,HIGH,HS Code: 85365005,,,,Standard,3850.00,INR,HIGH,"Qty: 1, Unit: Pc, PU: 1",,
Hettich,Magic Lights,X Mitter,9326532,"Smart Receiver 12VDC, Max.36W",42,HIGH,HS Code: 85371000,,,,Standard,5250.00,INR,HIGH,"Qty: 1, Unit: Pc, PU: 1",,
Hettich,Magic Lights,X Mitter,9326538,"Extension set, 12VDC (Smart Receiver Max. 36 watt & 60W Ballast, M1x9)",42,HIGH,HS Code: 85365005,,,,Standard,13500.00,INR,HIGH,"Qty: 1, Unit: Set, PU: 1",,
Hettich,Magic Lights,S Mitter,9326542,"S-Mitter Smart set, 12VDC (5-channel smart remote control & Smart Receiver, Max 36 Watt)",42,HIGH,HS Code: 85365005,,,,Standard,10600.00,INR,HIGH,"Qty: 1, Unit: Set, PU: 1",,
Hettich,Magic Lights,S Mitter,9326545,S-Mitter Smart Remote control,42,HIGH,HS Code: 85365005,,,,Standard,4050.00,INR,HIGH,"Qty: 1, Unit: Pc, PU: 1",,
Hettich,Magic Lights,S Mitter,9326532,"Smart Receiver 12VDC, Max.36W",42,HIGH,HS Code: 85371000,,,,Standard,5250.00,INR,HIGH,"Qty: 1, Unit: Pc, PU: 1",,
Hettich,Magic Lights,S Mitter,9326538,"Extension set, 12VDC (Smart Receiver Max. 36 watt & 60W Ballast, M1x9)",42,HIGH,HS Code: 85365005,,,,Standard,13500.00,INR,HIGH,"Qty: 1, Unit: Set, PU: 1",,
Hettich,Magic Lights,4 Mitter,9312046,"4-Mitter Smart Set 12VDC, (4-channel remote control and smart receiver, Max. 4x36 Watt)",42,HIGH,HS Code: 85365005,,,,Standard,12500.00,INR,HIGH,"Qty: 1, Unit: Set, PU: 1",,
Hettich,Magic Lights,S Mitter Multiwhite,9326546,S-Mitter MW2 Smart Remote control,43,HIGH,HS Code: 85371000,,,,Standard,4050.00,INR,HIGH,"Qty: 1, Unit: Pc, PU: 1",,
Hettich,Magic Lights,S Mitter Multiwhite,9312158,"Smart Receiver MW2, 1-Channel, Max.36W",43,HIGH,HS Code: 85365005,,,,Standard,5250.00,INR,HIGH,"Qty: 1, Unit: Pc, PU: 1",,
Hettich,Magic Lights,S Mitter Multiwhite,9312160,"Extension Set 12VDC (Smart Receiver & 60W Ballast, M1x9)",43,HIGH,HS Code: 85365005,,,,Standard,15000.00,INR,HIGH,"Qty: 1, Unit: Set, PU: 1",,
Hettich,Magic Lights,S Mitter basic Multiwhite,9312157,S-Mitter Basic MW2 Remote control,43,HIGH,HS Code: 85371000,,,,Standard,3850.00,INR,HIGH,"Qty: 1, Unit: Pc, PU: 1",,
Hettich,Magic Lights,S Mitter basic Multiwhite,9312158,"Smart Receiver MW2, 1-Channel, Max.36W",43,HIGH,HS Code: 85365005,,,,Standard,5250.00,INR,HIGH,"Qty: 1, Unit: Pc, PU: 1",,
Hettich,Magic Lights,S Mitter basic Multiwhite,9312160,"Extension Set 12VDC (Smart Receiver & 60W Ballast, M1x9)",43,HIGH,HS Code: 85365005,,,,Standard,15000.00,INR,HIGH,"Qty: 1, Unit: Set, PU: 1",,
Hettich,Magic Lights,MultiSwitch2 Contact,9308466,"MultiSwitch2 drill in sensor, Alu (IR Sensor or door contact switch)",43,HIGH,HS Code: 85365090,,,,Standard,1750.00,INR,HIGH,"Qty: 1, Unit: Pc, PU: 1",,
Hettich,Magic Lights,MultiSwitch2 Contact,9312193,"MultiSwitch2 drill in sensor, Black (IR Sensor or door contact switch)",43,HIGH,HS Code: 85365005,,,,Standard,1600.00,INR,HIGH,"Qty: 1, Unit: Pc, PU: 1",,
Hettich,Magic Lights,MultiSwitch2 Contact,9309582,"MultiSwitch2 IR surface mounted, Alu (IR sensor or door contact switch)",43,HIGH,HS Code: 85365090,,,,Standard,1900.00,INR,HIGH,"Qty: 1, Unit: Pc, PU: 1",,
Hettich,Magic Lights,MultiSwitch2 Contact,9312192,"MultiSwitch2 IR surface mounted, Black (IR sensor or door contact switch)",43,HIGH,HS Code: 85365005,,,,Standard,1750.00,INR,HIGH,"Qty: 1, Unit: Pc, PU: 1",,
Hettich,Magic Lights,MultiSwitch2 Contact,9308462,"MultiSwitch2 Master 12VDC, Max.36W",43,HIGH,HS Code: 85365090,,,,Standard,3000.00,INR,HIGH,"Qty: 1, Unit: Pc, PU: 1",,
Hettich,Magic Lights,MultiSwitch2 Contact,9326517,"MultiSwitch2 Master 230-240V, AC, 500W, 3m Euro Plug 150mm, Jack",43,HIGH,HS Code: 85365005,,,,Standard,5300.00,INR,HIGH,"Qty: 1, Unit: Pc, PU: 1",,
Hettich,Magic Lights,MultiSwitch2 Contact,9315711,Extension MultiSwitch2 3000mm,43,HIGH,HS Code: 85444290,,,,Standard,370.00,INR,HIGH,"Qty: 1, Unit: Pc, PU: 1",,
Hettich,Magic Lights,MultiSwitch2 PIR,9312194,"MultiSwitch2 PIR sensor for surface mounting, Alu (motion sensor)",43,HIGH,HS Code: 85365090,,,,Standard,1800.00,INR,HIGH,"Qty: 1, Unit: Pc, PU: 1",,
Hettich,Magic Lights,MultiSwitch2 PIR,9312195,"MultiSwitch2 PIR sensor for surface mounting, Black (motion sensor)",43,HIGH,HS Code: 85365005,,,,Standard,1600.00,INR,HIGH,"Qty: 1, Unit: Pc, PU: 1",,
Hettich,Magic Lights,MultiSwitch2 PIR,9308462,"MultiSwitch2 Master 12VDC, Max.36W",43,HIGH,HS Code: 85365090,,,,Standard,3000.00,INR,HIGH,"Qty: 1, Unit: Pc, PU: 1",,
Hettich,Magic Lights,MultiSwitch2 PIR,9326517,"MultiSwitch2 Master 230-240V, AC, 500W, 3m Euro Plug 150mm, Jack",43,HIGH,HS Code: 85365005,,,,Standard,5300.00,INR,HIGH,"Qty: 1, Unit: Pc, PU: 1",,
Hettich,Magic Lights,MultiSwitch2 PIR,9315711,Extension MultiSwitch2 3000mm,43,HIGH,HS Code: 85444290,,,,Standard,370.00,INR,HIGH,"Qty: 1, Unit: Pc, PU: 1",,
Hettich,Magic Lights,Repeater,9246079,"Repeater for 12VDC, Max.36W",43,HIGH,HS Code: 85365090,,,,Standard,1700.00,INR,HIGH,"Qty: 1, Unit: Pc, PU: 1",,
Hettich,Magic Lights,IR Door Switch,9267112,"IR Door Switch 12VDC, Max. 36W, Lead M1 (Drill in sensor)",43,HIGH,HS Code: 85365090,,,,Standard,1950.00,INR,HIGH,"Qty: 1, Unit: Pc, PU: 1",,
Hettich,Magic Lights,LED Motion Sensor,9267111,"LED Motion sensor 12VDC max. 36W, Lead M1 (Drill in Sensor)",43,HIGH,HS Code: 85365090,,,,Standard,1350.00,INR,HIGH,"Qty: 1, Unit: Pc, PU: 1",,
Hettich,Magic Lights,Ballast,9335262,"LED ballast 12VDC, 15W, 200-240V, 2m EFS 0.2m, M1+0.15m, M1x6 (6-Way Distributor)",44,HIGH,HS Code: 85044082,,,,Standard,2300.00,INR,HIGH,"Qty: 1, Unit: Pc, PU: 1",,
Hettich,Magic Lights,Ballast,9335263,"LED ballast. 12VDC, 20W, 200-240V, 2m EFS 0.2m, M1+0.15m, M1x6 (6-Way Distributor)",44,HIGH,HS Code: 85044082,,,,Standard,2400.00,INR,HIGH,"Qty: 1, Unit: Pc, PU: 1",,
Hettich,Magic Lights,Ballast,9335264,"LED ballast. 12VDC, 30W, 200-240V, 2m EFS 0.2m, M1+0.15m, M1x6 (6-Way Distributor)",44,HIGH,HS Code: 85044082,,,,Standard,4500.00,INR,HIGH,"Qty: 1, Unit: Pc, PU: 1",,
Hettich,Magic Lights,Ballast,9335265,"LED ballast. 12VDC, 60W, 2m EFS 0.15m, M1x9 (9-Way Distributor)",44,HIGH,HS Code: 85044082,,,,Standard,6150.00,INR,HIGH,"Qty: 1, Unit: Pc, PU: 1",,
Hettich,Magic Lights,Leads,9104773,"LED extension M1 12VDC, L=1800mm, Black",44,HIGH,HS Code: 85444290,,,,Standard,440.00,INR,HIGH,"Qty: 1, Unit: Pc, PU: 1",,
Hettich,Magic Lights,Leads,9084272,"LED 6-way distributor M1, 12VDC, L=2000mm, Black",44,HIGH,HS Code: 85444290,,,,Standard,560.00,INR,HIGH,"Qty: 1, Unit: Pc, PU: 1",,
Hettich,Drawer Runners,Actro 5D Full Extension with Silent System 40 kg,9414662,300 mm with catches,46,HIGH,HS Code: 83024200,,,,Standard,4930.00,INR,HIGH,"Qty: 1, Unit: Set, PU: 10",,
Hettich,Drawer Runners,Actro 5D Full Extension with Silent System 40 kg,9414663,350 mm with catches,46,HIGH,HS Code: 83024200,,,,Standard,4970.00,INR,HIGH,"Qty: 1, Unit: Set, PU: 10",,
Hettich,Drawer Runners,Actro 5D Full Extension with Silent System 40 kg,9414664,400 mm with catches,46,HIGH,HS Code: 83024200,,,,Standard,5010.00,INR,HIGH,"Qty: 1, Unit: Set, PU: 10",,
Hettich,Drawer Runners,Actro 5D Full Extension with Silent System 40 kg,9414666,450 mm with catches,46,HIGH,HS Code: 83024200,,,,Standard,5050.00,INR,HIGH,"Qty: 1, Unit: Set, PU: 10",,
Hettich,Drawer Runners,Actro 5D Full Extension with Silent System 40 kg,9414667,500 mm with catches,46,HIGH,HS Code: 83024200,,,,Standard,5112.00,INR,HIGH,"Qty: 1, Unit: Set, PU: 10",,
Hettich,Drawer Runners,Actro 5D Full Extension with Silent System 40 kg,9414668,550 mm with catches,46,HIGH,HS Code: 83024200,,,,Standard,5312.00,INR,HIGH,"Qty: 1, Unit: Set, PU: 10",,
Hettich,Drawer Runners,Actro 5D Full Extension with Silent System 70 kg,9414669,500 mm with catches,46,HIGH,HS Code: 83024200,,,,Standard,5992.00,INR,HIGH,"Qty: 1, Unit: Set, PU: 10",,
Hettich,Drawer Runners,Actro 5D Full Extension with Silent System 70 kg,9414670,550 mm with catches,46,HIGH,HS Code: 83024200,,,,Standard,6232.00,INR,HIGH,"Qty: 1, Unit: Set, PU: 10",,
Hettich,Drawer Runners,Actro 5D Full Extension with Silent System 70 kg,9414681,600 mm with catches,46,HIGH,HS Code: 83024200,,,,Standard,6752.00,INR,HIGH,"Qty: 1, Unit: Set, PU: 10",,
Hettich,Drawer Runners,Actro 5D Catches,9320334,Left,46,HIGH,HS Code: 83024200,,,,Standard,365.00,INR,HIGH,"Qty: 1, Unit: Pc, PU: 5",,
Hettich,Drawer Runners,Actro 5D Catches,9320335,Right,46,HIGH,HS Code: 83024200,,,,Standard,365.00,INR,HIGH,"Qty: 1, Unit: Pc, PU: 5",,
Hettich,Drawer Runners,Actro 5D Depth Adjustment,9257706,Depth Adjustment,46,HIGH,HS Code: 83024200,,,,Standard,525.00,INR,HIGH,"Qty: 1, Unit: Set, PU: 1",,
Hettich,Drawer Runners,Quadro - 25 Partial Extension with Silent System 25 kg,9243222,250 mm with catches,47,HIGH,HS Code: 83021090,,,,Standard,1234.00,INR,HIGH,"Qty: 1, Unit: Set, PU: 10",,
Hettich,Drawer Runners,Quadro - 25 Partial Extension with Silent System 25 kg,9243223,300 mm with catches,47,HIGH,HS Code: 83021090,,,,Standard,1308.00,INR,HIGH,"Qty: 1, Unit: Set, PU: 10",,
Hettich,Drawer Runners,Quadro - 25 Partial Extension with Silent System 25 kg,9243224,350 mm with catches,47,HIGH,HS Code: 83021090,,,,Standard,1270.00,INR,HIGH,"Qty: 1, Unit: Set, PU: 10",,
Hettich,Drawer Runners,Quadro - 25 Partial Extension with Silent System 25 kg,9243225,400 mm with catches,47,HIGH,HS Code: 83021090,,,,Standard,1310.00,INR,HIGH,"Qty: 1, Unit: Set, PU: 10",,
Hettich,Drawer Runners,Quadro - 25 Partial Extension with Silent System 25 kg,9243226,450 mm with catches,47,HIGH,HS Code: 83021090,,,,Standard,1346.00,INR,HIGH,"Qty: 1, Unit: Set, PU: 10",,
Hettich,Drawer Runners,Quadro - 25 Partial Extension with Silent System 25 kg,9243227,500 mm with catches,47,HIGH,HS Code: 83021090,,,,Standard,1384.00,INR,HIGH,"Qty: 1, Unit: Set, PU: 10",,
Hettich,Drawer Runners,Quadro - 25 Partial Extension with Silent System 25 kg,9243228,550 mm with catches,47,HIGH,HS Code: 83021090,,,,Standard,1490.00,INR,HIGH,"Qty: 1, Unit: Set, PU: 10",,
Hettich,Drawer Runners,Quadro-V6 Full Extension 30 Kg with Silent System,9243229,300 mm with catches,47,HIGH,HS Code: 83024200,,,,Standard,2952.00,INR,HIGH,"Qty: 1, Unit: Set, PU: 10",,
Hettich,Drawer Runners,Quadro-V6 Full Extension 30 Kg with Silent System,9243230,350 mm with catches,47,HIGH,HS Code: 83024200,,,,Standard,2952.00,INR,HIGH,"Qty: 1, Unit: Set, PU: 10",,
Hettich,Drawer Runners,Quadro-V6 Full Extension 30 Kg with Silent System,9243231,400 mm with catches,47,HIGH,HS Code: 83024200,,,,Standard,3216.00,INR,HIGH,"Qty: 1, Unit: Set, PU: 10",,
Hettich,Drawer Runners,Quadro-V6 Full Extension 30 Kg with Silent System,9243232,450 mm with catches,47,HIGH,HS Code: 83024200,,,,Standard,3330.00,INR,HIGH,"Qty: 1, Unit: Set, PU: 10",,
Hettich,Drawer Runners,Quadro-V6 Full Extension 30 Kg with Silent System,9243233,500 mm with catches,47,HIGH,HS Code: 83024200,,,,Standard,3470.00,INR,HIGH,"Qty: 1, Unit: Set, PU: 10",,
Hettich,Drawer Runners,Quadro-V6 Full Extension 30 Kg with Silent System,9243234,550 mm with catches,47,HIGH,HS Code: 83024200,,,,Standard,3724.00,INR,HIGH,"Qty: 1, Unit: Set, PU: 10",,
Hettich,Drawer Runners,Quadro-V6 Full Extension 30 Kg with Silent System,9243235,600 mm with catches,47,HIGH,HS Code: 83024200,,,,Standard,4114.00,INR,HIGH,"Qty: 1, Unit: Set, PU: 10",,
Hettich,Drawer Runners,Quadro 25 Partial Extension with P2O 25 Kg,9243236,300 mm with catches,47,HIGH,HS Code: 83021090,,,,Standard,1860.00,INR,HIGH,"Qty: 1, Unit: Set, PU: 10",,
Hettich,Drawer Runners,Quadro 25 Partial Extension with P2O 25 Kg,9243237,350 mm with catches,47,HIGH,HS Code: 83021090,,,,Standard,1940.00,INR,HIGH,"Qty: 1, Unit: Set, PU: 10",,
Hettich,Drawer Runners,Quadro 25 Partial Extension with P2O 25 Kg,9243238,400 mm with catches,47,HIGH,HS Code: 83021090,,,,Standard,2020.00,INR,HIGH,"Qty: 1, Unit: Set, PU: 10",,
Hettich,Drawer Runners,Quadro 25 Partial Extension with P2O 25 Kg,9243239,450 mm with catches,47,HIGH,HS Code: 83021090,,,,Standard,2100.00,INR,HIGH,"Qty: 1, Unit: Set, PU: 10",,
Hettich,Drawer Runners,Quadro 25 Partial Extension with P2O 25 Kg,9243240,500 mm with catches,47,HIGH,HS Code: 83021090,,,,Standard,2180.00,INR,HIGH,"Qty: 1, Unit: Set, PU: 10",,
Hettich,Drawer Runners,Quadro-V6 Full Extension 30 Kg with P2O,9243241,250 mm with catches,47,HIGH,HS Code: 83021090,,,,Standard,3122.00,INR,HIGH,"Qty: 1, Unit: Set, PU: 10",,
Hettich,Drawer Runners,Quadro-V6 Full Extension 30 Kg with P2O,9243242,300 mm with catches,47,HIGH,HS Code: 83021090,,,,Standard,3230.00,INR,HIGH,"Qty: 1, Unit: Set, PU: 10",,
Hettich,Drawer Runners,Quadro-V6 Full Extension 30 Kg with P2O,9243243,350 mm with catches,47,HIGH,HS Code: 83021090,,,,Standard,3314.00,INR,HIGH,"Qty: 1, Unit: Set, PU: 10",,
Hettich,Drawer Runners,Quadro-V6 Full Extension 30 Kg with P2O,9243244,400 mm with catches,47,HIGH,HS Code: 83021090,,,,Standard,3506.00,INR,HIGH,"Qty: 1, Unit: Set, PU: 10",,
Hettich,Drawer Runners,Quadro-V6 Full Extension 30 Kg with P2O,9243245,450 mm with catches,47,HIGH,HS Code: 83021090,,,,Standard,3672.00,INR,HIGH,"Qty: 1, Unit: Set, PU: 10",,
Hettich,Drawer Runners,Quadro-V6 Full Extension 30 Kg with P2O,9243246,500 mm with catches,47,HIGH,HS Code: 83021090,,,,Standard,3940.00,INR,HIGH,"Qty: 1, Unit: Set, PU: 10",,
Hettich,Drawer Runners,Quadro-V6 Full Extension 30 Kg with P2O,9243247,550 mm with catches,47,HIGH,HS Code: 83021090,,,,Standard,4278.00,INR,HIGH,"Qty: 1, Unit: Set, PU: 10",,
Hettich,Drawer Runners,Quadro Catches for wooden drawers,9144830,Left,47,HIGH,HS Code: 39263000,,,,Standard,57.00,INR,HIGH,"Qty: 1, Unit: Pc, PU: 10",,
Hettich,Drawer Runners,Quadro Catches for wooden drawers,9144841,Right,47,HIGH,HS Code: 39263000,,,,Standard,57.00,INR,HIGH,"Qty: 1, Unit: Pc, PU: 10",,
Hettich,Drawer Runners,KA 5632 45 kg Zinc / Black,9293321,"KA 5632 45kg, 200 mm with catches (Zinc)",48,HIGH,HS Code: 83024200,,,,Zinc,465.00,INR,HIGH,"Qty: 1, Unit: Set, PU: 10",,
Hettich,Drawer Runners,KA 5632 45 kg Zinc / Black,9293322,"KA 5632 45kg, 200 mm with catches (Black)",48,HIGH,HS Code: 83024200,,,,Black,465.00,INR,HIGH,"Qty: 1, Unit: Set, PU: 10",,
Hettich,Drawer Runners,KA 5632 45 kg Zinc / Black,73276,"KA 5632 45kg, 250 mm with catches (Zinc)",48,HIGH,HS Code: 83024200,,,,Zinc,465.00,INR,HIGH,"Qty: 1, Unit: Set, PU: 10",,
Hettich,Drawer Runners,KA 5632 45 kg Zinc / Black,44916,"KA 5632 45kg, 250 mm with catches (Black)",48,HIGH,HS Code: 83024200,,,,Black,465.00,INR,HIGH,"Qty: 1, Unit: Set, PU: 10",,
Hettich,Drawer Runners,KA 5632 45 kg Zinc / Black,73277,"KA 5632 45kg, 300 mm with catches (Zinc)",48,HIGH,HS Code: 83024200,,,,Zinc,487.00,INR,HIGH,"Qty: 1, Unit: Set, PU: 10",,
Hettich,Drawer Runners,KA 5632 45 kg Zinc / Black,44915,"KA 5632 45kg, 300 mm with catches (Black)",48,HIGH,HS Code: 83024200,,,,Black,487.00,INR,HIGH,"Qty: 1, Unit: Set, PU: 10",,
Hettich,Drawer Runners,KA 5632 45 kg Zinc / Black,73278,"KA 5632 45kg, 350 mm with catches (Zinc)",48,HIGH,HS Code: 83024200,,,,Zinc,508.00,INR,HIGH,"Qty: 1, Unit: Set, PU: 10",,
Hettich,Drawer Runners,KA 5632 45 kg Zinc / Black,44914,"KA 5632 45kg, 350 mm with catches (Black)",48,HIGH,HS Code: 83024200,,,,Black,508.00,INR,HIGH,"Qty: 1, Unit: Set, PU: 10",,
Hettich,Drawer Runners,KA 5632 45 kg Zinc / Black,73279,"KA 5632 45kg, 400 mm with catches (Zinc)",48,HIGH,HS Code: 83024200,,,,Zinc,529.00,INR,HIGH,"Qty: 1, Unit: Set, PU: 10",,
Hettich,Drawer Runners,KA 5632 45 kg Zinc / Black,44913,"KA 5632 45kg, 400 mm with catches (Black)",48,HIGH,HS Code: 83024200,,,,Black,529.00,INR,HIGH,"Qty: 1, Unit: Set, PU: 10",,
Hettich,Drawer Runners,KA 5632 45 kg Zinc / Black,73280,"KA 5632 45kg, 450 mm with catches (Zinc)",48,HIGH,HS Code: 83024200,,,,Zinc,561.00,INR,HIGH,"Qty: 1, Unit: Set, PU: 10",,
Hettich,Drawer Runners,KA 5632 45 kg Zinc / Black,44912,"KA 5632 45kg, 450 mm with catches (Black)",48,HIGH,HS Code: 83024200,,,,Black,561.00,INR,HIGH,"Qty: 1, Unit: Set, PU: 10",,
Hettich,Drawer Runners,KA 5632 45 kg Zinc / Black,73281,"KA 5632 45kg, 500 mm with catches (Zinc)",48,HIGH,HS Code: 83024200,,,,Zinc,582.00,INR,HIGH,"Qty: 1, Unit: Set, PU: 10",,
Hettich,Drawer Runners,KA 5632 45 kg Zinc / Black,44911,"KA 5632 45kg, 500 mm with catches (Black)",48,HIGH,HS Code: 83024200,,,,Black,582.00,INR,HIGH,"Qty: 1, Unit: Set, PU: 10",,
Hettich,Drawer Runners,KA 5632 45 kg Zinc / Black,73282,"KA 5632 45kg, 550 mm with catches (Zinc)",48,HIGH,HS Code: 83024200,,,,Zinc,688.00,INR,HIGH,"Qty: 1, Unit: Set, PU: 10",,
Hettich,Drawer Runners,KA 5632 45 kg Zinc / Black,44909,"KA 5632 45kg, 550 mm with catches (Black)",48,HIGH,HS Code: 83024200,,,,Black,688.00,INR,HIGH,"Qty: 1, Unit: Set, PU: 10",,
Hettich,Drawer Runners,KA 5632 45 kg Zinc / Black,73283,"KA 5632 45kg, 600 mm with catches (Zinc)",48,HIGH,HS Code: 83024200,,,,Zinc,794.00,INR,HIGH,"Qty: 1, Unit: Set, PU: 10",,
Hettich,Drawer Runners,KA 5632 45 kg Zinc / Black,44908,"KA 5632 45kg, 600 mm with catches (Black)",48,HIGH,HS Code: 83024200,,,,Black,794.00,INR,HIGH,"Qty: 1, Unit: Set, PU: 10",,
Hettich,Drawer Runners,KA 5632 45 kg Zinc / Black,73284,"KA 5632 45kg, 650 mm with catches (Zinc)",48,HIGH,HS Code: 83024200,,,,Zinc,900.00,INR,HIGH,"Qty: 1, Unit: Set, PU: 10",,
Hettich,Drawer Runners,KA 5632 45 kg Zinc / Black,44907,"KA 5632 45kg, 650 mm with catches (Black)",48,HIGH,HS Code: 83024200,,,,Black,900.00,INR,HIGH,"Qty: 1, Unit: Set, PU: 10",,
Hettich,Drawer Runners,KA 5632 45 kg Zinc / Black,41355,"KA 5632 45kg, 700 mm with catches (Zinc)",48,HIGH,HS Code: 83024200,,,,Zinc,1006.00,INR,HIGH,"Qty: 1, Unit: Set, PU: 10",,
Hettich,Drawer Runners,KA 5632 45 kg Zinc / Black,44906,"KA 5632 45kg, 700 mm with catches (Black)",48,HIGH,HS Code: 83024200,,,,Black,1006.00,INR,HIGH,"Qty: 1, Unit: Set, PU: 10",,
Hettich,Drawer Runners,KA 5332 35 kg Zinc / Black,9382860,"KA 5332 35kg, 250 mm with catches (Zinc)",48,HIGH,HS Code: 83024200,,,,Zinc,375.00,INR,HIGH,"Qty: 1, Unit: Set, PU: 10",,
Hettich,Drawer Runners,KA 5332 35 kg Zinc / Black,9382867,"KA 5332 35kg, 250 mm with catches (Black)",48,HIGH,HS Code: 83024200,,,,Black,375.00,INR,HIGH,"Qty: 1, Unit: Set, PU: 10",,
Hettich,Drawer Runners,KA 5332 35 kg Zinc / Black,9382861,"KA 5332 35kg, 300 mm with catches (Zinc)",48,HIGH,HS Code: 83024200,,,,Zinc,395.00,INR,HIGH,"Qty: 1, Unit: Set, PU: 10",,
Hettich,Drawer Runners,KA 5332 35 kg Zinc / Black,9382868,"KA 5332 35kg, 300 mm with catches (Black)",48,HIGH,HS Code: 83024200,,,,Black,395.00,INR,HIGH,"Qty: 1, Unit: Set, PU: 10",,
Hettich,Drawer Runners,KA 5332 35 kg Zinc / Black,9382862,"KA 5332 35kg, 350 mm with catches (Zinc)",48,HIGH,HS Code: 83024200,,,,Zinc,435.00,INR,HIGH,"Qty: 1, Unit: Set, PU: 10",,
Hettich,Drawer Runners,KA 5332 35 kg Zinc / Black,9382869,"KA 5332 35kg, 350 mm with catches (Black)",48,HIGH,HS Code: 83024200,,,,Black,435.00,INR,HIGH,"Qty: 1, Unit: Set, PU: 10",,
Hettich,Drawer Runners,KA 5332 35 kg Zinc / Black,9382863,"KA 5332 35kg, 400 mm with catches (Zinc)",48,HIGH,HS Code: 83024200,,,,Zinc,460.00,INR,HIGH,"Qty: 1, Unit: Set, PU: 10",,
Hettich,Drawer Runners,KA 5332 35 kg Zinc / Black,9382870,"KA 5332 35kg, 400 mm with catches (Black)",48,HIGH,HS Code: 83024200,,,,Black,460.00,INR,HIGH,"Qty: 1, Unit: Set, PU: 10",,
Hettich,Drawer Runners,KA 5332 35 kg Zinc / Black,9382864,"KA 5332 35kg, 450 mm with catches (Zinc)",48,HIGH,HS Code: 83024200,,,,Zinc,500.00,INR,HIGH,"Qty: 1, Unit: Set, PU: 10",,
Hettich,Drawer Runners,KA 5332 35 kg Zinc / Black,9382871,"KA 5332 35kg, 450 mm with catches (Black)",48,HIGH,HS Code: 83024200,,,,Black,500.00,INR,HIGH,"Qty: 1, Unit: Set, PU: 10",,
Hettich,Drawer Runners,KA 5332 35 kg Zinc / Black,9382865,"KA 5332 35kg, 500 mm with catches (Zinc)",48,HIGH,HS Code: 83024200,,,,Zinc,525.00,INR,HIGH,"Qty: 1, Unit: Set, PU: 10",,
Hettich,Drawer Runners,KA 5332 35 kg Zinc / Black,9382872,"KA 5332 35kg, 500 mm with catches (Black)",48,HIGH,HS Code: 83024200,,,,Black,525.00,INR,HIGH,"Qty: 1, Unit: Set, PU: 10",,
Hettich,Drawer Runners,KA 5332 35 kg Zinc / Black,9382866,"KA 5332 35kg, 550 mm with catches (Zinc)",48,HIGH,HS Code: 83024200,,,,Zinc,605.00,INR,HIGH,"Qty: 1, Unit: Set, PU: 10",,
Hettich,Drawer Runners,KA 5332 35 kg Zinc / Black,9382873,"KA 5332 35kg, 550 mm with catches (Black)",48,HIGH,HS Code: 83024200,,,,Black,605.00,INR,HIGH,"Qty: 1, Unit: Set, PU: 10",,
Hettich,Drawer Runners,"KA 4532, 35 kg Silent System / P2O Zinc",9114271*,"KA 4532 35kg, 300 mm, Silent System (*Available till stock last)",48,HIGH,HS Code: 83024200,,,,Standard,1340.00,INR,HIGH,"Qty: 1, Unit: Set, PU: 10",,
Hettich,Drawer Runners,"KA 4532, 35 kg Silent System / P2O Zinc",9114281*,"KA 4532 35kg, 300 mm, Push To Open (*Available till stock last)",48,HIGH,HS Code: 83024200,,,,Standard,1340.00,INR,HIGH,"Qty: 1, Unit: Set, PU: 10",,
Hettich,Drawer Runners,"KA 4532, 35 kg Silent System / P2O Zinc",9114273*,"KA 4532 35kg, 350 mm, Silent System (*Available till stock last)",48,HIGH,HS Code: 83024200,,,,Standard,1398.00,INR,HIGH,"Qty: 1, Unit: Set, PU: 10",,
Hettich,Drawer Runners,"KA 4532, 35 kg Silent System / P2O Zinc",9114282*,"KA 4532 35kg, 350 mm, Push To Open (*Available till stock last)",48,HIGH,HS Code: 83024200,,,,Standard,1398.00,INR,HIGH,"Qty: 1, Unit: Set, PU: 10",,
Hettich,Drawer Runners,"KA 4532, 35 kg Silent System / P2O Zinc",9114274*,"KA 4532 35kg, 400 mm, Silent System (*Available till stock last)",48,HIGH,HS Code: 83024200,,,,Standard,1457.00,INR,HIGH,"Qty: 1, Unit: Set, PU: 10",,
Hettich,Drawer Runners,"KA 4532, 35 kg Silent System / P2O Zinc",9114283*,"KA 4532 35kg, 400 mm, Push To Open (*Available till stock last)",48,HIGH,HS Code: 83024200,,,,Standard,1457.00,INR,HIGH,"Qty: 1, Unit: Set, PU: 10",,
Hettich,Drawer Runners,"KA 4532, 35 kg Silent System / P2O Zinc",9114275*,"KA 4532 35kg, 450 mm, Silent System (*Available till stock last)",48,HIGH,HS Code: 83024200,,,,Standard,1517.00,INR,HIGH,"Qty: 1, Unit: Set, PU: 10",,
Hettich,Drawer Runners,"KA 4532, 35 kg Silent System / P2O Zinc",9114284*,"KA 4532 35kg, 450 mm, Push To Open (*Available till stock last)",48,HIGH,HS Code: 83024200,,,,Standard,1517.00,INR,HIGH,"Qty: 1, Unit: Set, PU: 10",,
Hettich,Drawer Runners,"KA 4532, 35 kg Silent System / P2O Zinc",9114276*,"KA 4532 35kg, 500 mm, Silent System (*Available till stock last)",48,HIGH,HS Code: 83024200,,,,Standard,1576.00,INR,HIGH,"Qty: 1, Unit: Set, PU: 10",,
Hettich,Drawer Runners,"KA 4532, 35 kg Silent System / P2O Zinc",9114285*,"KA 4532 35kg, 500 mm, Push To Open (*Available till stock last)",48,HIGH,HS Code: 83024200,,,,Standard,1576.00,INR,HIGH,"Qty: 1, Unit: Set, PU: 10",,
Hettich,Drawer Runners,"KA 4532, 35 kg Silent System / P2O Zinc",9114277*,"KA 4532 35kg, 550 mm, Silent System (*Available till stock last)",48,HIGH,HS Code: 83024200,,,,Standard,1635.00,INR,HIGH,"Qty: 1, Unit: Set, PU: 10",,
Hettich,Drawer Runners,"KA 4532, 35 kg Silent System / P2O Zinc",9114286*,"KA 4532 35kg, 550 mm, Push To Open (*Available till stock last)",48,HIGH,HS Code: 83024200,,,,Standard,1635.00,INR,HIGH,"Qty: 1, Unit: Set, PU: 10",,
Hettich,Drawer Runners,"KA 4532, 35 kg Silent System / P2O Zinc",9114278*,"KA 4532 35kg, 600 mm, Silent System (*Available till stock last)",48,HIGH,HS Code: 83024200,,,,Standard,1695.00,INR,HIGH,"Qty: 1, Unit: Set, PU: 10",,
Hettich,Drawer Runners,"KA 4532, 35 kg Silent System / P2O Zinc",9114288*,"KA 4532 35kg, 600 mm, Push To Open (*Available till stock last)",48,HIGH,HS Code: 83024200,,,,Standard,1695.00,INR,HIGH,"Qty: 1, Unit: Set, PU: 10",,
Hettich,Drawer Runners,"KA 4532, 35 kg Silent System / P2O Zinc",9114279*,"KA 4532 35kg, 650 mm, Silent System (*Available till stock last)",48,HIGH,HS Code: 83024200,,,,Standard,1754.00,INR,HIGH,"Qty: 1, Unit: Set, PU: 10",,
Hettich,Drawer Runners,"KA 4532, 35 kg Silent System / P2O Zinc",9114289*,"KA 4532 35kg, 650 mm, Push To Open (*Available till stock last)",48,HIGH,HS Code: 83024200,,,,Standard,1754.00,INR,HIGH,"Qty: 1, Unit: Set, PU: 10",,
Hettich,Drawer Runners,"KA 4532, 35 kg Silent System / P2O Zinc",9114280*,"KA 4532 35kg, 700 mm, Silent System (*Available till stock last)",48,HIGH,HS Code: 83024200,,,,Standard,1813.00,INR,HIGH,"Qty: 1, Unit: Set, PU: 10",,
Hettich,Drawer Runners,"KA 4532, 35 kg Silent System / P2O Zinc",9114290*,"KA 4532 35kg, 700 mm, Push To Open (*Available till stock last)",48,HIGH,HS Code: 83024200,,,,Standard,1813.00,INR,HIGH,"Qty: 1, Unit: Set, PU: 10",,
Hettich,Drawer Runners,KA 4732 with Silent System 35 kg Zinc / Black,9347743,"KA 4732 Silent System 35kg, 250 mm with catches (Zinc)",48,HIGH,HS Code: 83024200,,,,Zinc,1175.00,INR,HIGH,"Qty: 1, Unit: Set, PU: 10",,
Hettich,Drawer Runners,KA 4732 with Silent System 35 kg Zinc / Black,9347748,"KA 4732 Silent System 35kg, 250 mm with catches (Black)",48,HIGH,HS Code: 83024200,,,,Black,1175.00,INR,HIGH,"Qty: 1, Unit: Set, PU: 10",,
Hettich,Drawer Runners,KA 4732 with Silent System 35 kg Zinc / Black,9318185,"KA 4732 Silent System 35kg, 300 mm with catches (Zinc)",48,HIGH,HS Code: 83024200,,,,Zinc,1229.00,INR,HIGH,"Qty: 1, Unit: Set, PU: 10",,
Hettich,Drawer Runners,KA 4732 with Silent System 35 kg Zinc / Black,9318202,"KA 4732 Silent System 35kg, 300 mm with catches (Black)",48,HIGH,HS Code: 83024200,,,,Black,1229.00,INR,HIGH,"Qty: 1, Unit: Set, PU: 10",,
Hettich,Drawer Runners,KA 4732 with Silent System 35 kg Zinc / Black,9318189,"KA 4732 Silent System 35kg, 350 mm with catches (Zinc)",48,HIGH,HS Code: 83024200,,,,Zinc,1283.00,INR,HIGH,"Qty: 1, Unit: Set, PU: 10",,
Hettich,Drawer Runners,KA 4732 with Silent System 35 kg Zinc / Black,9318204,"KA 4732 Silent System 35kg, 350 mm with catches (Black)",48,HIGH,HS Code: 83024200,,,,Black,1283.00,INR,HIGH,"Qty: 1, Unit: Set, PU: 10",,
Hettich,Drawer Runners,KA 4732 with Silent System 35 kg Zinc / Black,9318193,"KA 4732 Silent System 35kg, 400 mm with catches (Zinc)",48,HIGH,HS Code: 83024200,,,,Zinc,1337.00,INR,HIGH,"Qty: 1, Unit: Set, PU: 10",,
Hettich,Drawer Runners,KA 4732 with Silent System 35 kg Zinc / Black,9318205,"KA 4732 Silent System 35kg, 400 mm with catches (Black)",48,HIGH,HS Code: 83024200,,,,Black,1337.00,INR,HIGH,"Qty: 1, Unit: Set, PU: 10",,
Hettich,Drawer Runners,KA 4732 with Silent System 35 kg Zinc / Black,9318195,"KA 4732 Silent System 35kg, 450 mm with catches (Zinc)",48,HIGH,HS Code: 83024200,,,,Zinc,1392.00,INR,HIGH,"Qty: 1, Unit: Set, PU: 10",,
Hettich,Drawer Runners,KA 4732 with Silent System 35 kg Zinc / Black,9318206,"KA 4732 Silent System 35kg, 450 mm with catches (Black)",48,HIGH,HS Code: 83024200,,,,Black,1392.00,INR,HIGH,"Qty: 1, Unit: Set, PU: 10",,
Hettich,Drawer Runners,KA 4732 with Silent System 35 kg Zinc / Black,9318197,"KA 4732 Silent System 35kg, 500 mm with catches (Zinc)",48,HIGH,HS Code: 83024200,,,,Zinc,1446.00,INR,HIGH,"Qty: 1, Unit: Set, PU: 10",,
Hettich,Drawer Runners,KA 4732 with Silent System 35 kg Zinc / Black,9318207,"KA 4732 Silent System 35kg, 500 mm with catches (Black)",48,HIGH,HS Code: 83024200,,,,Black,1446.00,INR,HIGH,"Qty: 1, Unit: Set, PU: 10",,
Hettich,Drawer Runners,KA 4732 with Silent System 35 kg Zinc / Black,9318200,"KA 4732 Silent System 35kg, 550 mm with catches (Zinc)",48,HIGH,HS Code: 83024200,,,,Zinc,1500.00,INR,HIGH,"Qty: 1, Unit: Set, PU: 10",,
Hettich,Drawer Runners,KA 4732 with Silent System 35 kg Zinc / Black,9318210,"KA 4732 Silent System 35kg, 550 mm with catches (Black)",48,HIGH,HS Code: 83024200,,,,Black,1500.00,INR,HIGH,"Qty: 1, Unit: Set, PU: 10",,
Hettich,Drawer Runners,KA 4732 with Silent System 35 kg Zinc / Black,9347744,"KA 4732 Silent System 35kg, 600 mm with catches (Zinc)",48,HIGH,HS Code: 83024200,,,,Zinc,1555.00,INR,HIGH,"Qty: 1, Unit: Set, PU: 10",,
Hettich,Drawer Runners,KA 4732 with Silent System 35 kg Zinc / Black,9347749,"KA 4732 Silent System 35kg, 600 mm with catches (Black)",48,HIGH,HS Code: 83024200,,,,Black,1555.00,INR,HIGH,"Qty: 1, Unit: Set, PU: 10",,
Hettich,Drawer Runners,KA 4732 with Silent System 35 kg Zinc / Black,9347746,"KA 4732 Silent System 35kg, 650 mm with catches (Zinc)",48,HIGH,HS Code: 83024200,,,,Zinc,1609.00,INR,HIGH,"Qty: 1, Unit: Set, PU: 10",,
Hettich,Drawer Runners,KA 4732 with Silent System 35 kg Zinc / Black,9347750,"KA 4732 Silent System 35kg, 650 mm with catches (Black)",48,HIGH,HS Code: 83024200,,,,Black,1609.00,INR,HIGH,"Qty: 1, Unit: Set, PU: 10",,
Hettich,Drawer Runners,KA 4732 with Silent System 35 kg Zinc / Black,9347747,"KA 4732 Silent System 35kg, 700 mm with catches (Zinc)",48,HIGH,HS Code: 83024200,,,,Zinc,1663.00,INR,HIGH,"Qty: 1, Unit: Set, PU: 10",,
Hettich,Drawer Runners,KA 4732 with Silent System 35 kg Zinc / Black,9347761,"KA 4732 Silent System 35kg, 700 mm with catches (Black)",48,HIGH,HS Code: 83024200,,,,Black,1663.00,INR,HIGH,"Qty: 1, Unit: Set, PU: 10",,
Hettich,Drawer Runners,KA 4732 with Push to Open 35 kg Zinc / Black,9364037,"KA 4732 Push to Open 35kg, 250 mm with catches (Zinc)",49,HIGH,HS Code: 83024200,,,,Zinc,1175.00,INR,HIGH,"Qty: 1, Unit: Set, PU: 10",,
Hettich,Drawer Runners,KA 4732 with Push to Open 35 kg Zinc / Black,9364049,"KA 4732 Push to Open 35kg, 250 mm with catches (Black)",49,HIGH,HS Code: 83024200,,,,Black,1175.00,INR,HIGH,"Qty: 1, Unit: Set, PU: 10",,
Hettich,Drawer Runners,KA 4732 with Push to Open 35 kg Zinc / Black,9364039,"KA 4732 Push to Open 35kg, 300 mm with catches (Zinc)",49,HIGH,HS Code: 83024200,,,,Zinc,1229.00,INR,HIGH,"Qty: 1, Unit: Set, PU: 10",,
Hettich,Drawer Runners,KA 4732 with Push to Open 35 kg Zinc / Black,9364050,"KA 4732 Push to Open 35kg, 300 mm with catches (Black)",49,HIGH,HS Code: 83024200,,,,Black,1229.00,INR,HIGH,"Qty: 1, Unit: Set, PU: 10",,
Hettich,Drawer Runners,KA 4732 with Push to Open 35 kg Zinc / Black,9364041,"KA 4732 Push to Open 35kg, 350 mm with catches (Zinc)",49,HIGH,HS Code: 83024200,,,,Zinc,1283.00,INR,HIGH,"Qty: 1, Unit: Set, PU: 10",,
Hettich,Drawer Runners,KA 4732 with Push to Open 35 kg Zinc / Black,9364051,"KA 4732 Push to Open 35kg, 350 mm with catches (Black)",49,HIGH,HS Code: 83024200,,,,Black,1283.00,INR,HIGH,"Qty: 1, Unit: Set, PU: 10",,
Hettich,Drawer Runners,KA 4732 with Push to Open 35 kg Zinc / Black,9364042,"KA 4732 Push to Open 35kg, 400 mm with catches (Zinc)",49,HIGH,HS Code: 83024200,,,,Zinc,1337.00,INR,HIGH,"Qty: 1, Unit: Set, PU: 10",,
Hettich,Drawer Runners,KA 4732 with Push to Open 35 kg Zinc / Black,9364052,"KA 4732 Push to Open 35kg, 400 mm with catches (Black)",49,HIGH,HS Code: 83024200,,,,Black,1337.00,INR,HIGH,"Qty: 1, Unit: Set, PU: 10",,
Hettich,Drawer Runners,KA 4732 with Push to Open 35 kg Zinc / Black,9364043,"KA 4732 Push to Open 35kg, 450 mm with catches (Zinc)",49,HIGH,HS Code: 83024200,,,,Zinc,1392.00,INR,HIGH,"Qty: 1, Unit: Set, PU: 10",,
Hettich,Drawer Runners,KA 4732 with Push to Open 35 kg Zinc / Black,9364053,"KA 4732 Push to Open 35kg, 450 mm with catches (Black)",49,HIGH,HS Code: 83024200,,,,Black,1392.00,INR,HIGH,"Qty: 1, Unit: Set, PU: 10",,
Hettich,Drawer Runners,KA 4732 with Push to Open 35 kg Zinc / Black,9364044,"KA 4732 Push to Open 35kg, 500 mm with catches (Zinc)",49,HIGH,HS Code: 83024200,,,,Zinc,1446.00,INR,HIGH,"Qty: 1, Unit: Set, PU: 10",,
Hettich,Drawer Runners,KA 4732 with Push to Open 35 kg Zinc / Black,9364054,"KA 4732 Push to Open 35kg, 500 mm with catches (Black)",49,HIGH,HS Code: 83024200,,,,Black,1446.00,INR,HIGH,"Qty: 1, Unit: Set, PU: 10",,
Hettich,Drawer Runners,KA 4732 with Push to Open 35 kg Zinc / Black,9364045,"KA 4732 Push to Open 35kg, 550 mm with catches (Zinc)",49,HIGH,HS Code: 83024200,,,,Zinc,1500.00,INR,HIGH,"Qty: 1, Unit: Set, PU: 10",,
Hettich,Drawer Runners,KA 4732 with Push to Open 35 kg Zinc / Black,9364055,"KA 4732 Push to Open 35kg, 550 mm with catches (Black)",49,HIGH,HS Code: 83024200,,,,Black,1500.00,INR,HIGH,"Qty: 1, Unit: Set, PU: 10",,
Hettich,Drawer Runners,KA 4732 with Push to Open 35 kg Zinc / Black,9364046,"KA 4732 Push to Open 35kg, 600 mm with catches (Zinc)",49,HIGH,HS Code: 83024200,,,,Zinc,1555.00,INR,HIGH,"Qty: 1, Unit: Set, PU: 10",,
Hettich,Drawer Runners,KA 4732 with Push to Open 35 kg Zinc / Black,9364056,"KA 4732 Push to Open 35kg, 600 mm with catches (Black)",49,HIGH,HS Code: 83024200,,,,Black,1555.00,INR,HIGH,"Qty: 1, Unit: Set, PU: 10",,
Hettich,Drawer Runners,KA 4732 with Push to Open 35 kg Zinc / Black,9364047,"KA 4732 Push to Open 35kg, 650 mm with catches (Zinc)",49,HIGH,HS Code: 83024200,,,,Zinc,1609.00,INR,HIGH,"Qty: 1, Unit: Set, PU: 10",,
Hettich,Drawer Runners,KA 4732 with Push to Open 35 kg Zinc / Black,9364057,"KA 4732 Push to Open 35kg, 650 mm with catches (Black)",49,HIGH,HS Code: 83024200,,,,Black,1609.00,INR,HIGH,"Qty: 1, Unit: Set, PU: 10",,
Hettich,Drawer Runners,KA 4732 with Push to Open 35 kg Zinc / Black,9364048,"KA 4732 Push to Open 35kg, 700 mm with catches (Zinc)",49,HIGH,HS Code: 83024200,,,,Zinc,1663.00,INR,HIGH,"Qty: 1, Unit: Set, PU: 10",,
Hettich,Drawer Runners,KA 4732 with Push to Open 35 kg Zinc / Black,9364058,"KA 4732 Push to Open 35kg, 700 mm with catches (Black)",49,HIGH,HS Code: 83024200,,,,Black,1663.00,INR,HIGH,"Qty: 1, Unit: Set, PU: 10",,
Hettich,Drawer Runners,"FR 302, 20 kg with stop control",75993,250 mm,49,HIGH,HS Code: 83024200,,,,Standard,129.00,INR,HIGH,"Qty: 1, Unit: Set, PU: 20",,
Hettich,Drawer Runners,"FR 302, 20 kg with stop control",1083317,300 mm,49,HIGH,HS Code: 83024200,,,,Standard,141.00,INR,HIGH,"Qty: 1, Unit: Set, PU: 20",,
Hettich,Drawer Runners,"FR 302, 20 kg with stop control",1083318,350 mm,49,HIGH,HS Code: 83024200,,,,Standard,157.00,INR,HIGH,"Qty: 1, Unit: Set, PU: 20",,
Hettich,Drawer Runners,"FR 302, 20 kg with stop control",1083319,400 mm,49,HIGH,HS Code: 83024200,,,,Standard,176.00,INR,HIGH,"Qty: 1, Unit: Set, PU: 20",,
Hettich,Drawer Runners,"FR 302, 20 kg with stop control",1083320,450 mm,49,HIGH,HS Code: 83024200,,,,Standard,196.00,INR,HIGH,"Qty: 1, Unit: Set, PU: 20",,
Hettich,Drawer Runners,"FR 302, 20 kg with stop control",1083321,500 mm,49,HIGH,HS Code: 83024200,,,,Standard,213.00,INR,HIGH,"Qty: 1, Unit: Set, PU: 20",,
Hettich,Drawer Runners,"FR 302, 20 kg with stop control",9006351,550 mm,49,HIGH,HS Code: 83024200,,,,Standard,236.00,INR,HIGH,"Qty: 1, Unit: Set, PU: 20",,
Hettich,Drawer Runners,"KA 5740, 8 kg per shutter (For Pocket Sliding solution with height upto 1500 mm)",41371*,300 mm (*Available till stock last),49,HIGH,HS Code: 83024200,,,,Standard,1065.00,INR,HIGH,"Qty: 1, Unit: Set, PU: 1",,
Hettich,Drawer Runners,"KA 5740, 8 kg per shutter (For Pocket Sliding solution with height upto 1500 mm)",41372*,350 mm (*Available till stock last),49,HIGH,HS Code: 83024200,,,,Standard,1282.00,INR,HIGH,"Qty: 1, Unit: Set, PU: 1",,
Hettich,Drawer Runners,"KA 5740, 8 kg per shutter (For Pocket Sliding solution with height upto 1500 mm)",41373*,400 mm (*Available till stock last),49,HIGH,HS Code: 83024200,,,,Standard,1356.00,INR,HIGH,"Qty: 1, Unit: Set, PU: 1",,
Hettich,Drawer Runners,"KA 5740, 8 kg per shutter (For Pocket Sliding solution with height upto 1500 mm)",41374*,450 mm (*Available till stock last),49,HIGH,HS Code: 83024200,,,,Standard,1409.00,INR,HIGH,"Qty: 1, Unit: Set, PU: 1",,
Hettich,Drawer Runners,"KA 5740, 8 kg per shutter (For Pocket Sliding solution with height upto 1500 mm)",41375*,500 mm (*Available till stock last),49,HIGH,HS Code: 83024200,,,,Standard,1478.00,INR,HIGH,"Qty: 1, Unit: Set, PU: 1",,
Hettich,Drawer Runners,"KA 5740, 8 kg per shutter (For Pocket Sliding solution with height upto 1500 mm)",41376*,550 mm (*Available till stock last),49,HIGH,HS Code: 83024200,,,,Standard,1536.00,INR,HIGH,"Qty: 1, Unit: Set, PU: 1",,
Hettich,Drawer Runners,"KA 5740, 8 kg per shutter (For Pocket Sliding solution with height upto 1500 mm)",41377*,600 mm (*Available till stock last),49,HIGH,HS Code: 83024200,,,,Standard,1605.00,INR,HIGH,"Qty: 1, Unit: Set, PU: 1",,
Hettich,Drawer Runners,"KA 5740, 8 kg per shutter (For Pocket Sliding solution with height upto 1500 mm)",41378*,650 mm (*Available till stock last),49,LOW,"350mm=1,282; 400mm=1,356; 450mm=1,409; 500mm=1,478; 550mm=1,536; 600mm=1,605; 650mm=1,517",,,,Standard,1517.00,INR,LOW,"350mm=1,282; 400mm=1,356; 450mm=1,409; 500mm=1,478; 550mm=1,536; 600mm=1,605; 650mm=1,517",,
Hettich,Drawer Runners,"KA 5740, 8 kg per shutter (For Pocket Sliding solution with height upto 1500 mm)",41379*,700 mm (*Available till stock last),49,HIGH,HS Code: 83024200,,,,Standard,1737.00,INR,HIGH,"Qty: 1, Unit: Set, PU: 1",,
Hettich,Drawer Runners,KA 5740 Accessory Kit,9079526*,KA 5740 Accessory Kit (*Available till stock last),49,HIGH,HS Code: 83024200,,,,Standard,415.00,INR,HIGH,"Qty: 1, Unit: Set, PU: 1",,
Hettich,Linear Drawer System: AvanTech YOU,AvanTech YOU Drawer System (Actro YOU),9308736,AvanTech YOU: NL-350mm Height-101mm (40Kg),51,HIGH,HS Code: 83024200,,,,Silver,9462.00,INR,HIGH,"Qty: 1, Unit: Set, PU: 1",,
Hettich,Linear Drawer System: AvanTech YOU,AvanTech YOU Drawer System (Actro YOU),9308044,AvanTech YOU: NL-400mm Height-101mm (40Kg),51,HIGH,HS Code: 94039010,,,,Silver,9046.00,INR,HIGH,"Qty: 1, Unit: Set, PU: 1",,
Hettich,Linear Drawer System: AvanTech YOU,AvanTech YOU Drawer System (Actro YOU),9307350,AvanTech YOU: NL-450mm Height-101mm (40Kg),51,HIGH,HS Code: 94039010,,,,Silver,9418.00,INR,HIGH,"Qty: 1, Unit: Set, PU: 1",,
Hettich,Linear Drawer System: AvanTech YOU,AvanTech YOU Drawer System (Actro YOU),9307363,AvanTech YOU: NL-450mm Height-101mm (70Kg),51,HIGH,HS Code: 94039010,,,,Silver,10564.00,INR,HIGH,"Qty: 1, Unit: Set, PU: 1",,
Hettich,Linear Drawer System: AvanTech YOU,AvanTech YOU Drawer System (Actro YOU),9298403,AvanTech YOU: NL-500mm Height-101mm (40Kg),51,HIGH,HS Code: 94039010,,,,Silver,9536.00,INR,HIGH,"Qty: 1, Unit: Set, PU: 1",,
Hettich,Linear Drawer System: AvanTech YOU,AvanTech YOU Drawer System (Actro YOU),9298406,AvanTech YOU: NL-500mm Height-101mm (70Kg),51,HIGH,HS Code: 94039010,,,,Silver,10698.00,INR,HIGH,"Qty: 1, Unit: Set, PU: 1",,
Hettich,Linear Drawer System: AvanTech YOU,AvanTech YOU Drawer System (Actro YOU),9307389,AvanTech YOU: NL-550mm Height-101mm (40Kg),51,HIGH,HS Code: 94039010,,,,Silver,9832.00,INR,HIGH,"Qty: 1, Unit: Set, PU: 1",,
Hettich,Linear Drawer System: AvanTech YOU,AvanTech YOU Drawer System (Actro YOU),9307392,AvanTech YOU: NL-550mm Height-101mm (70Kg),51,HIGH,HS Code: 94039010,,,,Silver,11002.00,INR,HIGH,"Qty: 1, Unit: Set, PU: 1",,
Hettich,Linear Drawer System: AvanTech YOU,AvanTech YOU Drawer System (Actro YOU),9308280,AvanTech YOU: NL-600mm Height-101mm (40Kg),51,HIGH,HS Code: 83024200,,,,Silver,10764.00,INR,HIGH,"Qty: 1, Unit: Set, PU: 1",,
Hettich,Linear Drawer System: AvanTech YOU,AvanTech YOU Drawer System (Actro YOU),9308293,AvanTech YOU: NL-600mm Height-101mm (70Kg),51,HIGH,HS Code: 83024200,,,,Silver,11592.00,INR,HIGH,"Qty: 1, Unit: Set, PU: 1",,
Hettich,Linear Drawer System: AvanTech YOU,AvanTech YOU Drawer System (Actro YOU),9308737,AvanTech YOU: NL-350mm Height-187mm (40Kg),51,HIGH,HS Code: 83024200,,,,Silver,12304.00,INR,HIGH,"Qty: 1, Unit: Set, PU: 1",,
Hettich,Linear Drawer System: AvanTech YOU,AvanTech YOU Drawer System (Actro YOU),9308045,AvanTech YOU: NL-400mm Height-187mm (40Kg),51,HIGH,HS Code: 94039010,,,,Silver,11546.00,INR,HIGH,"Qty: 1, Unit: Set, PU: 1",,
Hettich,Linear Drawer System: AvanTech YOU,AvanTech YOU Drawer System (Actro YOU),9307361,AvanTech YOU: NL-450mm Height-187mm (40Kg),51,HIGH,HS Code: 94039010,,,,Silver,11734.00,INR,HIGH,"Qty: 1, Unit: Set, PU: 1",,
Hettich,Linear Drawer System: AvanTech YOU,AvanTech YOU Drawer System (Actro YOU),9307364,AvanTech YOU: NL-450mm Height-187mm (70Kg),51,HIGH,HS Code: 94039010,,,,Silver,12922.00,INR,HIGH,"Qty: 1, Unit: Set, PU: 1",,
Hettich,Linear Drawer System: AvanTech YOU,AvanTech YOU Drawer System (Actro YOU),9298409,AvanTech YOU: NL-500mm Height-187mm (40Kg),51,HIGH,HS Code: 94039010,,,,Silver,11888.00,INR,HIGH,"Qty: 1, Unit: Set, PU: 1",,
Hettich,Linear Drawer System: AvanTech YOU,AvanTech YOU Drawer System (Actro YOU),9298422,AvanTech YOU: NL-500mm Height-187mm (70Kg),51,HIGH,HS Code: 94039010,,,,Silver,13050.00,INR,HIGH,"Qty: 1, Unit: Set, PU: 1",,
Hettich,Linear Drawer System: AvanTech YOU,AvanTech YOU Drawer System (Actro YOU),9307390,AvanTech YOU: NL-550mm Height-187mm (40Kg),51,HIGH,HS Code: 94039010,,,,Silver,12230.00,INR,HIGH,"Qty: 1, Unit: Set, PU: 1",,
Hettich,Linear Drawer System: AvanTech YOU,AvanTech YOU Drawer System (Actro YOU),9307393,AvanTech YOU: NL-550mm Height-187mm (70Kg),51,HIGH,HS Code: 94039010,,,,Silver,13400.00,INR,HIGH,"Qty: 1, Unit: Set, PU: 1",,
Hettich,Linear Drawer System: AvanTech YOU,AvanTech YOU Drawer System (Actro YOU),9308291,AvanTech YOU: NL-600mm Height-187mm (40Kg),51,HIGH,HS Code: 83024200,,,,Silver,13510.00,INR,HIGH,"Qty: 1, Unit: Set, PU: 1",,
Hettich,Linear Drawer System: AvanTech YOU,AvanTech YOU Drawer System (Actro YOU),9308294,AvanTech YOU: NL-600mm Height-187mm (70Kg),51,HIGH,HS Code: 83024200,,,,Silver,14338.00,INR,HIGH,"Qty: 1, Unit: Set, PU: 1",,
Hettich,Linear Drawer System: AvanTech YOU,AvanTech YOU Drawer System (Actro YOU),9308738,AvanTech YOU: NL-350mm Height-251mm (40Kg),51,HIGH,HS Code: 83024200,,,,Silver,14800.00,INR,HIGH,"Qty: 1, Unit: Set, PU: 1",,
Hettich,Linear Drawer System: AvanTech YOU,AvanTech YOU Drawer System (Actro YOU),9308046,AvanTech YOU: NL-400mm Height-251mm (40Kg),51,HIGH,HS Code: 94039010,,,,Silver,15860.00,INR,HIGH,"Qty: 1, Unit: Set, PU: 1",,
Hettich,Linear Drawer System: AvanTech YOU,AvanTech YOU Drawer System (Actro YOU),9307362,AvanTech YOU: NL-450mm Height-251mm (40Kg),51,HIGH,HS Code: 94039010,,,,Silver,15626.00,INR,HIGH,"Qty: 1, Unit: Set, PU: 1",,
Hettich,Linear Drawer System: AvanTech YOU,AvanTech YOU Drawer System (Actro YOU),9307365,AvanTech YOU: NL-450mm Height-251mm (70Kg),51,HIGH,HS Code: 94039010,,,,Silver,16772.00,INR,HIGH,"Qty: 1, Unit: Set, PU: 1",,
Hettich,Linear Drawer System: AvanTech YOU,AvanTech YOU Drawer System (Actro YOU),9298394,AvanTech YOU: NL-500mm Height-251mm (40Kg),51,HIGH,HS Code: 94039010,,,,Silver,15792.00,INR,HIGH,"Qty: 1, Unit: Set, PU: 1",,
Hettich,Linear Drawer System: AvanTech YOU,AvanTech YOU Drawer System (Actro YOU),9298398,AvanTech YOU: NL-500mm Height-251mm (70Kg),51,HIGH,HS Code: 94039010,,,,Silver,16954.00,INR,HIGH,"Qty: 1, Unit: Set, PU: 1",,
Hettich,Linear Drawer System: AvanTech YOU,AvanTech YOU Drawer System (Actro YOU),9307391,AvanTech YOU: NL-550mm Height-251mm (40Kg),51,HIGH,HS Code: 94039010,,,,Silver,16180.00,INR,HIGH,"Qty: 1, Unit: Set, PU: 1",,
Hettich,Linear Drawer System: AvanTech YOU,AvanTech YOU Drawer System (Actro YOU),9307394,AvanTech YOU: NL-550mm Height-251mm (70Kg),51,HIGH,HS Code: 94039010,,,,Silver,17350.00,INR,HIGH,"Qty: 1, Unit: Set, PU: 1",,
Hettich,Linear Drawer System: AvanTech YOU,AvanTech YOU Drawer System (Actro YOU),9308292,AvanTech YOU: NL-600mm Height-251mm (40Kg),51,HIGH,HS Code: 83024200,,,,Silver,17230.00,INR,HIGH,"Qty: 1, Unit: Set, PU: 1",,
Hettich,Linear Drawer System: AvanTech YOU,AvanTech YOU Drawer System (Actro YOU),9308295,AvanTech YOU: NL-600mm Height-251mm (70Kg),51,HIGH,HS Code: 83024200,,,,Silver,18058.00,INR,HIGH,"Qty: 1, Unit: Set, PU: 1",,
Hettich,Linear Drawer System: AvanTech YOU,AvanTech YOU Drawer System (Actro YOU),9332320,AvanTech YOU- Narrow pullout (Height 101+187mm)/ 20Kg/ Depth 500mm,51,HIGH,HS Code: 83024200,,,,Silver,16686.00,INR,HIGH,"Qty: 1, Unit: Set, PU: 1",,
Hettich,Linear Drawer System: AvanTech YOU,AvanTech YOU Drawer System (Actro YOU),9332327,AvanTech YOU- Narrow pullout (Height 101+251mm)/ 20Kg/ Depth 500mm,51,HIGH,HS Code: 83024200,,,,Silver,20590.00,INR,HIGH,"Qty: 1, Unit: Set, PU: 1",,
Hettich,Linear Drawer System: AvanTech YOU,AvanTech YOU Drawer System (Actro YOU),9323660,AvanTech YOU- Inlay Drawer NL-400mm Height-187mm/ (40Kg),51,HIGH,"Row matches 'AvanTech YOU- Inlay Drawer NL-400mm Height-187mm/(40Kg)' at MRP 11,650.",,,,Silver,11650.00,INR,HIGH,,,
Hettich,Linear Drawer System: AvanTech YOU,AvanTech YOU Drawer System (Actro YOU),9417251,AvanTech YOU- Inlay Drawer NL-450mm Height-187mm/ (40Kg),51,HIGH,HS Code: 94039910,,,,Silver,12000.00,INR,HIGH,"Qty: 1, Unit: Set, PU: 1",,
Hettich,Linear Drawer System: AvanTech YOU,AvanTech YOU Drawer System (Actro YOU),9417265,AvanTech YOU- Inlay Drawer NL-450mm Height-187mm/ (70Kg),51,HIGH,HS Code: 94039910,,,,Silver,13146.00,INR,HIGH,"Qty: 1, Unit: Set, PU: 1",,
Hettich,Linear Drawer System: AvanTech YOU,AvanTech YOU Drawer System (Actro YOU),9417268,AvanTech YOU- Inlay Drawer NL-500mm Height-187mm/ (40Kg),51,HIGH,HS Code: 94039010,,,,Silver,12150.00,INR,HIGH,"Qty: 1, Unit: Set, PU: 1",,
Hettich,Linear Drawer System: AvanTech YOU,AvanTech YOU Drawer System (Actro YOU),9417271,AvanTech YOU- Inlay Drawer NL-500mm Height-187mm/ (70Kg),51,HIGH,HS Code: 94039010,,,,Silver,13312.00,INR,HIGH,"Qty: 1, Unit: Set, PU: 1",,
Hettich,Linear Drawer System: AvanTech YOU,AvanTech YOU Drawer System (Actro YOU),9417274,AvanTech YOU- Inlay Drawer NL-550mm Height-187mm/ (40Kg),51,HIGH,HS Code: 94039910,,,,Silver,12480.00,INR,HIGH,"Qty: 1, Unit: Set, PU: 1",,
Hettich,Linear Drawer System: AvanTech YOU,AvanTech YOU Drawer System (Actro YOU),9417278,AvanTech YOU- Inlay Drawer NL-550mm Height-187mm/ (70Kg),51,HIGH,HS Code: 94039910,,,,Silver,13650.00,INR,HIGH,"Qty: 1, Unit: Set, PU: 1",,
Hettich,Linear Drawer System: AvanTech YOU,AvanTech YOU Drawer System (Actro YOU),9298404,AvanTech YOU: NL-500mm Height-101mm (40Kg),51,HIGH,HS Code: 94039010,,,,White,9536.00,INR,HIGH,"Qty: 1, Unit: Set, PU: 1",,
Hettich,Linear Drawer System: AvanTech YOU,AvanTech YOU Drawer System (Actro YOU),9298407,AvanTech YOU: NL-500mm Height-101mm (70Kg),51,HIGH,HS Code: 94039010,,,,White,10698.00,INR,HIGH,"Qty: 1, Unit: Set, PU: 1",,
Hettich,Linear Drawer System: AvanTech YOU,AvanTech YOU Drawer System (Actro YOU),9298410,AvanTech YOU: NL-500mm Height-187mm (40Kg),51,HIGH,HS Code: 94039010,,,,White,11888.00,INR,HIGH,"Qty: 1, Unit: Set, PU: 1",,
Hettich,Linear Drawer System: AvanTech YOU,AvanTech YOU Drawer System (Actro YOU),9298423,AvanTech YOU: NL-500mm Height-187mm (70Kg),51,HIGH,HS Code: 94039010,,,,White,13050.00,INR,HIGH,"Qty: 1, Unit: Set, PU: 1",,
Hettich,Linear Drawer System: AvanTech YOU,AvanTech YOU Drawer System (Actro YOU),9298395,AvanTech YOU: NL-500mm Height-251mm (40Kg),51,HIGH,HS Code: 94039010,,,,White,15792.00,INR,HIGH,"Qty: 1, Unit: Set, PU: 1",,
Hettich,Linear Drawer System: AvanTech YOU,AvanTech YOU Drawer System (Actro YOU),9298400,AvanTech YOU: NL-500mm Height-251mm (70Kg),51,HIGH,HS Code: 94039010,,,,White,16954.00,INR,HIGH,"Qty: 1, Unit: Set, PU: 1",,
Hettich,Linear Drawer System: AvanTech YOU,AvanTech YOU Drawer System (Actro YOU),9332324,AvanTech YOU- Narrow pullout (Height 101+187mm)/ 20Kg/ Depth 500mm,51,HIGH,HS Code: 83024200,,,,White,16686.00,INR,HIGH,"Qty: 1, Unit: Set, PU: 1",,
Hettich,Linear Drawer System: AvanTech YOU,AvanTech YOU Drawer System (Actro YOU),9332329,AvanTech YOU- Narrow pullout (Height 101+251mm)/ 20Kg/ Depth 500mm,51,HIGH,HS Code: 83024200,,,,White,20590.00,INR,HIGH,"Qty: 1, Unit: Set, PU: 1",,
Hettich,Linear Drawer System: AvanTech YOU,AvanTech YOU Drawer System (Actro YOU),9417270,AvanTech YOU- Inlay Drawer NL-500mm Height-187mm/ (40Kg),51,HIGH,HS Code: 94039010,,,,White,12150.00,INR,HIGH,"Qty: 1, Unit: Set, PU: 1",,
Hettich,Linear Drawer System: AvanTech YOU,AvanTech YOU Drawer System (Actro YOU),9417273,AvanTech YOU- Inlay Drawer NL-500mm Height-187mm/ (70Kg),51,HIGH,HS Code: 94039010,,,,White,13312.00,INR,HIGH,"Qty: 1, Unit: Set, PU: 1",,
Hettich,Linear Drawer System: AvanTech YOU,AvanTech YOU Drawer System (Actro YOU),9308739,AvanTech YOU: NL-350mm Height-101mm (40Kg),52,HIGH,HS Code: 83024200,,,,Anthracite,9984.00,INR,HIGH,"Qty: 1, Unit: Set, PU: 1",,
Hettich,Linear Drawer System: AvanTech YOU,AvanTech YOU Drawer System (Actro YOU),9308047,AvanTech YOU: NL-400mm Height-101mm (40Kg),52,HIGH,HS Code: 94039010,,,,Anthracite,9046.00,INR,HIGH,"Qty: 1, Unit: Set, PU: 1",,
Hettich,Linear Drawer System: AvanTech YOU,AvanTech YOU Drawer System (Actro YOU),9307366,AvanTech YOU: NL-450mm Height-101mm (40Kg),52,HIGH,HS Code: 94039010,,,,Anthracite,9418.00,INR,HIGH,"Qty: 1, Unit: Set, PU: 1",,
Hettich,Linear Drawer System: AvanTech YOU,AvanTech YOU Drawer System (Actro YOU),9307369,AvanTech YOU: NL-450mm Height-101mm (70Kg),52,HIGH,HS Code: 94039010,,,,Anthracite,10564.00,INR,HIGH,"Qty: 1, Unit: Set, PU: 1",,
Hettich,Linear Drawer System: AvanTech YOU,AvanTech YOU Drawer System (Actro YOU),9298405,AvanTech YOU: NL-500mm Height-101mm (40Kg),52,HIGH,HS Code: 94039010,,,,Anthracite,9536.00,INR,HIGH,"Qty: 1, Unit: Set, PU: 1",,
Hettich,Linear Drawer System: AvanTech YOU,AvanTech YOU Drawer System (Actro YOU),9298408,AvanTech YOU: NL-500mm Height-101mm (70Kg),52,HIGH,HS Code: 94039010,,,,Anthracite,10698.00,INR,HIGH,"Qty: 1, Unit: Set, PU: 1",,
Hettich,Linear Drawer System: AvanTech YOU,AvanTech YOU Drawer System (Actro YOU),9307395,AvanTech YOU: NL-550mm Height-101mm (40Kg),52,HIGH,HS Code: 94039010,,,,Anthracite,9832.00,INR,HIGH,"Qty: 1, Unit: Set, PU: 1",,
Hettich,Linear Drawer System: AvanTech YOU,AvanTech YOU Drawer System (Actro YOU),9307399,AvanTech YOU: NL-550mm Height-101mm (70Kg),52,HIGH,HS Code: 94039010,,,,Anthracite,11002.00,INR,HIGH,"Qty: 1, Unit: Set, PU: 1",,
Hettich,Linear Drawer System: AvanTech YOU,AvanTech YOU Drawer System (Actro YOU),9308296,AvanTech YOU: NL-600mm Height-101mm (40Kg),52,HIGH,HS Code: 83024200,,,,Anthracite,10764.00,INR,HIGH,"Qty: 1, Unit: Set, PU: 1",,
Hettich,Linear Drawer System: AvanTech YOU,AvanTech YOU Drawer System (Actro YOU),9308299,AvanTech YOU: NL-600mm Height-101mm (70Kg),52,HIGH,HS Code: 83024200,,,,Anthracite,11592.00,INR,HIGH,"Qty: 1, Unit: Set, PU: 1",,
Hettich,Linear Drawer System: AvanTech YOU,AvanTech YOU Drawer System (Actro YOU),9308740,AvanTech YOU: NL-350mm Height-187mm (40Kg),52,HIGH,HS Code: 83024200,,,,Anthracite,12826.00,INR,HIGH,"Qty: 1, Unit: Set, PU: 1",,
Hettich,Linear Drawer System: AvanTech YOU,AvanTech YOU Drawer System (Actro YOU),9308048,AvanTech YOU: NL-400mm Height-187mm (40Kg),52,HIGH,HS Code: 94039010,,,,Anthracite,11546.00,INR,HIGH,"Qty: 1, Unit: Set, PU: 1",,
Hettich,Linear Drawer System: AvanTech YOU,AvanTech YOU Drawer System (Actro YOU),9307367,AvanTech YOU: NL-450mm Height-187mm (40Kg),52,HIGH,HS Code: 94039010,,,,Anthracite,11776.00,INR,HIGH,"Qty: 1, Unit: Set, PU: 1",,
Hettich,Linear Drawer System: AvanTech YOU,AvanTech YOU Drawer System (Actro YOU),9307370,AvanTech YOU: NL-450mm Height-187mm (70Kg),52,HIGH,HS Code: 94039010,,,,Anthracite,12922.00,INR,HIGH,"Qty: 1, Unit: Set, PU: 1",,
Hettich,Linear Drawer System: AvanTech YOU,AvanTech YOU Drawer System (Actro YOU),9298421,AvanTech YOU: NL-500mm Height-187mm (40Kg),52,HIGH,HS Code: 94039010,,,,Anthracite,11888.00,INR,HIGH,"Qty: 1, Unit: Set, PU: 1",,
Hettich,Linear Drawer System: AvanTech YOU,AvanTech YOU Drawer System (Actro YOU),9298424,AvanTech YOU: NL-500mm Height-187mm (70Kg),52,HIGH,HS Code: 94039010,,,,Anthracite,13050.00,INR,HIGH,"Qty: 1, Unit: Set, PU: 1",,
Hettich,Linear Drawer System: AvanTech YOU,AvanTech YOU Drawer System (Actro YOU),9307396,AvanTech YOU: NL-550mm Height-187mm (40Kg),52,HIGH,HS Code: 94039010,,,,Anthracite,12230.00,INR,HIGH,"Qty: 1, Unit: Set, PU: 1",,
Hettich,Linear Drawer System: AvanTech YOU,AvanTech YOU Drawer System (Actro YOU),9307400,AvanTech YOU: NL-550mm Height-187mm (70Kg),52,HIGH,HS Code: 94039010,,,,Anthracite,13400.00,INR,HIGH,"Qty: 1, Unit: Set, PU: 1",,
Hettich,Linear Drawer System: AvanTech YOU,AvanTech YOU Drawer System (Actro YOU),9308297,AvanTech YOU: NL-600mm Height-187mm (40Kg),52,HIGH,HS Code: 83024200,,,,Anthracite,13510.00,INR,HIGH,"Qty: 1, Unit: Set, PU: 1",,
Hettich,Linear Drawer System: AvanTech YOU,AvanTech YOU Drawer System (Actro YOU),9308300,AvanTech YOU: NL-600mm Height-187mm (70Kg),52,HIGH,HS Code: 83024200,,,,Anthracite,14338.00,INR,HIGH,"Qty: 1, Unit: Set, PU: 1",,
Hettich,Linear Drawer System: AvanTech YOU,AvanTech YOU Drawer System (Actro YOU),9308791,AvanTech YOU: NL-350mm Height-251mm (40Kg),52,HIGH,HS Code: 83024200,,,,Anthracite,15322.00,INR,HIGH,"Qty: 1, Unit: Set, PU: 1",,
Hettich,Linear Drawer System: AvanTech YOU,AvanTech YOU Drawer System (Actro YOU),9308049,AvanTech YOU: NL-400mm Height-251mm (40Kg),52,HIGH,HS Code: 94039010,,,,Anthracite,15860.00,INR,HIGH,"Qty: 1, Unit: Set, PU: 1",,
Hettich,Linear Drawer System: AvanTech YOU,AvanTech YOU Drawer System (Actro YOU),9307368,AvanTech YOU: NL-450mm Height-251mm (40Kg),52,HIGH,HS Code: 94039010,,,,Anthracite,15626.00,INR,HIGH,"Qty: 1, Unit: Set, PU: 1",,
Hettich,Linear Drawer System: AvanTech YOU,AvanTech YOU Drawer System (Actro YOU),9307381,AvanTech YOU: NL-450mm Height-251mm (70Kg),52,HIGH,HS Code: 94039010,,,,Anthracite,16772.00,INR,HIGH,"Qty: 1, Unit: Set, PU: 1",,
Hettich,Linear Drawer System: AvanTech YOU,AvanTech YOU Drawer System (Actro YOU),9298396,AvanTech YOU: NL-500mm Height-251mm (40Kg),52,HIGH,HS Code: 94039010,,,,Anthracite,15792.00,INR,HIGH,"Qty: 1, Unit: Set, PU: 1",,
Hettich,Linear Drawer System: AvanTech YOU,AvanTech YOU Drawer System (Actro YOU),9298401,AvanTech YOU: NL-500mm Height-251mm (70Kg),52,HIGH,HS Code: 94039010,,,,Anthracite,16954.00,INR,HIGH,"Qty: 1, Unit: Set, PU: 1",,
Hettich,Linear Drawer System: AvanTech YOU,AvanTech YOU Drawer System (Actro YOU),9307397,AvanTech YOU: NL-550mm Height-251mm (40Kg),52,HIGH,HS Code: 94039010,,,,Anthracite,16180.00,INR,HIGH,"Qty: 1, Unit: Set, PU: 1",,
Hettich,Linear Drawer System: AvanTech YOU,AvanTech YOU Drawer System (Actro YOU),9307401,AvanTech YOU: NL-550mm Height-251mm (70Kg),52,HIGH,HS Code: 94039010,,,,Anthracite,17350.00,INR,HIGH,"Qty: 1, Unit: Set, PU: 1",,
Hettich,Linear Drawer System: AvanTech YOU,AvanTech YOU Drawer System (Actro YOU),9308298,AvanTech YOU: NL-600mm Height-251mm (40Kg),52,HIGH,HS Code: 83024200,,,,Anthracite,17230.00,INR,HIGH,"Qty: 1, Unit: Set, PU: 1",,
Hettich,Linear Drawer System: AvanTech YOU,AvanTech YOU Drawer System (Actro YOU),9308311,AvanTech YOU: NL-600mm Height-251mm (70Kg),52,HIGH,HS Code: 83024200,,,,Anthracite,18058.00,INR,HIGH,"Qty: 1, Unit: Set, PU: 1",,
Hettich,Linear Drawer System: AvanTech YOU,AvanTech YOU Drawer System (Actro YOU),9332321,AvanTech YOU- Narrow pullout (Height 101+187mm)/ 20Kg/ Depth 500mm,52,HIGH,HS Code: 83024200,,,,Anthracite,16686.00,INR,HIGH,"Qty: 1, Unit: Set, PU: 1",,
Hettich,Linear Drawer System: AvanTech YOU,AvanTech YOU Drawer System (Actro YOU),9332328,AvanTech YOU- Narrow pullout (Height 101+251mm)/ 20Kg/ Depth 500mm,52,HIGH,HS Code: 83024200,,,,Anthracite,20590.00,INR,HIGH,"Qty: 1, Unit: Set, PU: 1",,
Hettich,Linear Drawer System: AvanTech YOU,AvanTech YOU Drawer System (Actro YOU),9417249,AvanTech YOU- Inlay Drawer NL-400mm Height-187mm/ (40Kg),52,HIGH,HS Code: 94039910,,,,Anthracite,11650.00,INR,HIGH,"Qty: 1, Unit: Set, PU: 1",,
Hettich,Linear Drawer System: AvanTech YOU,AvanTech YOU Drawer System (Actro YOU),9417252,AvanTech YOU- Inlay Drawer NL-450mm Height-187mm/ (40Kg),52,HIGH,HS Code: 94039910,,,,Anthracite,12000.00,INR,HIGH,"Qty: 1, Unit: Set, PU: 1",,
Hettich,Linear Drawer System: AvanTech YOU,AvanTech YOU Drawer System (Actro YOU),9417266,AvanTech YOU- Inlay Drawer NL-450mm Height-187mm/ (70Kg),52,HIGH,HS Code: 94039910,,,,Anthracite,13146.00,INR,HIGH,"Qty: 1, Unit: Set, PU: 1",,
Hettich,Linear Drawer System: AvanTech YOU,AvanTech YOU Drawer System (Actro YOU),9417269,AvanTech YOU- Inlay Drawer NL-500mm Height-187mm/ (40Kg),52,HIGH,HS Code: 94039010,,,,Anthracite,12150.00,INR,HIGH,"Qty: 1, Unit: Set, PU: 1",,
Hettich,Linear Drawer System: AvanTech YOU,AvanTech YOU Drawer System (Actro YOU),9417272,AvanTech YOU- Inlay Drawer NL-500mm Height-187mm/ (70Kg),52,HIGH,HS Code: 94039010,,,,Anthracite,13312.00,INR,HIGH,"Qty: 1, Unit: Set, PU: 1",,
Hettich,Linear Drawer System: AvanTech YOU,AvanTech YOU Drawer System (Actro YOU),9417275,AvanTech YOU- Inlay Drawer NL-550mm Height-187mm/ (40Kg),52,HIGH,HS Code: 94039910,,,,Anthracite,12480.00,INR,HIGH,"Qty: 1, Unit: Set, PU: 1",,
Hettich,Linear Drawer System: AvanTech YOU,AvanTech YOU Drawer System (Actro YOU),9417279,AvanTech YOU- Inlay Drawer NL-550mm Height-187mm/ (70Kg),52,HIGH,HS Code: 94039910,,,,Anthracite,13650.00,INR,HIGH,"Qty: 1, Unit: Set, PU: 1",,
Hettich,Linear Drawer System: AvanTech YOU,AvanTech YOU Drawer System (Quadro YOU),9343361,"AvanTech YOU - H101mm, NL 350mm, 30 kg, Silver",52,HIGH,HS Code: 94039010,,,,Silver,8404.00,INR,HIGH,"Qty: 1, Unit: Set, PU: 1",,
Hettich,Linear Drawer System: AvanTech YOU,AvanTech YOU Drawer System (Quadro YOU),9343370,"AvanTech YOU - H101mm, NL 400mm, 30 kg, Silver",52,HIGH,HS Code: 94039010,,,,Silver,8432.00,INR,HIGH,"Qty: 1, Unit: Set, PU: 1",,
Hettich,Linear Drawer System: AvanTech YOU,AvanTech YOU Drawer System (Quadro YOU),9343333,"AvanTech YOU - H101mm, NL 450mm, 30 kg, Silver",52,HIGH,HS Code: 94039010,,,,Silver,8856.00,INR,HIGH,"Qty: 1, Unit: Set, PU: 1",,
Hettich,Linear Drawer System: AvanTech YOU,AvanTech YOU Drawer System (Quadro YOU),9343352,"AvanTech YOU - H101mm, NL 500mm, 30 kg, Silver",52,HIGH,HS Code: 94039010,,,,Silver,9058.00,INR,HIGH,"Qty: 1, Unit: Set, PU: 1",,
Hettich,Linear Drawer System: AvanTech YOU,AvanTech YOU Drawer System (Quadro YOU),9343324,"AvanTech YOU - H101mm, NL 550mm, 30 kg, Silver",52,HIGH,HS Code: 94039010,,,,Silver,9364.00,INR,HIGH,"Qty: 1, Unit: Set, PU: 1",,
Hettich,Linear Drawer System: AvanTech YOU,AvanTech YOU Drawer System (Quadro YOU),9343362,"AvanTech YOU - H187mm, NL 350mm, 30 kg, Silver",52,HIGH,HS Code: 94039010,,,,Silver,11246.00,INR,HIGH,"Qty: 1, Unit: Set, PU: 1",,
Hettich,Linear Drawer System: AvanTech YOU,AvanTech YOU Drawer System (Quadro YOU),9343371,"AvanTech YOU - H187mm, NL 400mm, 30 kg, Silver",52,HIGH,HS Code: 94039010,,,,Silver,10932.00,INR,HIGH,"Qty: 1, Unit: Set, PU: 1",,
Hettich,Linear Drawer System: AvanTech YOU,AvanTech YOU Drawer System (Quadro YOU),9343334,"AvanTech YOU - H187mm, NL 450mm, 30 kg, Silver",52,HIGH,HS Code: 94039010,,,,Silver,11214.00,INR,HIGH,"Qty: 1, Unit: Set, PU: 1",,
Hettich,Linear Drawer System: AvanTech YOU,AvanTech YOU Drawer System (Quadro YOU),9343353,"AvanTech YOU - H187mm, NL 500mm, 30 kg, Silver",52,HIGH,HS Code: 94039010,,,,Silver,11410.00,INR,HIGH,"Qty: 1, Unit: Set, PU: 1",,
Hettich,Linear Drawer System: AvanTech YOU,AvanTech YOU Drawer System (Quadro YOU),9343325,"AvanTech YOU - H187mm, NL 550mm, 30 kg, Silver",52,HIGH,HS Code: 94039010,,,,Silver,11762.00,INR,HIGH,"Qty: 1, Unit: Set, PU: 1",,
Hettich,Linear Drawer System: AvanTech YOU,AvanTech YOU Drawer System (Quadro YOU),9343363,"AvanTech YOU - H251mm, NL 350mm, 30 kg, Silver",52,HIGH,HS Code: 94039010,,,,Silver,13742.00,INR,HIGH,"Qty: 1, Unit: Set, PU: 1",,
Hettich,Linear Drawer System: AvanTech YOU,AvanTech YOU Drawer System (Quadro YOU),9343372,"AvanTech YOU - H251mm, NL 400mm, 30 kg, Silver",52,HIGH,HS Code: 94039010,,,,Silver,15246.00,INR,HIGH,"Qty: 1, Unit: Set, PU: 1",,
Hettich,Linear Drawer System: AvanTech YOU,AvanTech YOU Drawer System (Quadro YOU),9343335,"AvanTech YOU - H251mm, NL 450mm, 30 kg, Silver",52,HIGH,HS Code: 94039010,,,,Silver,15064.00,INR,HIGH,"Qty: 1, Unit: Set, PU: 1",,
Hettich,Linear Drawer System: AvanTech YOU,AvanTech YOU Drawer System (Quadro YOU),9343354,"AvanTech YOU - H251mm, NL 500mm, 30 kg, Silver",52,HIGH,HS Code: 94039010,,,,Silver,15314.00,INR,HIGH,"Qty: 1, Unit: Set, PU: 1",,
Hettich,Linear Drawer System: AvanTech YOU,AvanTech YOU Drawer System (Quadro YOU),9343326,"AvanTech YOU - H251mm, NL 550mm, 30 kg, Silver",53,HIGH,HS Code: 94039010,,,,Silver,15712.00,INR,HIGH,"Qty: 1, Unit: Set, PU: 1",,
Hettich,Linear Drawer System: AvanTech YOU,AvanTech YOU Drawer System (Quadro YOU),9343321,AvanTech YOU - Inlay Drawer NL-400mm Height-187mm/ (30Kg),53,HIGH,HS Code: 94039010,,,,Silver,11036.00,INR,HIGH,"Qty: 1, Unit: Set, PU: 1",,
Hettich,Linear Drawer System: AvanTech YOU,AvanTech YOU Drawer System (Quadro YOU),9343266,AvanTech YOU - Inlay Drawer NL-450mm Height-187mm/ (30Kg),53,HIGH,HS Code: 94039010,,,,Silver,11438.00,INR,HIGH,"Qty: 1, Unit: Set, PU: 1",,
Hettich,Linear Drawer System: AvanTech YOU,AvanTech YOU Drawer System (Quadro YOU),9343269,AvanTech YOU - Inlay Drawer NL-500mm Height-187mm/ (30Kg),53,HIGH,HS Code: 94039010,,,,Silver,11672.00,INR,HIGH,"Qty: 1, Unit: Set, PU: 1",,
Hettich,Linear Drawer System: AvanTech YOU,AvanTech YOU Drawer System (Quadro YOU),9343312,AvanTech YOU - Inlay Drawer NL-550mm Height-187mm/ (30Kg),53,HIGH,HS Code: 94039010,,,,Silver,12012.00,INR,HIGH,"Qty: 1, Unit: Set, PU: 1",,
Hettich,Linear Drawer System: AvanTech YOU,AvanTech YOU Drawer System (Quadro YOU),9343358,"AvanTech YOU - H101mm, NL 500mm, 30 kg, White",53,HIGH,HS Code: 94039010,,,,White,9058.00,INR,HIGH,"Qty: 1, Unit: Set, PU: 1",,
Hettich,Linear Drawer System: AvanTech YOU,AvanTech YOU Drawer System (Quadro YOU),9343359,"AvanTech YOU - H187mm, NL 500mm, 30 kg, White",53,HIGH,HS Code: 94039010,,,,White,11410.00,INR,HIGH,"Qty: 1, Unit: Set, PU: 1",,
Hettich,Linear Drawer System: AvanTech YOU,AvanTech YOU Drawer System (Quadro YOU),9343360,"AvanTech YOU - H251mm, NL 500mm, 30 kg, White",53,HIGH,HS Code: 94039010,,,,White,15314.00,INR,HIGH,"Qty: 1, Unit: Set, PU: 1",,
Hettich,Linear Drawer System: AvanTech YOU,AvanTech YOU Drawer System (Quadro YOU),9343311,AvanTech YOU - Inlay Drawer NL-500mm Height-187mm/ (30Kg),53,HIGH,HS Code: 94039010,,,,White,11672.00,INR,HIGH,"Qty: 1, Unit: Set, PU: 1",,
Hettich,Linear Drawer System: AvanTech YOU,AvanTech YOU Drawer System (Quadro YOU),9343364,"AvanTech YOU - H101mm, NL 350mm, 30 kg, Anthracite",53,HIGH,HS Code: 94039010,,,,Anthracite,8404.00,INR,HIGH,"Qty: 1, Unit: Set, PU: 1",,
Hettich,Linear Drawer System: AvanTech YOU,AvanTech YOU Drawer System (Quadro YOU),9343373,"AvanTech YOU - H101mm, NL 400mm, 30 kg, Anthracite",53,HIGH,HS Code: 94039010,,,,Anthracite,8432.00,INR,HIGH,"Qty: 1, Unit: Set, PU: 1",,
Hettich,Linear Drawer System: AvanTech YOU,AvanTech YOU Drawer System (Quadro YOU),9343336,"AvanTech YOU - H101mm, NL 450mm, 30 kg, Anthracite",53,HIGH,HS Code: 94039010,,,,Anthracite,8856.00,INR,HIGH,"Qty: 1, Unit: Set, PU: 1",,
Hettich,Linear Drawer System: AvanTech YOU,AvanTech YOU Drawer System (Quadro YOU),9343355,"AvanTech YOU - H101mm, NL 500mm, 30 kg, Anthracite",53,HIGH,HS Code: 94039010,,,,Anthracite,9058.00,INR,HIGH,"Qty: 1, Unit: Set, PU: 1",,
Hettich,Linear Drawer System: AvanTech YOU,AvanTech YOU Drawer System (Quadro YOU),9343327,"AvanTech YOU - H101mm, NL 550mm, 30 kg, Anthracite",53,HIGH,HS Code: 94039010,,,,Anthracite,9364.00,INR,HIGH,"Qty: 1, Unit: Set, PU: 1",,
Hettich,Linear Drawer System: AvanTech YOU,AvanTech YOU Drawer System (Quadro YOU),9343365,"AvanTech YOU - H187mm, NL 350mm, 30 kg, Anthracite",53,HIGH,HS Code: 94039010,,,,Anthracite,11246.00,INR,HIGH,"Qty: 1, Unit: Set, PU: 1",,
Hettich,Linear Drawer System: AvanTech YOU,AvanTech YOU Drawer System (Quadro YOU),9343374,"AvanTech YOU - H187mm, NL 400mm, 30 kg, Anthracite",53,HIGH,HS Code: 94039010,,,,Anthracite,10932.00,INR,HIGH,"Qty: 1, Unit: Set, PU: 1",,
Hettich,Linear Drawer System: AvanTech YOU,AvanTech YOU Drawer System (Quadro YOU),9343337,"AvanTech YOU - H187mm, NL 450mm, 30 kg, Anthracite",53,HIGH,HS Code: 94039010,,,,Anthracite,11214.00,INR,HIGH,"Qty: 1, Unit: Set, PU: 1",,
Hettich,Linear Drawer System: AvanTech YOU,AvanTech YOU Drawer System (Quadro YOU),9343356,"AvanTech YOU - H187mm, NL 500mm, 30 kg, Anthracite",53,HIGH,HS Code: 94039010,,,,Anthracite,11410.00,INR,HIGH,"Qty: 1, Unit: Set, PU: 1",,
Hettich,Linear Drawer System: AvanTech YOU,AvanTech YOU Drawer System (Quadro YOU),9343328,"AvanTech YOU - H187mm, NL 550mm, 30 kg, Anthracite",53,HIGH,HS Code: 94039010,,,,Anthracite,11762.00,INR,HIGH,"Qty: 1, Unit: Set, PU: 1",,
Hettich,Linear Drawer System: AvanTech YOU,AvanTech YOU Drawer System (Quadro YOU),9343366,"AvanTech YOU - H251mm, NL 350mm, 30 kg, Anthracite",53,HIGH,HS Code: 94039010,,,,Anthracite,13742.00,INR,HIGH,"Qty: 1, Unit: Set, PU: 1",,
Hettich,Linear Drawer System: AvanTech YOU,AvanTech YOU Drawer System (Quadro YOU),9343375,"AvanTech YOU - H251mm, NL 400mm, 30 kg, Anthracite",53,HIGH,HS Code: 94039010,,,,Anthracite,15246.00,INR,HIGH,"Qty: 1, Unit: Set, PU: 1",,
Hettich,Linear Drawer System: AvanTech YOU,AvanTech YOU Drawer System (Quadro YOU),9343338,"AvanTech YOU - H251mm, NL 450mm, 30 kg, Anthracite",53,HIGH,HS Code: 94039010,,,,Anthracite,15064.00,INR,HIGH,"Qty: 1, Unit: Set, PU: 1",,
Hettich,Linear Drawer System: AvanTech YOU,AvanTech YOU Drawer System (Quadro YOU),9343357,"AvanTech YOU - H251mm, NL 500mm, 30 kg, Anthracite",53,HIGH,HS Code: 94039010,,,,Anthracite,15314.00,INR,HIGH,"Qty: 1, Unit: Set, PU: 1",,
Hettich,Linear Drawer System: AvanTech YOU,AvanTech YOU Drawer System (Quadro YOU),9343329,"AvanTech YOU - H251mm, NL 550mm, 30 kg, Anthracite",53,HIGH,HS Code: 94039010,,,,Anthracite,15712.00,INR,HIGH,"Qty: 1, Unit: Set, PU: 1",,
Hettich,Linear Drawer System: AvanTech YOU,AvanTech YOU Drawer System (Quadro YOU),9343322,AvanTech YOU - Inlay Drawer NL-400mm Height-187mm/ (30Kg),53,HIGH,HS Code: 94039010,,,,Anthracite,11036.00,INR,HIGH,"Qty: 1, Unit: Set, PU: 1",,
Hettich,Linear Drawer System: AvanTech YOU,AvanTech YOU Drawer System (Quadro YOU),9343267,AvanTech YOU - Inlay Drawer NL-450mm Height-187mm/ (30Kg),53,HIGH,HS Code: 94039010,,,,Anthracite,11438.00,INR,HIGH,"Qty: 1, Unit: Set, PU: 1",,
Hettich,Linear Drawer System: AvanTech YOU,AvanTech YOU Drawer System (Quadro YOU),9343270,AvanTech YOU - Inlay Drawer NL-500mm Height-187mm/ (30Kg),53,HIGH,HS Code: 94039010,,,,Anthracite,11672.00,INR,HIGH,"Qty: 1, Unit: Set, PU: 1",,
Hettich,Linear Drawer System: AvanTech YOU,AvanTech YOU Drawer System (Quadro YOU),9343313,AvanTech YOU - Inlay Drawer NL-550mm Height-187mm/ (30Kg),53,HIGH,HS Code: 94039010,,,,Anthracite,12012.00,INR,HIGH,"Qty: 1, Unit: Set, PU: 1",,
Hettich,Linear Drawer System: AvanTech YOU,AvanTech YOU - 350 mm (40 Kg) Full Extn. Silent,9255012,Drawer side profile (Silver)-Left,54,HIGH,HS Code: 94039010,,,,Silver,1623.00,INR,HIGH,"Qty: 1, Unit: Pc, PU: 1",,
Hettich,Linear Drawer System: AvanTech YOU,AvanTech YOU - 350 mm (40 Kg) Full Extn. Silent,9255013,Drawer side profile (Silver)-Right,54,HIGH,HS Code: 94039010,,,,Silver,1623.00,INR,HIGH,"Qty: 1, Unit: Pc, PU: 1",,
Hettich,Linear Drawer System: AvanTech YOU,AvanTech YOU - 350 mm (40 Kg) Full Extn. Silent,9255806,Design profile (Silver),54,HIGH,HS Code: 39169090,,,,Silver,282.00,INR,HIGH,"Qty: 2, Unit: Pc, PU: 2",,
Hettich,Linear Drawer System: AvanTech YOU,AvanTech YOU - 350 mm (40 Kg) Full Extn. Silent,9255835,Front connector for drawer side profile,54,HIGH,HS Code: 83024200,,,,Silver,894.00,INR,HIGH,"Qty: 2, Unit: Pc, PU: 2",,
Hettich,Linear Drawer System: AvanTech YOU,AvanTech YOU - 350 mm (40 Kg) Full Extn. Silent,9257666,"Rear Panel Connector (Silver), Left",54,HIGH,HS Code: 83024200,,,,Silver,339.00,INR,HIGH,"Qty: 1, Unit: Pc, PU: 1",,
Hettich,Linear Drawer System: AvanTech YOU,AvanTech YOU - 350 mm (40 Kg) Full Extn. Silent,9257667,"Rear panel connector (Silver), Right",54,HIGH,HS Code: 83024200,,,,Silver,339.00,INR,HIGH,"Qty: 1, Unit: Pc, PU: 1",,
Hettich,Linear Drawer System: AvanTech YOU,AvanTech YOU - 350 mm (40 Kg) Full Extn. Silent,9257702,Rear Panel stabilizer,54,HIGH,HS Code: 39263000,,,,Silver,42.00,INR,HIGH,"Qty: 3, Unit: Pc, PU: 3",,
Hettich,Linear Drawer System: AvanTech YOU,AvanTech YOU - 350 mm (40 Kg) Full Extn. Silent,9321561,Front stabiliser,54,HIGH,HS Code: 39263000,,,,Silver,460.00,INR,HIGH,"Qty: 1, Unit: Pc, PU: 1",,
Hettich,Linear Drawer System: AvanTech YOU,AvanTech YOU - 350 mm (40 Kg) Full Extn. Silent,9318173,"Actro YOU Drawer runner-40kg, Left",54,HIGH,HS Code: 83024200,,,,Silver,2168.00,INR,HIGH,"Qty: 1, Unit: Pc, PU: 1",,
Hettich,Linear Drawer System: AvanTech YOU,AvanTech YOU - 350 mm (40 Kg) Full Extn. Silent,9318174,"Actro YOU Drawer runner-40kg, Right",54,HIGH,HS Code: 83024200,,,,Silver,2168.00,INR,HIGH,"Qty: 1, Unit: Pc, PU: 1",,
Hettich,Linear Drawer System: AvanTech YOU,AvanTech YOU - 350 mm (40 Kg) Full Extn. Silent,9257703,Branding clip with Hettich Logo- Silver,54,HIGH,HS Code: 39269097,,,,Silver,42.00,INR,HIGH,"Qty: 1, Unit: Pc, PU: 1",,
Hettich,Linear Drawer System: AvanTech YOU,AvanTech YOU: NL-400 mm Height-101 mm (40 Kg) Full Extn. Silent,9255014,Drawer side profile (Silver)-Left,54,HIGH,HS Code: 94039010,,,,Silver,1490.00,INR,HIGH,"Qty: 1, Unit: Pc, PU: 1",,
Hettich,Linear Drawer System: AvanTech YOU,AvanTech YOU: NL-400 mm Height-101 mm (40 Kg) Full Extn. Silent,9255015,Drawer side profile (Silver)-Right,54,HIGH,HS Code: 94039010,,,,Silver,1490.00,INR,HIGH,"Qty: 1, Unit: Pc, PU: 1",,
Hettich,Linear Drawer System: AvanTech YOU,AvanTech YOU: NL-400 mm Height-101 mm (40 Kg) Full Extn. Silent,9255807,Design profile (Silver),54,HIGH,HS Code: 39169090,,,,Silver,310.00,INR,HIGH,"Qty: 2, Unit: Pc, PU: 2",,
Hettich,Linear Drawer System: AvanTech YOU,AvanTech YOU: NL-400 mm Height-101 mm (40 Kg) Full Extn. Silent,9255835,Front connector for drawer side profile,54,HIGH,HS Code: 83024200,,,,Silver,894.00,INR,HIGH,"Qty: 2, Unit: Pc, PU: 2",,
Hettich,Linear Drawer System: AvanTech YOU,AvanTech YOU: NL-400 mm Height-101 mm (40 Kg) Full Extn. Silent,9255835,Front connector for drawer side profile,54,HIGH,HS Code: 83024200,,,,Anthracite,894.00,INR,HIGH,"Qty: 2, Unit: Pc, PU: 2",,
Hettich,Linear Drawer System: AvanTech YOU,AvanTech YOU: NL-400 mm Height-101 mm (40 Kg) Full Extn. Silent,9257666,"Rear Panel Connector (Silver), Left",54,HIGH,HS Code: 83024200,,,,Silver,339.00,INR,HIGH,"Qty: 1, Unit: Pc, PU: 1",,
Hettich,Linear Drawer System: AvanTech YOU,AvanTech YOU: NL-400 mm Height-101 mm (40 Kg) Full Extn. Silent,9257667,"Rear panel connector (Silver), Right",54,HIGH,HS Code: 83024200,,,,Silver,339.00,INR,HIGH,"Qty: 1, Unit: Pc, PU: 1",,
Hettich,Linear Drawer System: AvanTech YOU,AvanTech YOU: NL-400 mm Height-101 mm (40 Kg) Full Extn. Silent,9257702,Rear Panel stabilizer,54,HIGH,HS Code: 39263000,,,,Silver,42.00,INR,HIGH,"Qty: 3, Unit: Pc, PU: 3",,
Hettich,Linear Drawer System: AvanTech YOU,AvanTech YOU: NL-400 mm Height-101 mm (40 Kg) Full Extn. Silent,9257702,Rear Panel stabilizer,54,HIGH,HS Code: 39263000,,,,Anthracite,42.00,INR,HIGH,"Qty: 3, Unit: Pc, PU: 3",,
Hettich,Linear Drawer System: AvanTech YOU,AvanTech YOU: NL-400 mm Height-101 mm (40 Kg) Full Extn. Silent,9321561,Front stabiliser,54,HIGH,HS Code: 39263000,,,,Silver,464.00,INR,HIGH,"Qty: 1, Unit: Pc, PU: 1",,
Hettich,Linear Drawer System: AvanTech YOU,AvanTech YOU: NL-400 mm Height-101 mm (40 Kg) Full Extn. Silent,9321561,Front stabiliser,54,HIGH,HS Code: 39263000,,,,Anthracite,464.00,INR,HIGH,"Qty: 1, Unit: Pc, PU: 1",,
Hettich,Linear Drawer System: AvanTech YOU,AvanTech YOU: NL-400 mm Height-101 mm (40 Kg) Full Extn. Silent,9318175,"Actro YOU Drawer runner-40kg, Left",54,HIGH,HS Code: 83024200,,,,Silver,1818.00,INR,HIGH,"Qty: 1, Unit: Pc, PU: 1",,
Hettich,Linear Drawer System: AvanTech YOU,AvanTech YOU: NL-400 mm Height-101 mm (40 Kg) Full Extn. Silent,9318175,"Actro YOU Drawer runner-40kg, Left",54,HIGH,HS Code: 83024200,,,,Anthracite,1818.00,INR,HIGH,"Qty: 1, Unit: Pc, PU: 1",,
Hettich,Linear Drawer System: AvanTech YOU,AvanTech YOU: NL-400 mm Height-101 mm (40 Kg) Full Extn. Silent,9318176,"Actro YOU Drawer runner-40kg, Right",54,HIGH,HS Code: 83024200,,,,Silver,1818.00,INR,HIGH,"Qty: 1, Unit: Pc, PU: 1",,
Hettich,Linear Drawer System: AvanTech YOU,AvanTech YOU: NL-400 mm Height-101 mm (40 Kg) Full Extn. Silent,9318176,"Actro YOU Drawer runner-40kg, Right",54,HIGH,HS Code: 83024200,,,,Anthracite,1818.00,INR,HIGH,"Qty: 1, Unit: Pc, PU: 1",,
Hettich,Linear Drawer System: AvanTech YOU,AvanTech YOU: NL-400 mm Height-101 mm (40 Kg) Full Extn. Silent,9257703,Branding clip with Hettich Logo- (Silver),54,HIGH,HS Code: 39269097,,,,Silver,42.00,INR,HIGH,"Qty: 1, Unit: Pc, PU: 1",,
Hettich,Linear Drawer System: AvanTech YOU,AvanTech YOU: NL-450 mm Height-101 mm (40 Kg) Full Extn. Silent,9255016,"Drawer Side Profile (Silver), Left",54,HIGH,HS Code: 94039010,,,,Silver,1648.00,INR,HIGH,"Qty: 1, Unit: Pc, PU: 1",,
Hettich,Linear Drawer System: AvanTech YOU,AvanTech YOU: NL-450 mm Height-101 mm (40 Kg) Full Extn. Silent,9255017,"Drawer Side Profile (Silver), Right",54,HIGH,HS Code: 94039010,,,,Silver,1648.00,INR,HIGH,"Qty: 1, Unit: Pc, PU: 1",,
Hettich,Linear Drawer System: AvanTech YOU,AvanTech YOU: NL-450 mm Height-101 mm (40 Kg) Full Extn. Silent,9255808,Design Profile (Silver),54,HIGH,HS Code: 39169090,,,,Silver,292.00,INR,HIGH,"Qty: 2, Unit: Pc, PU: 2",,
Hettich,Linear Drawer System: AvanTech YOU,AvanTech YOU: NL-450 mm Height-101 mm (40 Kg) Full Extn. Silent,9255835,Font Panel Connector for drawer side profile,54,HIGH,HS Code: 83024200,,,,Silver,894.00,INR,HIGH,"Qty: 2, Unit: Pc, PU: 2",,
Hettich,Linear Drawer System: AvanTech YOU,AvanTech YOU: NL-450 mm Height-101 mm (40 Kg) Full Extn. Silent,9255835,Font Panel Connector for drawer side profile,54,HIGH,HS Code: 83024200,,,,Anthracite,894.00,INR,HIGH,"Qty: 2, Unit: Pc, PU: 2",,
Hettich,Linear Drawer System: AvanTech YOU,AvanTech YOU: NL-450 mm Height-101 mm (40 Kg) Full Extn. Silent,9257666,"Rear Panel Connector (Silver), Left",54,HIGH,HS Code: 83024200,,,,Silver,339.00,INR,HIGH,"Qty: 1, Unit: Pc, PU: 1",,
Hettich,Linear Drawer System: AvanTech YOU,AvanTech YOU: NL-450 mm Height-101 mm (40 Kg) Full Extn. Silent,9257667,"Rear Panel Connector (Silver), Right",54,HIGH,HS Code: 83024200,,,,Silver,339.00,INR,HIGH,"Qty: 1, Unit: Pc, PU: 1",,
Hettich,Linear Drawer System: AvanTech YOU,AvanTech YOU: NL-450 mm Height-101 mm (40 Kg) Full Extn. Silent,9257702,Rear Panel Stabilizer,54,HIGH,HS Code: 39263000,,,,Silver,42.00,INR,HIGH,"Qty: 3, Unit: Pc, PU: 3",,
Hettich,Linear Drawer System: AvanTech YOU,AvanTech YOU: NL-450 mm Height-101 mm (40 Kg) Full Extn. Silent,9257702,Rear Panel Stabilizer,54,HIGH,HS Code: 39263000,,,,Anthracite,42.00,INR,HIGH,"Qty: 3, Unit: Pc, PU: 3",,
Hettich,Linear Drawer System: AvanTech YOU,AvanTech YOU: NL-450 mm Height-101 mm (40 Kg) Full Extn. Silent,9321561,Front Stabilizer,54,HIGH,HS Code: 39263000,,,,Silver,464.00,INR,HIGH,"Qty: 1, Unit: Pc, PU: 1",,
Hettich,Linear Drawer System: AvanTech YOU,AvanTech YOU: NL-450 mm Height-101 mm (40 Kg) Full Extn. Silent,9321561,Front Stabilizer,54,HIGH,HS Code: 39263000,,,,Anthracite,464.00,INR,HIGH,"Qty: 1, Unit: Pc, PU: 1",,
Hettich,Linear Drawer System: AvanTech YOU,AvanTech YOU: NL-450 mm Height-101 mm (40 Kg) Full Extn. Silent,9318177,"Actro YOU runner Left, 40 kg",54,HIGH,HS Code: 83024200,,,,Silver,1855.00,INR,HIGH,"Qty: 1, Unit: Pc, PU: 1",,
Hettich,Linear Drawer System: AvanTech YOU,AvanTech YOU: NL-450 mm Height-101 mm (40 Kg) Full Extn. Silent,9318177,"Actro YOU runner Left, 40 kg",54,HIGH,HS Code: 83024200,,,,Anthracite,1855.00,INR,HIGH,"Qty: 1, Unit: Pc, PU: 1",,
Hettich,Linear Drawer System: AvanTech YOU,AvanTech YOU: NL-450 mm Height-101 mm (40 Kg) Full Extn. Silent,9318178,"Actro YOU runner Right, 40 kg",54,HIGH,HS Code: 83024200,,,,Silver,1855.00,INR,HIGH,"Qty: 1, Unit: Pc, PU: 1",,
Hettich,Linear Drawer System: AvanTech YOU,AvanTech YOU: NL-450 mm Height-101 mm (40 Kg) Full Extn. Silent,9318178,"Actro YOU runner Right, 40 kg",54,HIGH,HS Code: 83024200,,,,Anthracite,1855.00,INR,HIGH,"Qty: 1, Unit: Pc, PU: 1",,
Hettich,Linear Drawer System: AvanTech YOU,AvanTech YOU: NL-450 mm Height-101 mm (40 Kg) Full Extn. Silent,9257703,Branding clip with Hettich logo (silver),54,HIGH,HS Code: 39269097,,,,Silver,42.00,INR,HIGH,"Qty: 1, Unit: Pc, PU: 1",,
Hettich,Linear Drawer System: AvanTech YOU,AvanTech YOU: NL-500 mm Height-101 mm (40 Kg) Full Extn. Silent,9255018,"Drawer Side Profile (Silver), Left",55,HIGH,HS Code: 94039010,,,,Silver,1685.00,INR,HIGH,"Qty: 1, Unit: Pc, PU: 1",,
Hettich,Linear Drawer System: AvanTech YOU,AvanTech YOU: NL-500 mm Height-101 mm (40 Kg) Full Extn. Silent,9255019,"Drawer Side Profile (Silver), Right",55,HIGH,HS Code: 94039010,,,,Silver,1685.00,INR,HIGH,"Qty: 1, Unit: Pc, PU: 1",,
Hettich,Linear Drawer System: AvanTech YOU,AvanTech YOU: NL-500 mm Height-101 mm (40 Kg) Full Extn. Silent,9255809,Design Profile (Silver),55,HIGH,HS Code: 39169090,,,,Silver,292.00,INR,HIGH,"Qty: 2, Unit: Pc, PU: 2",,
Hettich,Linear Drawer System: AvanTech YOU,AvanTech YOU: NL-500 mm Height-101 mm (40 Kg) Full Extn. Silent,9255835,Font Panel Connector for drawer side profile,55,HIGH,HS Code: 83024200,,,,Silver,894.00,INR,HIGH,"Qty: 2, Unit: Pc, PU: 2",,
Hettich,Linear Drawer System: AvanTech YOU,AvanTech YOU: NL-500 mm Height-101 mm (40 Kg) Full Extn. Silent,9255835,Font Panel Connector for drawer side profile,55,HIGH,HS Code: 83024200,,,,White,894.00,INR,HIGH,"Qty: 2, Unit: Pc, PU: 2",,
Hettich,Linear Drawer System: AvanTech YOU,AvanTech YOU: NL-500 mm Height-101 mm (40 Kg) Full Extn. Silent,9255835,Font Panel Connector for drawer side profile,55,HIGH,HS Code: 83024200,,,,Anthracite,894.00,INR,HIGH,"Qty: 2, Unit: Pc, PU: 2",,
Hettich,Linear Drawer System: AvanTech YOU,AvanTech YOU: NL-500 mm Height-101 mm (40 Kg) Full Extn. Silent,9257666,"Rear Panel Connector (Silver), Left",55,HIGH,HS Code: 83024200,,,,Silver,339.00,INR,HIGH,"Qty: 1, Unit: Pc, PU: 1",,
Hettich,Linear Drawer System: AvanTech YOU,AvanTech YOU: NL-500 mm Height-101 mm (40 Kg) Full Extn. Silent,9257667,"Rear Panel Connector (Silver), Right",55,HIGH,HS Code: 83024200,,,,Silver,339.00,INR,HIGH,"Qty: 1, Unit: Pc, PU: 1",,
Hettich,Linear Drawer System: AvanTech YOU,AvanTech YOU: NL-500 mm Height-101 mm (40 Kg) Full Extn. Silent,9257702,Rear Panel Stabilizer,55,HIGH,HS Code: 39263000,,,,Silver,42.00,INR,HIGH,"Qty: 3, Unit: Pc, PU: 3",,
Hettich,Linear Drawer System: AvanTech YOU,AvanTech YOU: NL-500 mm Height-101 mm (40 Kg) Full Extn. Silent,9257702,Rear Panel Stabilizer,55,HIGH,HS Code: 39263000,,,,White,42.00,INR,HIGH,"Qty: 3, Unit: Pc, PU: 3",,
Hettich,Linear Drawer System: AvanTech YOU,AvanTech YOU: NL-500 mm Height-101 mm (40 Kg) Full Extn. Silent,9257702,Rear Panel Stabilizer,55,HIGH,HS Code: 39263000,,,,Anthracite,42.00,INR,HIGH,"Qty: 3, Unit: Pc, PU: 3",,
Hettich,Linear Drawer System: AvanTech YOU,AvanTech YOU: NL-500 mm Height-101 mm (40 Kg) Full Extn. Silent,9321561,Front Stabilizer,55,HIGH,HS Code: 39263000,,,,Silver,464.00,INR,HIGH,"Qty: 1, Unit: Pc, PU: 1",,
Hettich,Linear Drawer System: AvanTech YOU,AvanTech YOU: NL-500 mm Height-101 mm (40 Kg) Full Extn. Silent,9321561,Front Stabilizer,55,HIGH,HS Code: 39263000,,,,White,464.00,INR,HIGH,"Qty: 1, Unit: Pc, PU: 1",,
Hettich,Linear Drawer System: AvanTech YOU,AvanTech YOU: NL-500 mm Height-101 mm (40 Kg) Full Extn. Silent,9321561,Front Stabilizer,55,HIGH,HS Code: 39263000,,,,Anthracite,464.00,INR,HIGH,"Qty: 1, Unit: Pc, PU: 1",,
Hettich,Linear Drawer System: AvanTech YOU,AvanTech YOU: NL-500 mm Height-101 mm (40 Kg) Full Extn. Silent,9318179,"Actro YOU runner (Left), 40 kg",55,HIGH,HS Code: 83024200,,,,Silver,1877.00,INR,HIGH,"Qty: 1, Unit: Pc, PU: 1",,
Hettich,Linear Drawer System: AvanTech YOU,AvanTech YOU: NL-500 mm Height-101 mm (40 Kg) Full Extn. Silent,9318179,"Actro YOU runner (Left), 40 kg",55,HIGH,HS Code: 83024200,,,,White,1877.00,INR,HIGH,"Qty: 1, Unit: Pc, PU: 1",,
Hettich,Linear Drawer System: AvanTech YOU,AvanTech YOU: NL-500 mm Height-101 mm (40 Kg) Full Extn. Silent,9318179,"Actro YOU runner (Left), 40 kg",55,HIGH,HS Code: 83024200,,,,Anthracite,1877.00,INR,HIGH,"Qty: 1, Unit: Pc, PU: 1",,
Hettich,Linear Drawer System: AvanTech YOU,AvanTech YOU: NL-500 mm Height-101 mm (40 Kg) Full Extn. Silent,9318180,"Actro YOU runner (Right), 40 kg",55,HIGH,HS Code: 83024200,,,,Silver,1877.00,INR,HIGH,"Qty: 1, Unit: Pc, PU: 1",,
Hettich,Linear Drawer System: AvanTech YOU,AvanTech YOU: NL-500 mm Height-101 mm (40 Kg) Full Extn. Silent,9318180,"Actro YOU runner (Right), 40 kg",55,HIGH,HS Code: 83024200,,,,White,1877.00,INR,HIGH,"Qty: 1, Unit: Pc, PU: 1",,
Hettich,Linear Drawer System: AvanTech YOU,AvanTech YOU: NL-500 mm Height-101 mm (40 Kg) Full Extn. Silent,9318180,"Actro YOU runner (Right), 40 kg",55,HIGH,HS Code: 83024200,,,,Anthracite,1877.00,INR,HIGH,"Qty: 1, Unit: Pc, PU: 1",,
Hettich,Linear Drawer System: AvanTech YOU,AvanTech YOU: NL-500 mm Height-101 mm (40 Kg) Full Extn. Silent,9257703,Branding clip with Hettich logo (Silver),55,HIGH,HS Code: 39269097,,,,Silver,42.00,INR,HIGH,"Qty: 1, Unit: Pc, PU: 1",,
Hettich,Linear Drawer System: AvanTech YOU,AvanTech YOU: NL-550 mm Height-101 mm (40 Kg) Full Extn. Silent,9255020,"Drawer Side Profile (Silver), Left",55,HIGH,HS Code: 94039010,,,,Silver,1711.00,INR,HIGH,"Qty: 1, Unit: Pc, PU: 1",,
Hettich,Linear Drawer System: AvanTech YOU,AvanTech YOU: NL-550 mm Height-101 mm (40 Kg) Full Extn. Silent,9255021,"Drawer Side Profile (Silver), Right",55,HIGH,HS Code: 94039010,,,,Silver,1711.00,INR,HIGH,"Qty: 1, Unit: Pc, PU: 1",,
Hettich,Linear Drawer System: AvanTech YOU,AvanTech YOU: NL-550 mm Height-101 mm (40 Kg) Full Extn. Silent,9255810,Design Profile (Silver),55,HIGH,HS Code: 39169090,,,,Silver,292.00,INR,HIGH,"Qty: 2, Unit: Pc, PU: 2",,
Hettich,Linear Drawer System: AvanTech YOU,AvanTech YOU: NL-550 mm Height-101 mm (40 Kg) Full Extn. Silent,9255835,Font Panel Connector for drawer side profile,55,HIGH,HS Code: 83024200,,,,Silver,894.00,INR,HIGH,"Qty: 2, Unit: Pc, PU: 2",,
Hettich,Linear Drawer System: AvanTech YOU,AvanTech YOU: NL-550 mm Height-101 mm (40 Kg) Full Extn. Silent,9255835,Font Panel Connector for drawer side profile,55,HIGH,HS Code: 83024200,,,,Anthracite,894.00,INR,HIGH,"Qty: 2, Unit: Pc, PU: 2",,
Hettich,Linear Drawer System: AvanTech YOU,AvanTech YOU: NL-550 mm Height-101 mm (40 Kg) Full Extn. Silent,9257666,"Rear Panel Connector (Silver), Left",55,HIGH,HS Code: 83024200,,,,Silver,339.00,INR,HIGH,"Qty: 1, Unit: Pc, PU: 1",,
Hettich,Linear Drawer System: AvanTech YOU,AvanTech YOU: NL-550 mm Height-101 mm (40 Kg) Full Extn. Silent,9257667,"Rear Panel Connector (Silver), Right",55,HIGH,HS Code: 83024200,,,,Silver,339.00,INR,HIGH,"Qty: 1, Unit: Pc, PU: 1",,
Hettich,Linear Drawer System: AvanTech YOU,AvanTech YOU: NL-550 mm Height-101 mm (40 Kg) Full Extn. Silent,9257702,Rear Panel Stabilizer,55,HIGH,HS Code: 39263000,,,,Silver,42.00,INR,HIGH,"Qty: 3, Unit: Pc, PU: 3",,
Hettich,Linear Drawer System: AvanTech YOU,AvanTech YOU: NL-550 mm Height-101 mm (40 Kg) Full Extn. Silent,9257702,Rear Panel Stabilizer,55,HIGH,HS Code: 39263000,,,,Anthracite,42.00,INR,HIGH,"Qty: 3, Unit: Pc, PU: 3",,
Hettich,Linear Drawer System: AvanTech YOU,AvanTech YOU: NL-550 mm Height-101 mm (40 Kg) Full Extn. Silent,9321561,Front Stabilizer,55,HIGH,HS Code: 39263000,,,,Silver,464.00,INR,HIGH,"Qty: 1, Unit: Pc, PU: 1",,
Hettich,Linear Drawer System: AvanTech YOU,AvanTech YOU: NL-550 mm Height-101 mm (40 Kg) Full Extn. Silent,9321561,Front Stabilizer,55,HIGH,HS Code: 39263000,,,,Anthracite,464.00,INR,HIGH,"Qty: 1, Unit: Pc, PU: 1",,
Hettich,Linear Drawer System: AvanTech YOU,AvanTech YOU: NL-550 mm Height-101 mm (40 Kg) Full Extn. Silent,9318181,"Actro YOU runner (Left), 40 kg",55,HIGH,HS Code: 83024200,,,,Silver,1999.00,INR,HIGH,"Qty: 1, Unit: Pc, PU: 1",,
Hettich,Linear Drawer System: AvanTech YOU,AvanTech YOU: NL-550 mm Height-101 mm (40 Kg) Full Extn. Silent,9318181,"Actro YOU runner (Left), 40 kg",55,HIGH,HS Code: 83024200,,,,Anthracite,1999.00,INR,HIGH,"Qty: 1, Unit: Pc, PU: 1",,
Hettich,Linear Drawer System: AvanTech YOU,AvanTech YOU: NL-550 mm Height-101 mm (40 Kg) Full Extn. Silent,9318182,"Actro YOU runner (Right), 40 kg",55,HIGH,HS Code: 83024200,,,,Silver,1999.00,INR,HIGH,"Qty: 1, Unit: Pc, PU: 1",,
Hettich,Linear Drawer System: AvanTech YOU,AvanTech YOU: NL-550 mm Height-101 mm (40 Kg) Full Extn. Silent,9318182,"Actro YOU runner (Right), 40 kg",55,HIGH,HS Code: 83024200,,,,Anthracite,1999.00,INR,HIGH,"Qty: 1, Unit: Pc, PU: 1",,
Hettich,Linear Drawer System: AvanTech YOU,AvanTech YOU: NL-550 mm Height-101 mm (40 Kg) Full Extn. Silent,9257703,Branding clip with Hettich logo(silver),55,HIGH,HS Code: 39269097,,,,Silver,42.00,INR,HIGH,"Qty: 1, Unit: Pc, PU: 1",,
Hettich,Linear Drawer System: AvanTech YOU,AvanTech YOU - 600 mm (40 Kg) Full Extn. Silent,94039010,"Drawer Side Profile (Silver), Left",55,LOW,,,,,Silver,1749.00,INR,LOW,,,
Hettich,Linear Drawer System: AvanTech YOU,AvanTech YOU - 600 mm (40 Kg) Full Extn. Silent,39169090,Design Profile (Silver),55,LOW,,,,,Silver,292.00,INR,LOW,,,
Hettich,Linear Drawer System: AvanTech YOU,AvanTech YOU - 600 mm (40 Kg) Full Extn. Silent,83024200 (Front connector for drawe),Front connector for drawer side profile,55,LOW,,,,,Silver,894.00,INR,LOW,,,
Hettich,Linear Drawer System: AvanTech YOU,AvanTech YOU - 600 mm (40 Kg) Full Extn. Silent,83024200 (Rear Panel Connector (Sil),"Rear Panel Connector (Silver), Left",55,LOW,,,,,Silver,339.00,INR,LOW,,,
Hettich,Linear Drawer System: AvanTech YOU,AvanTech YOU - 600 mm (40 Kg) Full Extn. Silent,39263000 (Rear Panel Stabilizer),Rear Panel Stabilizer,55,LOW,,,,,Silver,42.00,INR,LOW,,,
Hettich,Linear Drawer System: AvanTech YOU,AvanTech YOU - 600 mm (40 Kg) Full Extn. Silent,39263000 (Front Stabilizer),Front Stabilizer,55,LOW,,,,,Silver,460.00,INR,LOW,,,
Hettich,Linear Drawer System: AvanTech YOU,AvanTech YOU - 600 mm (40 Kg) Full Extn. Silent,"83024200 (Actro YOU runner Left, 40)","Actro YOU runner Left, 40 kg",55,LOW,,,,,Silver,2427.00,INR,LOW,,,
Hettich,Linear Drawer System: AvanTech YOU,AvanTech YOU - 600 mm (40 Kg) Full Extn. Silent,"83024200 (Actro YOU runner Right, 4)","Actro YOU runner Right, 40 kg",55,LOW,,,,,Silver,2427.00,INR,LOW,,,
Hettich,Linear Drawer System: AvanTech YOU,AvanTech YOU - 600 mm (40 Kg) Full Extn. Silent,39269097,Branding clip with Hettich logo (silver),55,LOW,,,,,Silver,42.00,INR,LOW,,,
Hettich,Linear Drawer System: AvanTech YOU,AvanTech YOU: NL-450 mm Height-101 mm (70 Kg) Full Extn. Silent,9255016,"Drawer Side Profile (Silver), Left",56,HIGH,HS Code: 94039010,,,,Silver,1648.00,INR,HIGH,"Qty: 1, Unit: Pc, PU: 1",,
Hettich,Linear Drawer System: AvanTech YOU,AvanTech YOU: NL-450 mm Height-101 mm (70 Kg) Full Extn. Silent,9255017,"Drawer Side Profile (Silver), Right",56,HIGH,HS Code: 94039010,,,,Silver,1648.00,INR,HIGH,"Qty: 1, Unit: Pc, PU: 1",,
Hettich,Linear Drawer System: AvanTech YOU,AvanTech YOU: NL-450 mm Height-101 mm (70 Kg) Full Extn. Silent,9255808,Design Profile (Silver),56,HIGH,HS Code: 39169090,,,,Silver,292.00,INR,HIGH,"Qty: 2, Unit: Pc, PU: 2",,
Hettich,Linear Drawer System: AvanTech YOU,AvanTech YOU: NL-450 mm Height-101 mm (70 Kg) Full Extn. Silent,9255835,Font Panel Connector for drawer side profile,56,HIGH,HS Code: 83024200,,,,Silver,894.00,INR,HIGH,"Qty: 2, Unit: Pc, PU: 2",,
Hettich,Linear Drawer System: AvanTech YOU,AvanTech YOU: NL-450 mm Height-101 mm (70 Kg) Full Extn. Silent,9255835,Font Panel Connector for drawer side profile,56,HIGH,HS Code: 83024200,,,,Anthracite,894.00,INR,HIGH,"Qty: 2, Unit: Pc, PU: 2",,
Hettich,Linear Drawer System: AvanTech YOU,AvanTech YOU: NL-450 mm Height-101 mm (70 Kg) Full Extn. Silent,9257666,"Rear Panel Connector (Silver), Left",56,HIGH,HS Code: 83024200,,,,Silver,339.00,INR,HIGH,"Qty: 1, Unit: Pc, PU: 1",,
Hettich,Linear Drawer System: AvanTech YOU,AvanTech YOU: NL-450 mm Height-101 mm (70 Kg) Full Extn. Silent,9257667,"Rear Panel Connector (Silver), Right",56,HIGH,HS Code: 83024200,,,,Silver,339.00,INR,HIGH,"Qty: 1, Unit: Pc, PU: 1",,
Hettich,Linear Drawer System: AvanTech YOU,AvanTech YOU: NL-450 mm Height-101 mm (70 Kg) Full Extn. Silent,9257702,Rear Panel Stabilizer,56,HIGH,HS Code: 39263000,,,,Silver,42.00,INR,HIGH,"Qty: 3, Unit: Pc, PU: 3",,
Hettich,Linear Drawer System: AvanTech YOU,AvanTech YOU: NL-450 mm Height-101 mm (70 Kg) Full Extn. Silent,9257702,Rear Panel Stabilizer,56,HIGH,HS Code: 39263000,,,,Anthracite,42.00,INR,HIGH,"Qty: 3, Unit: Pc, PU: 3",,
Hettich,Linear Drawer System: AvanTech YOU,AvanTech YOU: NL-450 mm Height-101 mm (70 Kg) Full Extn. Silent,9321561,Front Stabilizer,56,HIGH,HS Code: 39263000,,,,Silver,464.00,INR,HIGH,"Qty: 1, Unit: Pc, PU: 1",,
Hettich,Linear Drawer System: AvanTech YOU,AvanTech YOU: NL-450 mm Height-101 mm (70 Kg) Full Extn. Silent,9321561,Front Stabilizer,56,HIGH,HS Code: 39263000,,,,Anthracite,464.00,INR,HIGH,"Qty: 1, Unit: Pc, PU: 1",,
Hettich,Linear Drawer System: AvanTech YOU,AvanTech YOU: NL-450 mm Height-101 mm (70 Kg) Full Extn. Silent,9318198,"Actro YOU runner (Left), 70 kg",56,HIGH,HS Code: 83024200,,,,Silver,2428.00,INR,HIGH,"Qty: 1, Unit: Pc, PU: 1",,
Hettich,Linear Drawer System: AvanTech YOU,AvanTech YOU: NL-450 mm Height-101 mm (70 Kg) Full Extn. Silent,9318198,"Actro YOU runner (Left), 70 kg",56,HIGH,HS Code: 83024200,,,,Anthracite,2428.00,INR,HIGH,"Qty: 1, Unit: Pc, PU: 1",,
Hettich,Linear Drawer System: AvanTech YOU,AvanTech YOU: NL-450 mm Height-101 mm (70 Kg) Full Extn. Silent,9318199,"Actro YOU runner (Right), 70 kg",56,HIGH,HS Code: 83024200,,,,Silver,2428.00,INR,HIGH,"Qty: 1, Unit: Pc, PU: 1",,
Hettich,Linear Drawer System: AvanTech YOU,AvanTech YOU: NL-450 mm Height-101 mm (70 Kg) Full Extn. Silent,9318199,"Actro YOU runner (Right), 70 kg",56,HIGH,HS Code: 83024200,,,,Anthracite,2428.00,INR,HIGH,"Qty: 1, Unit: Pc, PU: 1",,
Hettich,Linear Drawer System: AvanTech YOU,AvanTech YOU: NL-450 mm Height-101 mm (70 Kg) Full Extn. Silent,9257703,Branding clip with Hettich logo (silver),56,HIGH,HS Code: 39269097,,,,Silver,42.00,INR,HIGH,"Qty: 1, Unit: Pc, PU: 1",,
Hettich,Linear Drawer System: AvanTech YOU,AvanTech YOU: NL-500 mm Height-101 mm (70 Kg) Full Extn. Silent,9255018,"Drawer Side Profile (Silver), Left",56,HIGH,HS Code: 94039010,,,,Silver,1685.00,INR,HIGH,"Qty: 1, Unit: Pc, PU: 1",,
Hettich,Linear Drawer System: AvanTech YOU,AvanTech YOU: NL-500 mm Height-101 mm (70 Kg) Full Extn. Silent,9255019,"Drawer Side Profile (Silver), Right",56,HIGH,HS Code: 94039010,,,,Silver,1685.00,INR,HIGH,"Qty: 1, Unit: Pc, PU: 1",,
Hettich,Linear Drawer System: AvanTech YOU,AvanTech YOU: NL-500 mm Height-101 mm (70 Kg) Full Extn. Silent,9255809,Design Profile (Silver),56,HIGH,HS Code: 39169090,,,,Silver,292.00,INR,HIGH,"Qty: 2, Unit: Pc, PU: 2",,
Hettich,Linear Drawer System: AvanTech YOU,AvanTech YOU: NL-500 mm Height-101 mm (70 Kg) Full Extn. Silent,9255835,Font Panel Connector for drawer side profile,56,HIGH,HS Code: 83024200,,,,Silver,894.00,INR,HIGH,"Qty: 2, Unit: Pc, PU: 2",,
Hettich,Linear Drawer System: AvanTech YOU,AvanTech YOU: NL-500 mm Height-101 mm (70 Kg) Full Extn. Silent,9255835,Font Panel Connector for drawer side profile,56,HIGH,HS Code: 83024200,,,,White,894.00,INR,HIGH,"Qty: 2, Unit: Pc, PU: 2",,
Hettich,Linear Drawer System: AvanTech YOU,AvanTech YOU: NL-500 mm Height-101 mm (70 Kg) Full Extn. Silent,9255835,Font Panel Connector for drawer side profile,56,HIGH,HS Code: 83024200,,,,Anthracite,894.00,INR,HIGH,"Qty: 2, Unit: Pc, PU: 2",,
Hettich,Linear Drawer System: AvanTech YOU,AvanTech YOU: NL-500 mm Height-101 mm (70 Kg) Full Extn. Silent,9257666,"Rear Panel Connector (Silver), Left",56,HIGH,HS Code: 83024200,,,,Silver,339.00,INR,HIGH,"Qty: 1, Unit: Pc, PU: 1",,
Hettich,Linear Drawer System: AvanTech YOU,AvanTech YOU: NL-500 mm Height-101 mm (70 Kg) Full Extn. Silent,9257667,"Rear Panel Connector (Silver), Right",56,HIGH,HS Code: 83024200,,,,Silver,339.00,INR,HIGH,"Qty: 1, Unit: Pc, PU: 1",,
Hettich,Linear Drawer System: AvanTech YOU,AvanTech YOU: NL-500 mm Height-101 mm (70 Kg) Full Extn. Silent,9257702,Rear Panel Stabilizer,56,HIGH,HS Code: 39263000,,,,Silver,42.00,INR,HIGH,"Qty: 3, Unit: Pc, PU: 3",,
Hettich,Linear Drawer System: AvanTech YOU,AvanTech YOU: NL-500 mm Height-101 mm (70 Kg) Full Extn. Silent,9257702,Rear Panel Stabilizer,56,HIGH,HS Code: 39263000,,,,White,42.00,INR,HIGH,"Qty: 3, Unit: Pc, PU: 3",,
Hettich,Linear Drawer System: AvanTech YOU,AvanTech YOU: NL-500 mm Height-101 mm (70 Kg) Full Extn. Silent,9257702,Rear Panel Stabilizer,56,HIGH,HS Code: 39263000,,,,Anthracite,42.00,INR,HIGH,"Qty: 3, Unit: Pc, PU: 3",,
Hettich,Linear Drawer System: AvanTech YOU,AvanTech YOU: NL-500 mm Height-101 mm (70 Kg) Full Extn. Silent,9321561,Front Stabilizer,56,HIGH,HS Code: 39263000,,,,Silver,464.00,INR,HIGH,"Qty: 1, Unit: Pc, PU: 1",,
Hettich,Linear Drawer System: AvanTech YOU,AvanTech YOU: NL-500 mm Height-101 mm (70 Kg) Full Extn. Silent,9321561,Front Stabilizer,56,HIGH,HS Code: 39263000,,,,White,464.00,INR,HIGH,"Qty: 1, Unit: Pc, PU: 1",,
Hettich,Linear Drawer System: AvanTech YOU,AvanTech YOU: NL-500 mm Height-101 mm (70 Kg) Full Extn. Silent,9321561,Front Stabilizer,56,HIGH,HS Code: 39263000,,,,Anthracite,464.00,INR,HIGH,"Qty: 1, Unit: Pc, PU: 1",,
Hettich,Linear Drawer System: AvanTech YOU,AvanTech YOU: NL-500 mm Height-101 mm (70 Kg) Full Extn. Silent,9318201,"Actro YOU runner (Left), 70 kg",56,HIGH,HS Code: 83024200,,,,Silver,2458.00,INR,HIGH,"Qty: 1, Unit: Pc, PU: 1",,
Hettich,Linear Drawer System: AvanTech YOU,AvanTech YOU: NL-500 mm Height-101 mm (70 Kg) Full Extn. Silent,9318201,"Actro YOU runner (Left), 70 kg",56,HIGH,HS Code: 83024200,,,,White,2458.00,INR,HIGH,"Qty: 1, Unit: Pc, PU: 1",,
Hettich,Linear Drawer System: AvanTech YOU,AvanTech YOU: NL-500 mm Height-101 mm (70 Kg) Full Extn. Silent,9318201,"Actro YOU runner (Left), 70 kg",56,HIGH,HS Code: 83024200,,,,Anthracite,2458.00,INR,HIGH,"Qty: 1, Unit: Pc, PU: 1",,
Hettich,Linear Drawer System: AvanTech YOU,AvanTech YOU: NL-500 mm Height-101 mm (70 Kg) Full Extn. Silent,9318203,"Actro YOU runner (Right), 70 kg",56,HIGH,HS Code: 83024200,,,,Silver,2458.00,INR,HIGH,"Qty: 1, Unit: Pc, PU: 1",,
Hettich,Linear Drawer System: AvanTech YOU,AvanTech YOU: NL-500 mm Height-101 mm (70 Kg) Full Extn. Silent,9318203,"Actro YOU runner (Right), 70 kg",56,HIGH,HS Code: 83024200,,,,White,2458.00,INR,HIGH,"Qty: 1, Unit: Pc, PU: 1",,
Hettich,Linear Drawer System: AvanTech YOU,AvanTech YOU: NL-500 mm Height-101 mm (70 Kg) Full Extn. Silent,9318203,"Actro YOU runner (Right), 70 kg",56,HIGH,HS Code: 83024200,,,,Anthracite,2458.00,INR,HIGH,"Qty: 1, Unit: Pc, PU: 1",,
Hettich,Linear Drawer System: AvanTech YOU,AvanTech YOU: NL-500 mm Height-101 mm (70 Kg) Full Extn. Silent,9257703,Branding clip with Hettich logo (Silver),56,HIGH,HS Code: 39269097,,,,Silver,42.00,INR,HIGH,"Qty: 1, Unit: Pc, PU: 1",,
Hettich,Linear Drawer System: AvanTech YOU,AvanTech YOU: NL-550 mm Height-101 mm (70 Kg) Full Extn. Silent,9255020,"Drawer Side Profile (Silver), Left",56,HIGH,HS Code: 94039010,,,,Silver,1711.00,INR,HIGH,"Qty: 1, Unit: Pc, PU: 1",,
Hettich,Linear Drawer System: AvanTech YOU,AvanTech YOU: NL-550 mm Height-101 mm (70 Kg) Full Extn. Silent,9255021,"Drawer Side Profile (Silver), Right",56,HIGH,HS Code: 94039010,,,,Silver,1711.00,INR,HIGH,"Qty: 1, Unit: Pc, PU: 1",,
Hettich,Linear Drawer System: AvanTech YOU,AvanTech YOU: NL-550 mm Height-101 mm (70 Kg) Full Extn. Silent,9255810,Design Profile (Silver),56,HIGH,HS Code: 39169090,,,,Silver,292.00,INR,HIGH,"Qty: 2, Unit: Pc, PU: 2",,
Hettich,Linear Drawer System: AvanTech YOU,AvanTech YOU: NL-550 mm Height-101 mm (70 Kg) Full Extn. Silent,9255835,Font Panel Connector for drawer side profile,56,HIGH,HS Code: 83024200,,,,Silver,894.00,INR,HIGH,"Qty: 2, Unit: Pc, PU: 2",,
Hettich,Linear Drawer System: AvanTech YOU,AvanTech YOU: NL-550 mm Height-101 mm (70 Kg) Full Extn. Silent,9255835,Font Panel Connector for drawer side profile,56,HIGH,HS Code: 83024200,,,,Anthracite,894.00,INR,HIGH,"Qty: 2, Unit: Pc, PU: 2",,
Hettich,Linear Drawer System: AvanTech YOU,AvanTech YOU: NL-550 mm Height-101 mm (70 Kg) Full Extn. Silent,9257666,"Rear Panel Connector (Silver), Left",56,HIGH,HS Code: 83024200,,,,Silver,339.00,INR,HIGH,"Qty: 1, Unit: Pc, PU: 1",,
Hettich,Linear Drawer System: AvanTech YOU,AvanTech YOU: NL-550 mm Height-101 mm (70 Kg) Full Extn. Silent,9257667,"Rear Panel Connector (Silver), Right",56,HIGH,HS Code: 83024200,,,,Silver,339.00,INR,HIGH,"Qty: 1, Unit: Pc, PU: 1",,
Hettich,Linear Drawer System: AvanTech YOU,AvanTech YOU: NL-550 mm Height-101 mm (70 Kg) Full Extn. Silent,9257702,Rear Panel Stabilizer,56,HIGH,HS Code: 39263000,,,,Silver,42.00,INR,HIGH,"Qty: 3, Unit: Pc, PU: 3",,
Hettich,Linear Drawer System: AvanTech YOU,AvanTech YOU: NL-550 mm Height-101 mm (70 Kg) Full Extn. Silent,9257702,Rear Panel Stabilizer,56,HIGH,HS Code: 39263000,,,,Anthracite,42.00,INR,HIGH,"Qty: 3, Unit: Pc, PU: 3",,
Hettich,Linear Drawer System: AvanTech YOU,AvanTech YOU: NL-550 mm Height-101 mm (70 Kg) Full Extn. Silent,9321561,Front Stabilizer,56,HIGH,HS Code: 39263000,,,,Silver,464.00,INR,HIGH,"Qty: 1, Unit: Pc, PU: 1",,
Hettich,Linear Drawer System: AvanTech YOU,AvanTech YOU: NL-550 mm Height-101 mm (70 Kg) Full Extn. Silent,9321561,Front Stabilizer,56,HIGH,HS Code: 39263000,,,,Anthracite,464.00,INR,HIGH,"Qty: 1, Unit: Pc, PU: 1",,
Hettich,Linear Drawer System: AvanTech YOU,AvanTech YOU: NL-550 mm Height-101 mm (70 Kg) Full Extn. Silent,9318208,"Actro YOU runner (Left), 70 kg",56,HIGH,HS Code: 83024200,,,,Silver,2584.00,INR,HIGH,"Qty: 1, Unit: Pc, PU: 1",,
Hettich,Linear Drawer System: AvanTech YOU,AvanTech YOU: NL-550 mm Height-101 mm (70 Kg) Full Extn. Silent,9318208,"Actro YOU runner (Left), 70 kg",56,HIGH,HS Code: 83024200,,,,Anthracite,2584.00,INR,HIGH,"Qty: 1, Unit: Pc, PU: 1",,
Hettich,Linear Drawer System: AvanTech YOU,AvanTech YOU: NL-550 mm Height-101 mm (70 Kg) Full Extn. Silent,9318209,"Actro YOU runner (Right), 70 kg",56,HIGH,HS Code: 83024200,,,,Silver,2584.00,INR,HIGH,"Qty: 1, Unit: Pc, PU: 1",,
Hettich,Linear Drawer System: AvanTech YOU,AvanTech YOU: NL-550 mm Height-101 mm (70 Kg) Full Extn. Silent,9318209,"Actro YOU runner (Right), 70 kg",56,HIGH,HS Code: 83024200,,,,Anthracite,2584.00,INR,HIGH,"Qty: 1, Unit: Pc, PU: 1",,
Hettich,Linear Drawer System: AvanTech YOU,AvanTech YOU: NL-550 mm Height-101 mm (70 Kg) Full Extn. Silent,9257703,Branding clip with Hettich logo (silver),56,HIGH,HS Code: 39269097,,,,Silver,42.00,INR,HIGH,"Qty: 1, Unit: Pc, PU: 1",,
Hettich,Linear Drawer System: AvanTech YOU,AvanTech YOU - 600 mm (70 Kg) Full Extn. Silent,9255022,"Drawer Side Profile (Silver), Left",57,HIGH,HS Code: 94039010,,,,Silver,1749.00,INR,HIGH,"Qty: 1, Unit: Pc, PU: 1",,
Hettich,Linear Drawer System: AvanTech YOU,AvanTech YOU - 600 mm (70 Kg) Full Extn. Silent,9255023,"Drawer Side Profile (Silver), Right",57,HIGH,HS Code: 94039010,,,,Silver,1749.00,INR,HIGH,"Qty: 1, Unit: Pc, PU: 1",,
Hettich,Linear Drawer System: AvanTech YOU,AvanTech YOU - 600 mm (70 Kg) Full Extn. Silent,9255811,Design Profile (Silver),57,HIGH,HS Code: 39169090,,,,Silver,292.00,INR,HIGH,"Qty: 2, Unit: Pc, PU: 2",,
Hettich,Linear Drawer System: AvanTech YOU,AvanTech YOU - 600 mm (70 Kg) Full Extn. Silent,9255835,Front connector for drawer side profile,57,HIGH,HS Code: 83024200,,,,Silver,894.00,INR,HIGH,"Qty: 2, Unit: Pc, PU: 2",,
Hettich,Linear Drawer System: AvanTech YOU,AvanTech YOU - 600 mm (70 Kg) Full Extn. Silent,9257666,"Rear Panel Connector (Silver), Left",57,HIGH,HS Code: 83024200,,,,Silver,339.00,INR,HIGH,"Qty: 1, Unit: Pc, PU: 1",,
Hettich,Linear Drawer System: AvanTech YOU,AvanTech YOU - 600 mm (70 Kg) Full Extn. Silent,9257667,"Rear Panel Connector (Silver), Right",57,HIGH,HS Code: 83024200,,,,Silver,339.00,INR,HIGH,"Qty: 1, Unit: Pc, PU: 1",,
Hettich,Linear Drawer System: AvanTech YOU,AvanTech YOU - 600 mm (70 Kg) Full Extn. Silent,9257702,Rear Panel Stabilizer,57,HIGH,HS Code: 39263000,,,,Silver,42.00,INR,HIGH,"Qty: 3, Unit: Pc, PU: 3",,
Hettich,Linear Drawer System: AvanTech YOU,AvanTech YOU - 600 mm (70 Kg) Full Extn. Silent,9321561,Front Stabilizer,57,HIGH,HS Code: 39263000,,,,Silver,460.00,INR,HIGH,"Qty: 1, Unit: Pc, PU: 1",,
Hettich,Linear Drawer System: AvanTech YOU,AvanTech YOU - 600 mm (70 Kg) Full Extn. Silent,9318211,"Actro YOU runner Left, 70 kg",57,HIGH,HS Code: 83024200,,,,Silver,2841.00,INR,HIGH,"Qty: 1, Unit: Pc, PU: 1",,
Hettich,Linear Drawer System: AvanTech YOU,AvanTech YOU - 600 mm (70 Kg) Full Extn. Silent,9318212,"Actro YOU runner Right, 70 kg",57,HIGH,HS Code: 83024200,,,,Silver,2841.00,INR,HIGH,"Qty: 1, Unit: Pc, PU: 1",,
Hettich,Linear Drawer System: AvanTech YOU,AvanTech YOU - 600 mm (70 Kg) Full Extn. Silent,9257703,Branding clip with Hettich logo (silver),57,HIGH,HS Code: 39269097,,,,Silver,42.00,INR,HIGH,"Qty: 1, Unit: Pc, PU: 1",,
Hettich,Linear Drawer System: AvanTech YOU,AvanTech YOU: NL-350 mm Height-187 mm (40 Kg) Full Extn. Silent,9255048,"Drawer Side Profile (Silver), Left",57,HIGH,HS Code: 94039010,,,,Silver,2560.00,INR,HIGH,"Qty: 1, Unit: Pc, PU: 1",,
Hettich,Linear Drawer System: AvanTech YOU,AvanTech YOU: NL-350 mm Height-187 mm (40 Kg) Full Extn. Silent,9255049,"Drawer Side Profile (Silver), Right",57,HIGH,HS Code: 94039010,,,,Silver,2560.00,INR,HIGH,"Qty: 1, Unit: Pc, PU: 1",,
Hettich,Linear Drawer System: AvanTech YOU,AvanTech YOU: NL-350 mm Height-187 mm (40 Kg) Full Extn. Silent,9255806,Design Profile (Silver),57,HIGH,HS Code: 39169090,,,,Silver,282.00,INR,HIGH,"Qty: 2, Unit: Pc, PU: 2",,
Hettich,Linear Drawer System: AvanTech YOU,AvanTech YOU: NL-350 mm Height-187 mm (40 Kg) Full Extn. Silent,9255838,Front connector for drawer side profile,57,HIGH,HS Code: 83024200,,,,Silver,1586.00,INR,HIGH,"Qty: 2, Unit: Pc, PU: 2",,
Hettich,Linear Drawer System: AvanTech YOU,AvanTech YOU: NL-350 mm Height-187 mm (40 Kg) Full Extn. Silent,9255838,Front connector for drawer side profile,57,HIGH,HS Code: 83024200,,,,Anthracite,1586.00,INR,HIGH,"Qty: 2, Unit: Pc, PU: 2",,
Hettich,Linear Drawer System: AvanTech YOU,AvanTech YOU: NL-350 mm Height-187 mm (40 Kg) Full Extn. Silent,9257670,"Rear Panel Connector (Silver), Left",57,HIGH,HS Code: 83024200,,,,Silver,477.00,INR,HIGH,"Qty: 1, Unit: Pc, PU: 1",,
Hettich,Linear Drawer System: AvanTech YOU,AvanTech YOU: NL-350 mm Height-187 mm (40 Kg) Full Extn. Silent,9257671,"Rear Panel Connector (Silver), Right",57,HIGH,HS Code: 83024200,,,,Silver,477.00,INR,HIGH,"Qty: 1, Unit: Pc, PU: 1",,
Hettich,Linear Drawer System: AvanTech YOU,AvanTech YOU: NL-350 mm Height-187 mm (40 Kg) Full Extn. Silent,9257702,Rear Panel Stabilizer,57,HIGH,HS Code: 39263000,,,,Silver,42.00,INR,HIGH,"Qty: 3, Unit: Pc, PU: 3",,
Hettich,Linear Drawer System: AvanTech YOU,AvanTech YOU: NL-350 mm Height-187 mm (40 Kg) Full Extn. Silent,9257702,Rear Panel Stabilizer,57,HIGH,HS Code: 39263000,,,,Anthracite,42.00,INR,HIGH,"Qty: 3, Unit: Pc, PU: 3",,
Hettich,Linear Drawer System: AvanTech YOU,AvanTech YOU: NL-350 mm Height-187 mm (40 Kg) Full Extn. Silent,9321561,Front Stabilizer,57,HIGH,HS Code: 39263000,,,,Silver,460.00,INR,HIGH,"Qty: 1, Unit: Pc, PU: 1",,
Hettich,Linear Drawer System: AvanTech YOU,AvanTech YOU: NL-350 mm Height-187 mm (40 Kg) Full Extn. Silent,9321561,Front Stabilizer,57,HIGH,HS Code: 39263000,,,,Anthracite,460.00,INR,HIGH,"Qty: 1, Unit: Pc, PU: 1",,
Hettich,Linear Drawer System: AvanTech YOU,AvanTech YOU: NL-350 mm Height-187 mm (40 Kg) Full Extn. Silent,9318173,"Actro YOU runner Left, 40 kg",57,HIGH,HS Code: 83024200,,,,Silver,2168.00,INR,HIGH,"Qty: 1, Unit: Pc, PU: 1",,
Hettich,Linear Drawer System: AvanTech YOU,AvanTech YOU: NL-350 mm Height-187 mm (40 Kg) Full Extn. Silent,9318173,"Actro YOU runner Left, 40 kg",57,HIGH,HS Code: 83024200,,,,Anthracite,2168.00,INR,HIGH,"Qty: 1, Unit: Pc, PU: 1",,
Hettich,Linear Drawer System: AvanTech YOU,AvanTech YOU: NL-350 mm Height-187 mm (40 Kg) Full Extn. Silent,9318174,"Actro YOU runner Right, 40 kg",57,HIGH,HS Code: 83024200,,,,Silver,2168.00,INR,HIGH,"Qty: 1, Unit: Pc, PU: 1",,
Hettich,Linear Drawer System: AvanTech YOU,AvanTech YOU: NL-350 mm Height-187 mm (40 Kg) Full Extn. Silent,9318174,"Actro YOU runner Right, 40 kg",57,HIGH,HS Code: 83024200,,,,Anthracite,2168.00,INR,HIGH,"Qty: 1, Unit: Pc, PU: 1",,
Hettich,Linear Drawer System: AvanTech YOU,AvanTech YOU: NL-350 mm Height-187 mm (40 Kg) Full Extn. Silent,9257703,Branding clip with Hettich Logo Silver,57,HIGH,HS Code: 39269097,,,,Silver,42.00,INR,HIGH,"Qty: 1, Unit: Pc, PU: 1",,
Hettich,Linear Drawer System: AvanTech YOU,AvanTech YOU: NL-400 mm Height-187 mm (40 Kg) Full Extn. Silent,9255050,"Drawer Side Profile (Silver), Left",57,HIGH,HS Code: 94039010,,,,Silver,2256.00,INR,HIGH,"Qty: 1, Unit: Pc, PU: 1",,
Hettich,Linear Drawer System: AvanTech YOU,AvanTech YOU: NL-400 mm Height-187 mm (40 Kg) Full Extn. Silent,9255051,"Drawer Side Profile (Silver), Right",57,HIGH,HS Code: 94039010,,,,Silver,2256.00,INR,HIGH,"Qty: 1, Unit: Pc, PU: 1",,
Hettich,Linear Drawer System: AvanTech YOU,AvanTech YOU: NL-400 mm Height-187 mm (40 Kg) Full Extn. Silent,9255807,Design Profile (Silver),57,HIGH,HS Code: 39169090,,,,Silver,310.00,INR,HIGH,"Qty: 2, Unit: Pc, PU: 2",,
Hettich,Linear Drawer System: AvanTech YOU,AvanTech YOU: NL-400 mm Height-187 mm (40 Kg) Full Extn. Silent,9255838,Font Panel Connector for drawer side profile,57,HIGH,HS Code: 83024200,,,,Silver,1586.00,INR,HIGH,"Qty: 2, Unit: Pc, PU: 2",,
Hettich,Linear Drawer System: AvanTech YOU,AvanTech YOU: NL-400 mm Height-187 mm (40 Kg) Full Extn. Silent,9257670,"Rear Panel Connector (Silver), Left",57,HIGH,HS Code: 83024200,,,,Silver,477.00,INR,HIGH,"Qty: 1, Unit: Pc, PU: 1",,
Hettich,Linear Drawer System: AvanTech YOU,AvanTech YOU: NL-400 mm Height-187 mm (40 Kg) Full Extn. Silent,9257671,"Rear Panel Connector (Silver), Right",57,HIGH,HS Code: 83024200,,,,Silver,477.00,INR,HIGH,"Qty: 1, Unit: Pc, PU: 1",,
Hettich,Linear Drawer System: AvanTech YOU,AvanTech YOU: NL-400 mm Height-187 mm (40 Kg) Full Extn. Silent,9257702,Rear Panel Stabilizer,57,HIGH,HS Code: 39263000,,,,Silver,42.00,INR,HIGH,"Qty: 3, Unit: Pc, PU: 3",,
Hettich,Linear Drawer System: AvanTech YOU,AvanTech YOU: NL-400 mm Height-187 mm (40 Kg) Full Extn. Silent,9321561,Front Stabilizer,57,HIGH,HS Code: 39263000,,,,Silver,464.00,INR,HIGH,"Qty: 1, Unit: Pc, PU: 1",,
Hettich,Linear Drawer System: AvanTech YOU,AvanTech YOU: NL-400 mm Height-187 mm (40 Kg) Full Extn. Silent,9318175,"Actro YOU runner Left, 40 kg",57,HIGH,HS Code: 83024200,,,,Silver,1818.00,INR,HIGH,"Qty: 1, Unit: Pc, PU: 1",,
Hettich,Linear Drawer System: AvanTech YOU,AvanTech YOU: NL-400 mm Height-187 mm (40 Kg) Full Extn. Silent,9318176,"Actro YOU runner Right, 40 kg",57,HIGH,HS Code: 83024200,,,,Silver,1818.00,INR,HIGH,"Qty: 1, Unit: Pc, PU: 1",,
Hettich,Linear Drawer System: AvanTech YOU,AvanTech YOU: NL-400 mm Height-187 mm (40 Kg) Full Extn. Silent,9257703,Branding clip with Hettich Logo (Silver),57,HIGH,HS Code: 39269097,,,,Silver,42.00,INR,HIGH,"Qty: 1, Unit: Pc, PU: 1",,
Hettich,Linear Drawer System: AvanTech YOU,AvanTech YOU: NL-450 mm Height-187 mm (40 Kg) Full Extn. Silent,9255052,"Drawer Side Profile (Silver), Left",58,HIGH,HS Code: 94039010,,,,Silver,2343.00,INR,HIGH,"Qty: 1, Unit: Pc, PU: 1",,
Hettich,Linear Drawer System: AvanTech YOU,AvanTech YOU: NL-450 mm Height-187 mm (40 Kg) Full Extn. Silent,9255053,"Drawer Side Profile (Silver), Right",58,HIGH,HS Code: 94039010,,,,Silver,2343.00,INR,HIGH,"Qty: 1, Unit: Pc, PU: 1",,
Hettich,Linear Drawer System: AvanTech YOU,AvanTech YOU: NL-450 mm Height-187 mm (40 Kg) Full Extn. Silent,9255808,Design Profile (Silver),58,HIGH,HS Code: 39169090,,,,Silver,292.00,INR,HIGH,"Qty: 2, Unit: Pc, PU: 2",,
Hettich,Linear Drawer System: AvanTech YOU,AvanTech YOU: NL-450 mm Height-187 mm (40 Kg) Full Extn. Silent,9255838,Font Panel Connector for drawer side profile,58,HIGH,HS Code: 83024200,,,,Silver,1586.00,INR,HIGH,"Qty: 2, Unit: Pc, PU: 2",,
Hettich,Linear Drawer System: AvanTech YOU,AvanTech YOU: NL-450 mm Height-187 mm (40 Kg) Full Extn. Silent,9255838,Font Panel Connector for drawer side profile,58,HIGH,HS Code: 83024200,,,,Anthracite,1586.00,INR,HIGH,"Qty: 2, Unit: Pc, PU: 2",,
Hettich,Linear Drawer System: AvanTech YOU,AvanTech YOU: NL-450 mm Height-187 mm (40 Kg) Full Extn. Silent,9257670,"Rear Panel Connector (Silver), Left",58,HIGH,HS Code: 83024200,,,,Silver,477.00,INR,HIGH,"Qty: 1, Unit: Pc, PU: 1",,
Hettich,Linear Drawer System: AvanTech YOU,AvanTech YOU: NL-450 mm Height-187 mm (40 Kg) Full Extn. Silent,9257671,"Rear Panel Connector (Silver), Right",58,HIGH,HS Code: 83024200,,,,Silver,477.00,INR,HIGH,"Qty: 1, Unit: Pc, PU: 1",,
Hettich,Linear Drawer System: AvanTech YOU,AvanTech YOU: NL-450 mm Height-187 mm (40 Kg) Full Extn. Silent,9257702,Rear Panel Stabilizer,58,HIGH,HS Code: 39263000,,,,Silver,42.00,INR,HIGH,"Qty: 3, Unit: Pc, PU: 3",,
Hettich,Linear Drawer System: AvanTech YOU,AvanTech YOU: NL-450 mm Height-187 mm (40 Kg) Full Extn. Silent,9257702,Rear Panel Stabilizer,58,HIGH,HS Code: 39263000,,,,Anthracite,42.00,INR,HIGH,"Qty: 3, Unit: Pc, PU: 3",,
Hettich,Linear Drawer System: AvanTech YOU,AvanTech YOU: NL-450 mm Height-187 mm (40 Kg) Full Extn. Silent,9321561,Front Stabilizer,58,HIGH,HS Code: 39263000,,,,Silver,464.00,INR,HIGH,"Qty: 1, Unit: Pc, PU: 1",,
Hettich,Linear Drawer System: AvanTech YOU,AvanTech YOU: NL-450 mm Height-187 mm (40 Kg) Full Extn. Silent,9321561,Front Stabilizer,58,HIGH,HS Code: 39263000,,,,Anthracite,464.00,INR,HIGH,"Qty: 1, Unit: Pc, PU: 1",,
Hettich,Linear Drawer System: AvanTech YOU,AvanTech YOU: NL-450 mm Height-187 mm (40 Kg) Full Extn. Silent,9318177,"Actro YOU runner Left, 40 kg",58,HIGH,HS Code: 83024200,,,,Silver,1855.00,INR,HIGH,"Qty: 1, Unit: Pc, PU: 1",,
Hettich,Linear Drawer System: AvanTech YOU,AvanTech YOU: NL-450 mm Height-187 mm (40 Kg) Full Extn. Silent,9318177,"Actro YOU runner Left, 40 kg",58,HIGH,HS Code: 83024200,,,,Anthracite,1855.00,INR,HIGH,"Qty: 1, Unit: Pc, PU: 1",,
Hettich,Linear Drawer System: AvanTech YOU,AvanTech YOU: NL-450 mm Height-187 mm (40 Kg) Full Extn. Silent,9318178,"Actro YOU runner Right, 40 kg",58,HIGH,HS Code: 83024200,,,,Silver,1855.00,INR,HIGH,"Qty: 1, Unit: Pc, PU: 1",,
Hettich,Linear Drawer System: AvanTech YOU,AvanTech YOU: NL-450 mm Height-187 mm (40 Kg) Full Extn. Silent,9318178,"Actro YOU runner Right, 40 kg",58,HIGH,HS Code: 83024200,,,,Anthracite,1855.00,INR,HIGH,"Qty: 1, Unit: Pc, PU: 1",,
Hettich,Linear Drawer System: AvanTech YOU,AvanTech YOU: NL-450 mm Height-187 mm (40 Kg) Full Extn. Silent,9257703,Branding clip with Hettich logo (Silver),58,HIGH,HS Code: 39269097,,,,Silver,42.00,INR,HIGH,"Qty: 1, Unit: Pc, PU: 1",,
Hettich,Linear Drawer System: AvanTech YOU,AvanTech YOU: NL-500 mm Height-187 mm (40 Kg) Full Extn. Silent,9255054,"Drawer Side Profile (Silver), Left",58,HIGH,HS Code: 94039010,,,,Silver,2377.00,INR,HIGH,"Qty: 1, Unit: Pc, PU: 1",,
Hettich,Linear Drawer System: AvanTech YOU,AvanTech YOU: NL-500 mm Height-187 mm (40 Kg) Full Extn. Silent,9255055,"Drawer Side Profile (Silver), Right",58,HIGH,HS Code: 94039010,,,,Silver,2377.00,INR,HIGH,"Qty: 1, Unit: Pc, PU: 1",,
Hettich,Linear Drawer System: AvanTech YOU,AvanTech YOU: NL-500 mm Height-187 mm (40 Kg) Full Extn. Silent,9255809,Design Profile (Silver),58,HIGH,HS Code: 39169090,,,,Silver,292.00,INR,HIGH,"Qty: 2, Unit: Pc, PU: 2",,
Hettich,Linear Drawer System: AvanTech YOU,AvanTech YOU: NL-500 mm Height-187 mm (40 Kg) Full Extn. Silent,9255838,Font Panel Connector for drawer side profile,58,HIGH,HS Code: 83024200,,,,Silver,1586.00,INR,HIGH,"Qty: 2, Unit: Pc, PU: 2",,
Hettich,Linear Drawer System: AvanTech YOU,AvanTech YOU: NL-500 mm Height-187 mm (40 Kg) Full Extn. Silent,9255838,Font Panel Connector for drawer side profile,58,HIGH,HS Code: 83024200,,,,White,1586.00,INR,HIGH,"Qty: 2, Unit: Pc, PU: 2",,
Hettich,Linear Drawer System: AvanTech YOU,AvanTech YOU: NL-500 mm Height-187 mm (40 Kg) Full Extn. Silent,9255838,Font Panel Connector for drawer side profile,58,HIGH,HS Code: 83024200,,,,Anthracite,1586.00,INR,HIGH,"Qty: 2, Unit: Pc, PU: 2",,
Hettich,Linear Drawer System: AvanTech YOU,AvanTech YOU: NL-500 mm Height-187 mm (40 Kg) Full Extn. Silent,9257670,"Rear Panel Connector (Silver), Left",58,HIGH,HS Code: 83024200,,,,Silver,477.00,INR,HIGH,"Qty: 1, Unit: Pc, PU: 1",,
Hettich,Linear Drawer System: AvanTech YOU,AvanTech YOU: NL-500 mm Height-187 mm (40 Kg) Full Extn. Silent,9257671,"Rear Panel Connector (Silver), Right",58,HIGH,HS Code: 83024200,,,,Silver,477.00,INR,HIGH,"Qty: 1, Unit: Pc, PU: 1",,
Hettich,Linear Drawer System: AvanTech YOU,AvanTech YOU: NL-500 mm Height-187 mm (40 Kg) Full Extn. Silent,9257702,Rear Panel Stabilizer,58,HIGH,HS Code: 39263000,,,,Silver,42.00,INR,HIGH,"Qty: 3, Unit: Pc, PU: 3",,
Hettich,Linear Drawer System: AvanTech YOU,AvanTech YOU: NL-500 mm Height-187 mm (40 Kg) Full Extn. Silent,9257702,Rear Panel Stabilizer,58,HIGH,HS Code: 39263000,,,,White,42.00,INR,HIGH,"Qty: 3, Unit: Pc, PU: 3",,
Hettich,Linear Drawer System: AvanTech YOU,AvanTech YOU: NL-500 mm Height-187 mm (40 Kg) Full Extn. Silent,9257702,Rear Panel Stabilizer,58,HIGH,HS Code: 39263000,,,,Anthracite,42.00,INR,HIGH,"Qty: 3, Unit: Pc, PU: 3",,
Hettich,Linear Drawer System: AvanTech YOU,AvanTech YOU: NL-500 mm Height-187 mm (40 Kg) Full Extn. Silent,9321561,Front Stabilizer,58,HIGH,HS Code: 39263000,,,,Silver,464.00,INR,HIGH,"Qty: 1, Unit: Pc, PU: 1",,
Hettich,Linear Drawer System: AvanTech YOU,AvanTech YOU: NL-500 mm Height-187 mm (40 Kg) Full Extn. Silent,9321561,Front Stabilizer,58,HIGH,HS Code: 39263000,,,,White,464.00,INR,HIGH,"Qty: 1, Unit: Pc, PU: 1",,
Hettich,Linear Drawer System: AvanTech YOU,AvanTech YOU: NL-500 mm Height-187 mm (40 Kg) Full Extn. Silent,9321561,Front Stabilizer,58,HIGH,HS Code: 39263000,,,,Anthracite,464.00,INR,HIGH,"Qty: 1, Unit: Pc, PU: 1",,
Hettich,Linear Drawer System: AvanTech YOU,AvanTech YOU: NL-500 mm Height-187 mm (40 Kg) Full Extn. Silent,9318179,"Actro YOU runner Left, 40 kg",58,HIGH,HS Code: 83024200,,,,Silver,1877.00,INR,HIGH,"Qty: 1, Unit: Pc, PU: 1",,
Hettich,Linear Drawer System: AvanTech YOU,AvanTech YOU: NL-500 mm Height-187 mm (40 Kg) Full Extn. Silent,9318179,"Actro YOU runner Left, 40 kg",58,HIGH,HS Code: 83024200,,,,White,1877.00,INR,HIGH,"Qty: 1, Unit: Pc, PU: 1",,
Hettich,Linear Drawer System: AvanTech YOU,AvanTech YOU: NL-500 mm Height-187 mm (40 Kg) Full Extn. Silent,9318179,"Actro YOU runner Left, 40 kg",58,HIGH,HS Code: 83024200,,,,Anthracite,1877.00,INR,HIGH,"Qty: 1, Unit: Pc, PU: 1",,
Hettich,Linear Drawer System: AvanTech YOU,AvanTech YOU: NL-500 mm Height-187 mm (40 Kg) Full Extn. Silent,9318180,"Actro YOU runner Right, 40 kg",58,HIGH,HS Code: 83024200,,,,Silver,1877.00,INR,HIGH,"Qty: 1, Unit: Pc, PU: 1",,
Hettich,Linear Drawer System: AvanTech YOU,AvanTech YOU: NL-500 mm Height-187 mm (40 Kg) Full Extn. Silent,9318180,"Actro YOU runner Right, 40 kg",58,HIGH,HS Code: 83024200,,,,White,1877.00,INR,HIGH,"Qty: 1, Unit: Pc, PU: 1",,
Hettich,Linear Drawer System: AvanTech YOU,AvanTech YOU: NL-500 mm Height-187 mm (40 Kg) Full Extn. Silent,9318180,"Actro YOU runner Right, 40 kg",58,HIGH,HS Code: 83024200,,,,Anthracite,1877.00,INR,HIGH,"Qty: 1, Unit: Pc, PU: 1",,
Hettich,Linear Drawer System: AvanTech YOU,AvanTech YOU: NL-500 mm Height-187 mm (40 Kg) Full Extn. Silent,9257703,Branding clip with Hettich logo(silver),58,HIGH,HS Code: 39269097,,,,Silver,42.00,INR,HIGH,"Qty: 1, Unit: Pc, PU: 1",,
Hettich,Linear Drawer System: AvanTech YOU,AvanTech YOU: NL-550 mm Height-187 mm (40 Kg) Full Extn. Silent,9255056,"Drawer Side Profile (Silver), Left",58,HIGH,HS Code: 94039010,,,,Silver,2426.00,INR,HIGH,"Qty: 1, Unit: Pc, PU: 1",,
Hettich,Linear Drawer System: AvanTech YOU,AvanTech YOU: NL-550 mm Height-187 mm (40 Kg) Full Extn. Silent,9255057,"Drawer Side Profile (Silver), Right",58,HIGH,HS Code: 94039010,,,,Silver,2426.00,INR,HIGH,"Qty: 1, Unit: Pc, PU: 1",,
Hettich,Linear Drawer System: AvanTech YOU,AvanTech YOU: NL-550 mm Height-187 mm (40 Kg) Full Extn. Silent,9255810,Design Profile (Silver),58,HIGH,HS Code: 39169090,,,,Silver,292.00,INR,HIGH,"Qty: 2, Unit: Pc, PU: 2",,
Hettich,Linear Drawer System: AvanTech YOU,AvanTech YOU: NL-550 mm Height-187 mm (40 Kg) Full Extn. Silent,9255838,Font Panel Connector for drawer side profile,58,HIGH,HS Code: 83024200,,,,Silver,1586.00,INR,HIGH,"Qty: 2, Unit: Pc, PU: 2",,
Hettich,Linear Drawer System: AvanTech YOU,AvanTech YOU: NL-550 mm Height-187 mm (40 Kg) Full Extn. Silent,9255838,Font Panel Connector for drawer side profile,58,HIGH,HS Code: 83024200,,,,Anthracite,1586.00,INR,HIGH,"Qty: 2, Unit: Pc, PU: 2",,
Hettich,Linear Drawer System: AvanTech YOU,AvanTech YOU: NL-550 mm Height-187 mm (40 Kg) Full Extn. Silent,9257670,"Rear Panel Connector (Silver), Left",58,HIGH,HS Code: 83024200,,,,Silver,477.00,INR,HIGH,"Qty: 1, Unit: Pc, PU: 1",,
Hettich,Linear Drawer System: AvanTech YOU,AvanTech YOU: NL-550 mm Height-187 mm (40 Kg) Full Extn. Silent,9257671,"Rear Panel Connector (Silver), Right",58,HIGH,HS Code: 83024200,,,,Silver,477.00,INR,HIGH,"Qty: 1, Unit: Pc, PU: 1",,
Hettich,Linear Drawer System: AvanTech YOU,AvanTech YOU: NL-550 mm Height-187 mm (40 Kg) Full Extn. Silent,9257702,Rear Panel Stabilizer,58,HIGH,HS Code: 39263000,,,,Silver,42.00,INR,HIGH,"Qty: 3, Unit: Pc, PU: 3",,
Hettich,Linear Drawer System: AvanTech YOU,AvanTech YOU: NL-550 mm Height-187 mm (40 Kg) Full Extn. Silent,9257702,Rear Panel Stabilizer,58,HIGH,HS Code: 39263000,,,,Anthracite,42.00,INR,HIGH,"Qty: 3, Unit: Pc, PU: 3",,
Hettich,Linear Drawer System: AvanTech YOU,AvanTech YOU: NL-550 mm Height-187 mm (40 Kg) Full Extn. Silent,9321561,Front Stabilizer,58,HIGH,HS Code: 39263000,,,,Silver,464.00,INR,HIGH,"Qty: 1, Unit: Pc, PU: 1",,
Hettich,Linear Drawer System: AvanTech YOU,AvanTech YOU: NL-550 mm Height-187 mm (40 Kg) Full Extn. Silent,9321561,Front Stabilizer,58,HIGH,HS Code: 39263000,,,,Anthracite,464.00,INR,HIGH,"Qty: 1, Unit: Pc, PU: 1",,
Hettich,Linear Drawer System: AvanTech YOU,AvanTech YOU: NL-550 mm Height-187 mm (40 Kg) Full Extn. Silent,9318181,"Actro YOU runner Left, 40 kg",58,HIGH,HS Code: 83024200,,,,Silver,1999.00,INR,HIGH,"Qty: 1, Unit: Pc, PU: 1",,
Hettich,Linear Drawer System: AvanTech YOU,AvanTech YOU: NL-550 mm Height-187 mm (40 Kg) Full Extn. Silent,9318181,"Actro YOU runner Left, 40 kg",58,HIGH,HS Code: 83024200,,,,Anthracite,1999.00,INR,HIGH,"Qty: 1, Unit: Pc, PU: 1",,
Hettich,Linear Drawer System: AvanTech YOU,AvanTech YOU: NL-550 mm Height-187 mm (40 Kg) Full Extn. Silent,9318182,"Actro YOU runner Right, 40 kg",58,HIGH,HS Code: 83024200,,,,Silver,1999.00,INR,HIGH,"Qty: 1, Unit: Pc, PU: 1",,
Hettich,Linear Drawer System: AvanTech YOU,AvanTech YOU: NL-550 mm Height-187 mm (40 Kg) Full Extn. Silent,9318182,"Actro YOU runner Right, 40 kg",58,HIGH,HS Code: 83024200,,,,Anthracite,1999.00,INR,HIGH,"Qty: 1, Unit: Pc, PU: 1",,
Hettich,Linear Drawer System: AvanTech YOU,AvanTech YOU: NL-550 mm Height-187 mm (40 Kg) Full Extn. Silent,9257703,Branding clip with Hettich logo (silver),58,HIGH,HS Code: 39269097,,,,Silver,42.00,INR,HIGH,"Qty: 1, Unit: Pc, PU: 1",,
Hettich,Linear Drawer System: AvanTech YOU,AvanTech YOU: NL-600 mm Height-187 mm (40 Kg) Full Extn. Silent,9255058,"Drawer Side Profile (Silver), Left",59,HIGH,HS Code: 94039010,,,,Silver,2638.00,INR,HIGH,"Qty: 1, Unit: Pc, PU: 1",,
Hettich,Linear Drawer System: AvanTech YOU,AvanTech YOU: NL-600 mm Height-187 mm (40 Kg) Full Extn. Silent,9255059,"Drawer Side Profile (Silver), Right",59,HIGH,HS Code: 94039010,,,,Silver,2638.00,INR,HIGH,"Qty: 1, Unit: Pc, PU: 1",,
Hettich,Linear Drawer System: AvanTech YOU,AvanTech YOU: NL-600 mm Height-187 mm (40 Kg) Full Extn. Silent,9255811,Design Profile (Silver),59,HIGH,HS Code: 39169090,,,,Silver,292.00,INR,HIGH,"Qty: 2, Unit: Pc, PU: 2",,
Hettich,Linear Drawer System: AvanTech YOU,AvanTech YOU: NL-600 mm Height-187 mm (40 Kg) Full Extn. Silent,9255838,Front connector for drawer side profile,59,HIGH,HS Code: 83024200,,,,Silver,1586.00,INR,HIGH,"Qty: 2, Unit: Pc, PU: 2",,
Hettich,Linear Drawer System: AvanTech YOU,AvanTech YOU: NL-600 mm Height-187 mm (40 Kg) Full Extn. Silent,9255838,Front connector for drawer side profile,59,HIGH,HS Code: 83024200,,,,Anthracite,1586.00,INR,HIGH,"Qty: 2, Unit: Pc, PU: 2",,
Hettich,Linear Drawer System: AvanTech YOU,AvanTech YOU: NL-600 mm Height-187 mm (40 Kg) Full Extn. Silent,9257670,"Rear Panel Connector (Silver), Left",59,HIGH,HS Code: 83024200,,,,Silver,477.00,INR,HIGH,"Qty: 1, Unit: Pc, PU: 1",,
Hettich,Linear Drawer System: AvanTech YOU,AvanTech YOU: NL-600 mm Height-187 mm (40 Kg) Full Extn. Silent,9257671,"Rear Panel Connector (Silver), Right",59,HIGH,HS Code: 83024200,,,,Silver,477.00,INR,HIGH,"Qty: 1, Unit: Pc, PU: 1",,
Hettich,Linear Drawer System: AvanTech YOU,AvanTech YOU: NL-600 mm Height-187 mm (40 Kg) Full Extn. Silent,9257702,Rear Panel Stabilizer,59,HIGH,HS Code: 39263000,,,,Silver,42.00,INR,HIGH,"Qty: 3, Unit: Pc, PU: 3",,
Hettich,Linear Drawer System: AvanTech YOU,AvanTech YOU: NL-600 mm Height-187 mm (40 Kg) Full Extn. Silent,9257702,Rear Panel Stabilizer,59,HIGH,HS Code: 39263000,,,,Anthracite,42.00,INR,HIGH,"Qty: 3, Unit: Pc, PU: 3",,
Hettich,Linear Drawer System: AvanTech YOU,AvanTech YOU: NL-600 mm Height-187 mm (40 Kg) Full Extn. Silent,9321561,Front Stabilizer,59,HIGH,HS Code: 39263000,,,,Silver,460.00,INR,HIGH,"Qty: 1, Unit: Pc, PU: 1",,
Hettich,Linear Drawer System: AvanTech YOU,AvanTech YOU: NL-600 mm Height-187 mm (40 Kg) Full Extn. Silent,9321561,Front Stabilizer,59,HIGH,HS Code: 39263000,,,,Anthracite,460.00,INR,HIGH,"Qty: 1, Unit: Pc, PU: 1",,
Hettich,Linear Drawer System: AvanTech YOU,AvanTech YOU: NL-600 mm Height-187 mm (40 Kg) Full Extn. Silent,9318183,"Actro YOU runner Left, 40 kg",59,HIGH,HS Code: 83024200,,,,Silver,2427.00,INR,HIGH,"Qty: 1, Unit: Pc, PU: 1",,
Hettich,Linear Drawer System: AvanTech YOU,AvanTech YOU: NL-600 mm Height-187 mm (40 Kg) Full Extn. Silent,9318183,"Actro YOU runner Left, 40 kg",59,HIGH,HS Code: 83024200,,,,Anthracite,2427.00,INR,HIGH,"Qty: 1, Unit: Pc, PU: 1",,
Hettich,Linear Drawer System: AvanTech YOU,AvanTech YOU: NL-600 mm Height-187 mm (40 Kg) Full Extn. Silent,9318184,"Actro YOU runner Right, 40 kg",59,HIGH,HS Code: 83024200,,,,Silver,2427.00,INR,HIGH,"Qty: 1, Unit: Pc, PU: 1",,
Hettich,Linear Drawer System: AvanTech YOU,AvanTech YOU: NL-600 mm Height-187 mm (40 Kg) Full Extn. Silent,9318184,"Actro YOU runner Right, 40 kg",59,HIGH,HS Code: 83024200,,,,Anthracite,2427.00,INR,HIGH,"Qty: 1, Unit: Pc, PU: 1",,
Hettich,Linear Drawer System: AvanTech YOU,AvanTech YOU: NL-600 mm Height-187 mm (40 Kg) Full Extn. Silent,9257703,Branding clip with Hettich logo (silver),59,HIGH,HS Code: 39269097,,,,Silver,42.00,INR,HIGH,"Qty: 1, Unit: Pc, PU: 1",,
Hettich,Linear Drawer System: AvanTech YOU,AvanTech YOU: NL-450 mm Height-187 mm (70 Kg) Full Extn. Silent,9255052,"Drawer Side Profile (Silver), Left",59,HIGH,HS Code: 94039010,,,,Silver,2343.00,INR,HIGH,"Qty: 1, Unit: Pc, PU: 1",,
Hettich,Linear Drawer System: AvanTech YOU,AvanTech YOU: NL-450 mm Height-187 mm (70 Kg) Full Extn. Silent,9255053,"Drawer Side Profile (Silver), Right",59,HIGH,HS Code: 94039010,,,,Silver,2343.00,INR,HIGH,"Qty: 1, Unit: Pc, PU: 1",,
Hettich,Linear Drawer System: AvanTech YOU,AvanTech YOU: NL-450 mm Height-187 mm (70 Kg) Full Extn. Silent,9255808,Design Profile (Silver),59,HIGH,HS Code: 39169090,,,,Silver,292.00,INR,HIGH,"Qty: 2, Unit: Pc, PU: 2",,
Hettich,Linear Drawer System: AvanTech YOU,AvanTech YOU: NL-450 mm Height-187 mm (70 Kg) Full Extn. Silent,9255838,Front Panel Connector for drawer side profile,59,HIGH,HS Code: 83024200,,,,Silver,1586.00,INR,HIGH,"Qty: 2, Unit: Pc, PU: 2",,
Hettich,Linear Drawer System: AvanTech YOU,AvanTech YOU: NL-450 mm Height-187 mm (70 Kg) Full Extn. Silent,9255838,Front Panel Connector for drawer side profile,59,HIGH,HS Code: 83024200,,,,Anthracite,1586.00,INR,HIGH,"Qty: 2, Unit: Pc, PU: 2",,
Hettich,Linear Drawer System: AvanTech YOU,AvanTech YOU: NL-450 mm Height-187 mm (70 Kg) Full Extn. Silent,9257670,"Rear Panel Connector (Silver), Left",59,HIGH,HS Code: 83024200,,,,Silver,477.00,INR,HIGH,"Qty: 1, Unit: Pc, PU: 1",,
Hettich,Linear Drawer System: AvanTech YOU,AvanTech YOU: NL-450 mm Height-187 mm (70 Kg) Full Extn. Silent,9257671,"Rear Panel Connector (Silver), Right",59,HIGH,HS Code: 83024200,,,,Silver,477.00,INR,HIGH,"Qty: 1, Unit: Pc, PU: 1",,
Hettich,Linear Drawer System: AvanTech YOU,AvanTech YOU: NL-450 mm Height-187 mm (70 Kg) Full Extn. Silent,9257702,Rear Panel Stabilizer,59,HIGH,HS Code: 39263000,,,,Silver,42.00,INR,HIGH,"Qty: 3, Unit: Pc, PU: 3",,
Hettich,Linear Drawer System: AvanTech YOU,AvanTech YOU: NL-450 mm Height-187 mm (70 Kg) Full Extn. Silent,9257702,Rear Panel Stabilizer,59,HIGH,HS Code: 39263000,,,,Anthracite,42.00,INR,HIGH,"Qty: 3, Unit: Pc, PU: 3",,
Hettich,Linear Drawer System: AvanTech YOU,AvanTech YOU: NL-450 mm Height-187 mm (70 Kg) Full Extn. Silent,9321561,Front Stabilizer,59,HIGH,HS Code: 39263000,,,,Silver,464.00,INR,HIGH,"Qty: 1, Unit: Pc, PU: 1",,
Hettich,Linear Drawer System: AvanTech YOU,AvanTech YOU: NL-450 mm Height-187 mm (70 Kg) Full Extn. Silent,9321561,Front Stabilizer,59,HIGH,HS Code: 39263000,,,,Anthracite,464.00,INR,HIGH,"Qty: 1, Unit: Pc, PU: 1",,
Hettich,Linear Drawer System: AvanTech YOU,AvanTech YOU: NL-450 mm Height-187 mm (70 Kg) Full Extn. Silent,9318198,"Actro YOU runner Left, 70 kg",59,HIGH,HS Code: 83024200,,,,Silver,2428.00,INR,HIGH,"Qty: 1, Unit: Pc, PU: 1",,
Hettich,Linear Drawer System: AvanTech YOU,AvanTech YOU: NL-450 mm Height-187 mm (70 Kg) Full Extn. Silent,9318198,"Actro YOU runner Left, 70 kg",59,HIGH,HS Code: 83024200,,,,Anthracite,2428.00,INR,HIGH,"Qty: 1, Unit: Pc, PU: 1",,
Hettich,Linear Drawer System: AvanTech YOU,AvanTech YOU: NL-450 mm Height-187 mm (70 Kg) Full Extn. Silent,9318199,"Actro YOU runner Right, 70 kg",59,HIGH,HS Code: 83024200,,,,Silver,2428.00,INR,HIGH,"Qty: 1, Unit: Pc, PU: 1",,
Hettich,Linear Drawer System: AvanTech YOU,AvanTech YOU: NL-450 mm Height-187 mm (70 Kg) Full Extn. Silent,9318199,"Actro YOU runner Right, 70 kg",59,HIGH,HS Code: 83024200,,,,Anthracite,2428.00,INR,HIGH,"Qty: 1, Unit: Pc, PU: 1",,
Hettich,Linear Drawer System: AvanTech YOU,AvanTech YOU: NL-450 mm Height-187 mm (70 Kg) Full Extn. Silent,9257703,Branding clip with Hettich logo ( silver),59,HIGH,HS Code: 39269097,,,,Silver,42.00,INR,HIGH,"Qty: 1, Unit: Pc, PU: 1",,
Hettich,Linear Drawer System: AvanTech YOU,AvanTech YOU: NL-500 mm Height-187 mm (70 Kg) Full Extn. Silent,9255054,"Drawer Side Profile (Silver), Left",59,HIGH,HS Code: 94039010,,,,Silver,2377.00,INR,HIGH,"Qty: 1, Unit: Pc, PU: 1",,
Hettich,Linear Drawer System: AvanTech YOU,AvanTech YOU: NL-500 mm Height-187 mm (70 Kg) Full Extn. Silent,9255055,"Drawer Side Profile (Silver), Right",59,HIGH,HS Code: 94039010,,,,Silver,2377.00,INR,HIGH,"Qty: 1, Unit: Pc, PU: 1",,
Hettich,Linear Drawer System: AvanTech YOU,AvanTech YOU: NL-500 mm Height-187 mm (70 Kg) Full Extn. Silent,9255809,Design Profile (Silver),59,HIGH,HS Code: 39169090,,,,Silver,292.00,INR,HIGH,"Qty: 2, Unit: Pc, PU: 2",,
Hettich,Linear Drawer System: AvanTech YOU,AvanTech YOU: NL-500 mm Height-187 mm (70 Kg) Full Extn. Silent,9255838,Front Panel Connector for drawer side profile,59,HIGH,HS Code: 83024200,,,,Silver,1586.00,INR,HIGH,"Qty: 2, Unit: Pc, PU: 2",,
Hettich,Linear Drawer System: AvanTech YOU,AvanTech YOU: NL-500 mm Height-187 mm (70 Kg) Full Extn. Silent,9255838,Front Panel Connector for drawer side profile,59,HIGH,HS Code: 83024200,,,,White,1586.00,INR,HIGH,"Qty: 2, Unit: Pc, PU: 2",,
Hettich,Linear Drawer System: AvanTech YOU,AvanTech YOU: NL-500 mm Height-187 mm (70 Kg) Full Extn. Silent,9255838,Front Panel Connector for drawer side profile,59,HIGH,HS Code: 83024200,,,,Anthracite,1586.00,INR,HIGH,"Qty: 2, Unit: Pc, PU: 2",,
Hettich,Linear Drawer System: AvanTech YOU,AvanTech YOU: NL-500 mm Height-187 mm (70 Kg) Full Extn. Silent,9257670,"Rear Panel Connector (Silver), Left",59,HIGH,HS Code: 83024200,,,,Silver,477.00,INR,HIGH,"Qty: 1, Unit: Pc, PU: 1",,
Hettich,Linear Drawer System: AvanTech YOU,AvanTech YOU: NL-500 mm Height-187 mm (70 Kg) Full Extn. Silent,9257671,"Rear Panel Connector (Silver), Right",59,HIGH,HS Code: 83024200,,,,Silver,477.00,INR,HIGH,"Qty: 1, Unit: Pc, PU: 1",,
Hettich,Linear Drawer System: AvanTech YOU,AvanTech YOU: NL-500 mm Height-187 mm (70 Kg) Full Extn. Silent,9257702,Rear Panel Stabilizer,59,HIGH,HS Code: 39263000,,,,Silver,42.00,INR,HIGH,"Qty: 3, Unit: Pc, PU: 3",,
Hettich,Linear Drawer System: AvanTech YOU,AvanTech YOU: NL-500 mm Height-187 mm (70 Kg) Full Extn. Silent,9257702,Rear Panel Stabilizer,59,HIGH,HS Code: 39263000,,,,White,42.00,INR,HIGH,"Qty: 3, Unit: Pc, PU: 3",,
Hettich,Linear Drawer System: AvanTech YOU,AvanTech YOU: NL-500 mm Height-187 mm (70 Kg) Full Extn. Silent,9257702,Rear Panel Stabilizer,59,HIGH,HS Code: 39263000,,,,Anthracite,42.00,INR,HIGH,"Qty: 3, Unit: Pc, PU: 3",,
Hettich,Linear Drawer System: AvanTech YOU,AvanTech YOU: NL-500 mm Height-187 mm (70 Kg) Full Extn. Silent,9321561,Front Stabilizer,59,HIGH,HS Code: 39263000,,,,Silver,464.00,INR,HIGH,"Qty: 1, Unit: Pc, PU: 1",,
Hettich,Linear Drawer System: AvanTech YOU,AvanTech YOU: NL-500 mm Height-187 mm (70 Kg) Full Extn. Silent,9321561,Front Stabilizer,59,HIGH,HS Code: 39263000,,,,White,464.00,INR,HIGH,"Qty: 1, Unit: Pc, PU: 1",,
Hettich,Linear Drawer System: AvanTech YOU,AvanTech YOU: NL-500 mm Height-187 mm (70 Kg) Full Extn. Silent,9321561,Front Stabilizer,59,HIGH,HS Code: 39263000,,,,Anthracite,464.00,INR,HIGH,"Qty: 1, Unit: Pc, PU: 1",,
Hettich,Linear Drawer System: AvanTech YOU,AvanTech YOU: NL-500 mm Height-187 mm (70 Kg) Full Extn. Silent,9318201,"Actro YOU runner Left, 70 kg",59,HIGH,HS Code: 83024200,,,,Silver,2458.00,INR,HIGH,"Qty: 1, Unit: Pc, PU: 1",,
Hettich,Linear Drawer System: AvanTech YOU,AvanTech YOU: NL-500 mm Height-187 mm (70 Kg) Full Extn. Silent,9318201,"Actro YOU runner Left, 70 kg",59,HIGH,HS Code: 83024200,,,,White,2458.00,INR,HIGH,"Qty: 1, Unit: Pc, PU: 1",,
Hettich,Linear Drawer System: AvanTech YOU,AvanTech YOU: NL-500 mm Height-187 mm (70 Kg) Full Extn. Silent,9318201,"Actro YOU runner Left, 70 kg",59,HIGH,HS Code: 83024200,,,,Anthracite,2458.00,INR,HIGH,"Qty: 1, Unit: Pc, PU: 1",,
Hettich,Linear Drawer System: AvanTech YOU,AvanTech YOU: NL-500 mm Height-187 mm (70 Kg) Full Extn. Silent,9318203,"Actro YOU runner Right, 70 kg",59,HIGH,HS Code: 83024200,,,,Silver,2458.00,INR,HIGH,"Qty: 1, Unit: Pc, PU: 1",,
Hettich,Linear Drawer System: AvanTech YOU,AvanTech YOU: NL-500 mm Height-187 mm (70 Kg) Full Extn. Silent,9318203,"Actro YOU runner Right, 70 kg",59,HIGH,HS Code: 83024200,,,,White,2458.00,INR,HIGH,"Qty: 1, Unit: Pc, PU: 1",,
Hettich,Linear Drawer System: AvanTech YOU,AvanTech YOU: NL-500 mm Height-187 mm (70 Kg) Full Extn. Silent,9318203,"Actro YOU runner Right, 70 kg",59,HIGH,HS Code: 83024200,,,,Anthracite,2458.00,INR,HIGH,"Qty: 1, Unit: Pc, PU: 1",,
Hettich,Linear Drawer System: AvanTech YOU,AvanTech YOU: NL-500 mm Height-187 mm (70 Kg) Full Extn. Silent,9257703,Branding clip with Hettich logo ( silver),59,HIGH,HS Code: 39269097,,,,Silver,42.00,INR,HIGH,"Qty: 1, Unit: Pc, PU: 1",,
Hettich,Linear Drawer System: AvanTech YOU,AvanTech YOU: NL-550 mm Height-187 mm (70 Kg) Full Extn. Silent,9255056,"Drawer Side Profile (Silver), Left",60,HIGH,HS Code: 94039010,,,,Silver,2426.00,INR,HIGH,"Qty: 1, Unit: Pc, PU: 1",,
Hettich,Linear Drawer System: AvanTech YOU,AvanTech YOU: NL-550 mm Height-187 mm (70 Kg) Full Extn. Silent,9255057,"Drawer Side Profile (Silver), Right",60,HIGH,HS Code: 94039010,,,,Silver,2426.00,INR,HIGH,"Qty: 1, Unit: Pc, PU: 1",,
Hettich,Linear Drawer System: AvanTech YOU,AvanTech YOU: NL-550 mm Height-187 mm (70 Kg) Full Extn. Silent,9255810,Design Profile (Silver),60,HIGH,HS Code: 39169090,,,,Silver,292.00,INR,HIGH,"Qty: 2, Unit: Pc, PU: 2",,
Hettich,Linear Drawer System: AvanTech YOU,AvanTech YOU: NL-550 mm Height-187 mm (70 Kg) Full Extn. Silent,9255838,Front Panel Connector for drawer side profile,60,HIGH,HS Code: 83024200,,,,Silver,1586.00,INR,HIGH,"Qty: 2, Unit: Pc, PU: 2",,
Hettich,Linear Drawer System: AvanTech YOU,AvanTech YOU: NL-550 mm Height-187 mm (70 Kg) Full Extn. Silent,9255838,Front Panel Connector for drawer side profile,60,HIGH,HS Code: 83024200,,,,Anthracite,1586.00,INR,HIGH,"Qty: 2, Unit: Pc, PU: 2",,
Hettich,Linear Drawer System: AvanTech YOU,AvanTech YOU: NL-550 mm Height-187 mm (70 Kg) Full Extn. Silent,9257670,"Rear Panel Connector (Silver), Left",60,HIGH,HS Code: 83024200,,,,Silver,477.00,INR,HIGH,"Qty: 1, Unit: Pc, PU: 1",,
Hettich,Linear Drawer System: AvanTech YOU,AvanTech YOU: NL-550 mm Height-187 mm (70 Kg) Full Extn. Silent,9257671,"Rear Panel Connector (Silver), Right",60,HIGH,HS Code: 83024200,,,,Silver,477.00,INR,HIGH,"Qty: 1, Unit: Pc, PU: 1",,
Hettich,Linear Drawer System: AvanTech YOU,AvanTech YOU: NL-550 mm Height-187 mm (70 Kg) Full Extn. Silent,9257702,Rear Panel Stabilizer,60,HIGH,HS Code: 39263000,,,,Silver,42.00,INR,HIGH,"Qty: 3, Unit: Pc, PU: 3",,
Hettich,Linear Drawer System: AvanTech YOU,AvanTech YOU: NL-550 mm Height-187 mm (70 Kg) Full Extn. Silent,9257702,Rear Panel Stabilizer,60,HIGH,HS Code: 39263000,,,,Anthracite,42.00,INR,HIGH,"Qty: 3, Unit: Pc, PU: 3",,
Hettich,Linear Drawer System: AvanTech YOU,AvanTech YOU: NL-550 mm Height-187 mm (70 Kg) Full Extn. Silent,9321561,Front Stabilizer,60,HIGH,HS Code: 39263000,,,,Silver,464.00,INR,HIGH,"Qty: 1, Unit: Pc, PU: 1",,
Hettich,Linear Drawer System: AvanTech YOU,AvanTech YOU: NL-550 mm Height-187 mm (70 Kg) Full Extn. Silent,9321561,Front Stabilizer,60,HIGH,HS Code: 39263000,,,,Anthracite,464.00,INR,HIGH,"Qty: 1, Unit: Pc, PU: 1",,
Hettich,Linear Drawer System: AvanTech YOU,AvanTech YOU: NL-550 mm Height-187 mm (70 Kg) Full Extn. Silent,9318208,"Actro YOU runner Left, 70 kg",60,HIGH,HS Code: 83024200,,,,Silver,2584.00,INR,HIGH,"Qty: 1, Unit: Pc, PU: 1",,
Hettich,Linear Drawer System: AvanTech YOU,AvanTech YOU: NL-550 mm Height-187 mm (70 Kg) Full Extn. Silent,9318208,"Actro YOU runner Left, 70 kg",60,HIGH,HS Code: 83024200,,,,Anthracite,2584.00,INR,HIGH,"Qty: 1, Unit: Pc, PU: 1",,
Hettich,Linear Drawer System: AvanTech YOU,AvanTech YOU: NL-550 mm Height-187 mm (70 Kg) Full Extn. Silent,9318209,"Actro YOU runner Right, 70 kg",60,HIGH,HS Code: 83024200,,,,Silver,2584.00,INR,HIGH,"Qty: 1, Unit: Pc, PU: 1",,
Hettich,Linear Drawer System: AvanTech YOU,AvanTech YOU: NL-550 mm Height-187 mm (70 Kg) Full Extn. Silent,9318209,"Actro YOU runner Right, 70 kg",60,HIGH,HS Code: 83024200,,,,Anthracite,2584.00,INR,HIGH,"Qty: 1, Unit: Pc, PU: 1",,
Hettich,Linear Drawer System: AvanTech YOU,AvanTech YOU: NL-550 mm Height-187 mm (70 Kg) Full Extn. Silent,9257703,Branding clip with Hettich logo (silver),60,HIGH,HS Code: 39269097,,,,Silver,42.00,INR,HIGH,"Qty: 1, Unit: Pc, PU: 1",,
Hettich,Linear Drawer System: AvanTech YOU,AvanTech YOU: NL-600 mm Height-187 mm (70 Kg) Full Extn. Silent,9255058,"Drawer Side Profile (Silver), Left",60,HIGH,HS Code: 94039010,,,,Silver,2638.00,INR,HIGH,"Qty: 1, Unit: Pc, PU: 1",,
Hettich,Linear Drawer System: AvanTech YOU,AvanTech YOU: NL-600 mm Height-187 mm (70 Kg) Full Extn. Silent,9255059,"Drawer Side Profile (Silver), Right",60,HIGH,HS Code: 94039010,,,,Silver,2638.00,INR,HIGH,"Qty: 1, Unit: Pc, PU: 1",,
Hettich,Linear Drawer System: AvanTech YOU,AvanTech YOU: NL-600 mm Height-187 mm (70 Kg) Full Extn. Silent,9255811,Design Profile (Silver),60,HIGH,HS Code: 39169090,,,,Silver,292.00,INR,HIGH,"Qty: 2, Unit: Pc, PU: 2",,
Hettich,Linear Drawer System: AvanTech YOU,AvanTech YOU: NL-600 mm Height-187 mm (70 Kg) Full Extn. Silent,9255838,Front connector for drawer side profile,60,HIGH,HS Code: 83024200,,,,Silver,1586.00,INR,HIGH,"Qty: 2, Unit: Pc, PU: 2",,
Hettich,Linear Drawer System: AvanTech YOU,AvanTech YOU: NL-600 mm Height-187 mm (70 Kg) Full Extn. Silent,9255838,Front connector for drawer side profile,60,HIGH,HS Code: 83024200,,,,Anthracite,1586.00,INR,HIGH,"Qty: 2, Unit: Pc, PU: 2",,
Hettich,Linear Drawer System: AvanTech YOU,AvanTech YOU: NL-600 mm Height-187 mm (70 Kg) Full Extn. Silent,9257670,"Rear Panel Connector (Silver), Left",60,HIGH,HS Code: 83024200,,,,Silver,477.00,INR,HIGH,"Qty: 1, Unit: Pc, PU: 1",,
Hettich,Linear Drawer System: AvanTech YOU,AvanTech YOU: NL-600 mm Height-187 mm (70 Kg) Full Extn. Silent,9257671,"Rear Panel Connector (Silver), Right",60,HIGH,HS Code: 83024200,,,,Silver,477.00,INR,HIGH,"Qty: 1, Unit: Pc, PU: 1",,
Hettich,Linear Drawer System: AvanTech YOU,AvanTech YOU: NL-600 mm Height-187 mm (70 Kg) Full Extn. Silent,9257702,Rear Panel Stabilizer,60,HIGH,HS Code: 39263000,,,,Silver,42.00,INR,HIGH,"Qty: 3, Unit: Pc, PU: 3",,
Hettich,Linear Drawer System: AvanTech YOU,AvanTech YOU: NL-600 mm Height-187 mm (70 Kg) Full Extn. Silent,9257702,Rear Panel Stabilizer,60,HIGH,HS Code: 39263000,,,,Anthracite,42.00,INR,HIGH,"Qty: 3, Unit: Pc, PU: 3",,
Hettich,Linear Drawer System: AvanTech YOU,AvanTech YOU: NL-600 mm Height-187 mm (70 Kg) Full Extn. Silent,9321561,Front Stabilizer,60,HIGH,HS Code: 39263000,,,,Silver,460.00,INR,HIGH,"Qty: 1, Unit: Pc, PU: 1",,
Hettich,Linear Drawer System: AvanTech YOU,AvanTech YOU: NL-600 mm Height-187 mm (70 Kg) Full Extn. Silent,9321561,Front Stabilizer,60,HIGH,HS Code: 39263000,,,,Anthracite,460.00,INR,HIGH,"Qty: 1, Unit: Pc, PU: 1",,
Hettich,Linear Drawer System: AvanTech YOU,AvanTech YOU: NL-600 mm Height-187 mm (70 Kg) Full Extn. Silent,9318211,"Actro YOU runner Left, 70 kg",60,HIGH,HS Code: 83024200,,,,Silver,2841.00,INR,HIGH,"Qty: 1, Unit: Pc, PU: 1",,
Hettich,Linear Drawer System: AvanTech YOU,AvanTech YOU: NL-600 mm Height-187 mm (70 Kg) Full Extn. Silent,9318211,"Actro YOU runner Left, 70 kg",60,HIGH,HS Code: 83024200,,,,Anthracite,2841.00,INR,HIGH,"Qty: 1, Unit: Pc, PU: 1",,
Hettich,Linear Drawer System: AvanTech YOU,AvanTech YOU: NL-600 mm Height-187 mm (70 Kg) Full Extn. Silent,9318212,"Actro YOU runner Right, 70 kg",60,HIGH,HS Code: 83024200,,,,Silver,2841.00,INR,HIGH,"Qty: 1, Unit: Pc, PU: 1",,
Hettich,Linear Drawer System: AvanTech YOU,AvanTech YOU: NL-600 mm Height-187 mm (70 Kg) Full Extn. Silent,9318212,"Actro YOU runner Right, 70 kg",60,HIGH,HS Code: 83024200,,,,Anthracite,2841.00,INR,HIGH,"Qty: 1, Unit: Pc, PU: 1",,
Hettich,Linear Drawer System: AvanTech YOU,AvanTech YOU: NL-600 mm Height-187 mm (70 Kg) Full Extn. Silent,9257703,Branding clip with Hettich logo (silver),60,HIGH,HS Code: 39269097,,,,Silver,42.00,INR,HIGH,"Qty: 1, Unit: Pc, PU: 1",,
Hettich,Linear Drawer System: AvanTech YOU,AvanTech YOU: NL-350 mm Height-251 mm (40 Kg) Full Extn. Silent,9255066,"Drawer Side Profile (Silver), Left",60,HIGH,HS Code: 94039010,,,,Silver,3504.00,INR,HIGH,"Qty: 1, Unit: Pc, PU: 1",,
Hettich,Linear Drawer System: AvanTech YOU,AvanTech YOU: NL-350 mm Height-251 mm (40 Kg) Full Extn. Silent,9255067,"Drawer Side Profile (Silver), Right",60,HIGH,HS Code: 94039010,,,,Silver,3504.00,INR,HIGH,"Qty: 1, Unit: Pc, PU: 1",,
Hettich,Linear Drawer System: AvanTech YOU,AvanTech YOU: NL-350 mm Height-251 mm (40 Kg) Full Extn. Silent,9255806,Design Profile (Silver),60,HIGH,HS Code: 39169090,,,,Silver,282.00,INR,HIGH,"Qty: 2, Unit: Pc, PU: 2",,
Hettich,Linear Drawer System: AvanTech YOU,AvanTech YOU: NL-350 mm Height-251 mm (40 Kg) Full Extn. Silent,9255838,Front connector for drawer side profile,60,HIGH,HS Code: 83024200,,,,Silver,1586.00,INR,HIGH,"Qty: 2, Unit: Pc, PU: 2",,
Hettich,Linear Drawer System: AvanTech YOU,AvanTech YOU: NL-350 mm Height-251 mm (40 Kg) Full Extn. Silent,9255838,Front connector for drawer side profile,60,HIGH,HS Code: 83024200,,,,Anthracite,1586.00,INR,HIGH,"Qty: 2, Unit: Pc, PU: 2",,
Hettich,Linear Drawer System: AvanTech YOU,AvanTech YOU: NL-350 mm Height-251 mm (40 Kg) Full Extn. Silent,9257672,"Rear Panel Connector (Silver), Left",60,HIGH,HS Code: 83024200,,,,Silver,707.00,INR,HIGH,"Qty: 1, Unit: Pc, PU: 1",,
Hettich,Linear Drawer System: AvanTech YOU,AvanTech YOU: NL-350 mm Height-251 mm (40 Kg) Full Extn. Silent,9257673,"Rear Panel Connector (Silver), Right",60,HIGH,HS Code: 83024200,,,,Silver,707.00,INR,HIGH,"Qty: 1, Unit: Pc, PU: 1",,
Hettich,Linear Drawer System: AvanTech YOU,AvanTech YOU: NL-350 mm Height-251 mm (40 Kg) Full Extn. Silent,9257702,Rear Panel Stabilizer,60,HIGH,HS Code: 39263000,,,,Silver,42.00,INR,HIGH,"Qty: 3, Unit: Pc, PU: 3",,
Hettich,Linear Drawer System: AvanTech YOU,AvanTech YOU: NL-350 mm Height-251 mm (40 Kg) Full Extn. Silent,9257702,Rear Panel Stabilizer,60,HIGH,HS Code: 39263000,,,,Anthracite,42.00,INR,HIGH,"Qty: 3, Unit: Pc, PU: 3",,
Hettich,Linear Drawer System: AvanTech YOU,AvanTech YOU: NL-350 mm Height-251 mm (40 Kg) Full Extn. Silent,9321561,Front Stabilizer,60,HIGH,HS Code: 39263000,,,,Silver,460.00,INR,HIGH,"Qty: 1, Unit: Pc, PU: 1",,
Hettich,Linear Drawer System: AvanTech YOU,AvanTech YOU: NL-350 mm Height-251 mm (40 Kg) Full Extn. Silent,9321561,Front Stabilizer,60,HIGH,HS Code: 39263000,,,,Anthracite,460.00,INR,HIGH,"Qty: 1, Unit: Pc, PU: 1",,
Hettich,Linear Drawer System: AvanTech YOU,AvanTech YOU: NL-350 mm Height-251 mm (40 Kg) Full Extn. Silent,9318173,"Actro YOU runner Left, 40 kg",60,HIGH,HS Code: 83024200,,,,Silver,2168.00,INR,HIGH,"Qty: 1, Unit: Pc, PU: 1",,
Hettich,Linear Drawer System: AvanTech YOU,AvanTech YOU: NL-350 mm Height-251 mm (40 Kg) Full Extn. Silent,9318173,"Actro YOU runner Left, 40 kg",60,HIGH,HS Code: 83024200,,,,Anthracite,2168.00,INR,HIGH,"Qty: 1, Unit: Pc, PU: 1",,
Hettich,Linear Drawer System: AvanTech YOU,AvanTech YOU: NL-350 mm Height-251 mm (40 Kg) Full Extn. Silent,9318174,"Actro YOU runner Right, 40 kg",60,HIGH,HS Code: 83024200,,,,Silver,2168.00,INR,HIGH,"Qty: 1, Unit: Pc, PU: 1",,
Hettich,Linear Drawer System: AvanTech YOU,AvanTech YOU: NL-350 mm Height-251 mm (40 Kg) Full Extn. Silent,9318174,"Actro YOU runner Right, 40 kg",60,HIGH,HS Code: 83024200,,,,Anthracite,2168.00,INR,HIGH,"Qty: 1, Unit: Pc, PU: 1",,
Hettich,Linear Drawer System: AvanTech YOU,AvanTech YOU: NL-350 mm Height-251 mm (40 Kg) Full Extn. Silent,9257703,Branding clip with Hettich Logo (Silver),60,HIGH,HS Code: 39269097,,,,Silver,42.00,INR,HIGH,"Qty: 1, Unit: Pc, PU: 1",,
Hettich,Linear Drawer System: AvanTech YOU,AvanTech YOU: NL-350 mm Height-251 mm (40 Kg) Full Extn. Silent,9257887,"Drawer front connector side profile, stabiliser",60,HIGH,HS Code: 39269097,,,,Silver,148.00,INR,HIGH,"Qty: 2, Unit: Pc, PU: 2",,
Hettich,Linear Drawer System: AvanTech YOU,AvanTech YOU: NL-350 mm Height-251 mm (40 Kg) Full Extn. Silent,9257887,"Drawer front connector side profile, stabiliser",60,HIGH,HS Code: 39269097,,,,Anthracite,148.00,INR,HIGH,"Qty: 2, Unit: Pc, PU: 2",,
Hettich,Linear Drawer System: AvanTech YOU,AvanTech YOU: NL-400 mm Height-251 mm (40 Kg) Full Extn. Silent,9255068,"Drawer Side Profile (Silver), Left",61,HIGH,HS Code: 94039010,,,,Silver,4109.00,INR,HIGH,"Qty: 1, Unit: Pc, PU: 1",,
Hettich,Linear Drawer System: AvanTech YOU,AvanTech YOU: NL-400 mm Height-251 mm (40 Kg) Full Extn. Silent,9255069,"Drawer Side Profile (Silver), Right",61,HIGH,HS Code: 94039010,,,,Silver,4109.00,INR,HIGH,"Qty: 1, Unit: Pc, PU: 1",,
Hettich,Linear Drawer System: AvanTech YOU,AvanTech YOU: NL-400 mm Height-251 mm (40 Kg) Full Extn. Silent,9255807,Design Profile (Silver),61,HIGH,HS Code: 39169090,,,,Silver,310.00,INR,HIGH,"Qty: 2, Unit: Pc, PU: 2",,
Hettich,Linear Drawer System: AvanTech YOU,AvanTech YOU: NL-400 mm Height-251 mm (40 Kg) Full Extn. Silent,9255838,Front Panel Connector for drawer side profile,61,HIGH,HS Code: 83024200,,,,Silver,1586.00,INR,HIGH,"Qty: 2, Unit: Pc, PU: 2",,
Hettich,Linear Drawer System: AvanTech YOU,AvanTech YOU: NL-400 mm Height-251 mm (40 Kg) Full Extn. Silent,9255838,Front Panel Connector for drawer side profile,61,HIGH,HS Code: 83024200,,,,Anthracite,1586.00,INR,HIGH,"Qty: 2, Unit: Pc, PU: 2",,
Hettich,Linear Drawer System: AvanTech YOU,AvanTech YOU: NL-400 mm Height-251 mm (40 Kg) Full Extn. Silent,9257672,"Rear Panel Connector (Silver), Left",61,HIGH,HS Code: 83024200,,,,Silver,707.00,INR,HIGH,"Qty: 1, Unit: Pc, PU: 1",,
Hettich,Linear Drawer System: AvanTech YOU,AvanTech YOU: NL-400 mm Height-251 mm (40 Kg) Full Extn. Silent,9257673,"Rear Panel Connector (Silver), Right",61,HIGH,HS Code: 83024200,,,,Silver,707.00,INR,HIGH,"Qty: 1, Unit: Pc, PU: 1",,
Hettich,Linear Drawer System: AvanTech YOU,AvanTech YOU: NL-400 mm Height-251 mm (40 Kg) Full Extn. Silent,9257702,Rear Panel Stabilizer,61,HIGH,HS Code: 39263000,,,,Silver,42.00,INR,HIGH,"Qty: 3, Unit: Pc, PU: 3",,
Hettich,Linear Drawer System: AvanTech YOU,AvanTech YOU: NL-400 mm Height-251 mm (40 Kg) Full Extn. Silent,9257702,Rear Panel Stabilizer,61,HIGH,HS Code: 39263000,,,,Anthracite,42.00,INR,HIGH,"Qty: 3, Unit: Pc, PU: 3",,
Hettich,Linear Drawer System: AvanTech YOU,AvanTech YOU: NL-400 mm Height-251 mm (40 Kg) Full Extn. Silent,9321561,Front Stabilizer,61,HIGH,HS Code: 39263000,,,,Silver,464.00,INR,HIGH,"Qty: 1, Unit: Pc, PU: 1",,
Hettich,Linear Drawer System: AvanTech YOU,AvanTech YOU: NL-400 mm Height-251 mm (40 Kg) Full Extn. Silent,9321561,Front Stabilizer,61,HIGH,HS Code: 39263000,,,,Anthracite,464.00,INR,HIGH,"Qty: 1, Unit: Pc, PU: 1",,
Hettich,Linear Drawer System: AvanTech YOU,AvanTech YOU: NL-400 mm Height-251 mm (40 Kg) Full Extn. Silent,9318175,"Actro YOU runner Left, 40 kg",61,HIGH,HS Code: 83024200,,,,Silver,1818.00,INR,HIGH,"Qty: 1, Unit: Pc, PU: 1",,
Hettich,Linear Drawer System: AvanTech YOU,AvanTech YOU: NL-400 mm Height-251 mm (40 Kg) Full Extn. Silent,9318175,"Actro YOU runner Left, 40 kg",61,HIGH,HS Code: 83024200,,,,Anthracite,1818.00,INR,HIGH,"Qty: 1, Unit: Pc, PU: 1",,
Hettich,Linear Drawer System: AvanTech YOU,AvanTech YOU: NL-400 mm Height-251 mm (40 Kg) Full Extn. Silent,9318176,"Actro YOU runner Right, 40 kg",61,HIGH,HS Code: 83024200,,,,Silver,1818.00,INR,HIGH,"Qty: 1, Unit: Pc, PU: 1",,
Hettich,Linear Drawer System: AvanTech YOU,AvanTech YOU: NL-400 mm Height-251 mm (40 Kg) Full Extn. Silent,9318176,"Actro YOU runner Right, 40 kg",61,HIGH,HS Code: 83024200,,,,Anthracite,1818.00,INR,HIGH,"Qty: 1, Unit: Pc, PU: 1",,
Hettich,Linear Drawer System: AvanTech YOU,AvanTech YOU: NL-400 mm Height-251 mm (40 Kg) Full Extn. Silent,9257703,Branding clip with Hettich logo (Silver),61,HIGH,HS Code: 39269097,,,,Silver,42.00,INR,HIGH,"Qty: 1, Unit: Pc, PU: 1",,
Hettich,Linear Drawer System: AvanTech YOU,AvanTech YOU: NL-400 mm Height-251 mm (40 Kg) Full Extn. Silent,9257887,"Drawer front connector side profile, stabiliser",61,HIGH,HS Code: 39269097,,,,Silver,148.00,INR,HIGH,"Qty: 2, Unit: Pc, PU: 2",,
Hettich,Linear Drawer System: AvanTech YOU,AvanTech YOU: NL-400 mm Height-251 mm (40 Kg) Full Extn. Silent,9257887,"Drawer front connector side profile, stabiliser",61,HIGH,HS Code: 39269097,,,,Anthracite,148.00,INR,HIGH,"Qty: 2, Unit: Pc, PU: 2",,
Hettich,Linear Drawer System: AvanTech YOU,AvanTech YOU: NL-400 mm Height-251 mm (40 Kg) Full Extn. Silent,9308046,Complete Set (BOM Total),61,HIGH,BOM total row - no HS Code printed,,,,Silver,15860.00,INR,HIGH,BOM Total (Complete Set),,
Hettich,Linear Drawer System: AvanTech YOU,AvanTech YOU: NL-450 mm Height-251 mm (40 Kg) Full Extn. Silent,9255070,"Drawer Side Profile (Silver), Left",61,HIGH,HS Code: 94039010,,,,Silver,3964.00,INR,HIGH,"Qty: 1, Unit: Pc, PU: 1",,
Hettich,Linear Drawer System: AvanTech YOU,AvanTech YOU: NL-450 mm Height-251 mm (40 Kg) Full Extn. Silent,9255071,"Drawer Side Profile (Silver), Right",61,HIGH,HS Code: 94039010,,,,Silver,3964.00,INR,HIGH,"Qty: 1, Unit: Pc, PU: 1",,
Hettich,Linear Drawer System: AvanTech YOU,AvanTech YOU: NL-450 mm Height-251 mm (40 Kg) Full Extn. Silent,9255808,Design Profile (Silver),61,HIGH,HS Code: 39169090,,,,Silver,292.00,INR,HIGH,"Qty: 2, Unit: Pc, PU: 2",,
Hettich,Linear Drawer System: AvanTech YOU,AvanTech YOU: NL-450 mm Height-251 mm (40 Kg) Full Extn. Silent,9255838,Front Panel Connector for drawer side profile,61,HIGH,HS Code: 83024200,,,,Silver,1586.00,INR,HIGH,"Qty: 2, Unit: Pc, PU: 2",,
Hettich,Linear Drawer System: AvanTech YOU,AvanTech YOU: NL-450 mm Height-251 mm (40 Kg) Full Extn. Silent,9255838,Front Panel Connector for drawer side profile,61,HIGH,HS Code: 83024200,,,,Anthracite,1586.00,INR,HIGH,"Qty: 2, Unit: Pc, PU: 2",,
Hettich,Linear Drawer System: AvanTech YOU,AvanTech YOU: NL-450 mm Height-251 mm (40 Kg) Full Extn. Silent,9257672,"Rear Panel Connector (Silver), Left",61,HIGH,HS Code: 83024200,,,,Silver,707.00,INR,HIGH,"Qty: 1, Unit: Pc, PU: 1",,
Hettich,Linear Drawer System: AvanTech YOU,AvanTech YOU: NL-450 mm Height-251 mm (40 Kg) Full Extn. Silent,9257673,"Rear Panel Connector (Silver), Right",61,HIGH,HS Code: 83024200,,,,Silver,707.00,INR,HIGH,"Qty: 1, Unit: Pc, PU: 1",,
Hettich,Linear Drawer System: AvanTech YOU,AvanTech YOU: NL-450 mm Height-251 mm (40 Kg) Full Extn. Silent,9257702,Rear Panel Stabilizer,61,HIGH,HS Code: 39263000,,,,Silver,42.00,INR,HIGH,"Qty: 3, Unit: Pc, PU: 3",,
Hettich,Linear Drawer System: AvanTech YOU,AvanTech YOU: NL-450 mm Height-251 mm (40 Kg) Full Extn. Silent,9257702,Rear Panel Stabilizer,61,HIGH,HS Code: 39263000,,,,Anthracite,42.00,INR,HIGH,"Qty: 3, Unit: Pc, PU: 3",,
Hettich,Linear Drawer System: AvanTech YOU,AvanTech YOU: NL-450 mm Height-251 mm (40 Kg) Full Extn. Silent,9321561,Front Stabilizer,61,HIGH,HS Code: 39263000,,,,Silver,464.00,INR,HIGH,"Qty: 1, Unit: Pc, PU: 1",,
Hettich,Linear Drawer System: AvanTech YOU,AvanTech YOU: NL-450 mm Height-251 mm (40 Kg) Full Extn. Silent,9321561,Front Stabilizer,61,HIGH,HS Code: 39263000,,,,Anthracite,464.00,INR,HIGH,"Qty: 1, Unit: Pc, PU: 1",,
Hettich,Linear Drawer System: AvanTech YOU,AvanTech YOU: NL-450 mm Height-251 mm (40 Kg) Full Extn. Silent,9318177,"Actro YOU runner Left, 40 kg",61,HIGH,HS Code: 83024200,,,,Silver,1855.00,INR,HIGH,"Qty: 1, Unit: Pc, PU: 1",,
Hettich,Linear Drawer System: AvanTech YOU,AvanTech YOU: NL-450 mm Height-251 mm (40 Kg) Full Extn. Silent,9318177,"Actro YOU runner Left, 40 kg",61,HIGH,HS Code: 83024200,,,,Anthracite,1855.00,INR,HIGH,"Qty: 1, Unit: Pc, PU: 1",,
Hettich,Linear Drawer System: AvanTech YOU,AvanTech YOU: NL-450 mm Height-251 mm (40 Kg) Full Extn. Silent,9318178,"Actro YOU runner Right, 40 kg",61,HIGH,HS Code: 83024200,,,,Silver,1855.00,INR,HIGH,"Qty: 1, Unit: Pc, PU: 1",,
Hettich,Linear Drawer System: AvanTech YOU,AvanTech YOU: NL-450 mm Height-251 mm (40 Kg) Full Extn. Silent,9318178,"Actro YOU runner Right, 40 kg",61,HIGH,HS Code: 83024200,,,,Anthracite,1855.00,INR,HIGH,"Qty: 1, Unit: Pc, PU: 1",,
Hettich,Linear Drawer System: AvanTech YOU,AvanTech YOU: NL-450 mm Height-251 mm (40 Kg) Full Extn. Silent,9257887,"Drawer front connector side profile, stabiliser",61,HIGH,HS Code: 39269097,,,,Silver,148.00,INR,HIGH,"Qty: 2, Unit: Pc, PU: 2",,
Hettich,Linear Drawer System: AvanTech YOU,AvanTech YOU: NL-450 mm Height-251 mm (40 Kg) Full Extn. Silent,9257887,"Drawer front connector side profile, stabiliser",61,HIGH,HS Code: 39269097,,,,Anthracite,148.00,INR,HIGH,"Qty: 2, Unit: Pc, PU: 2",,
Hettich,Linear Drawer System: AvanTech YOU,AvanTech YOU: NL-450 mm Height-251 mm (40 Kg) Full Extn. Silent,9257703,Branding clip with Hettich logo (silver),61,HIGH,HS Code: 39269097,,,,Silver,42.00,INR,HIGH,"Qty: 1, Unit: Pc, PU: 1",,
Hettich,Linear Drawer System: AvanTech YOU,AvanTech YOU: NL-450 mm Height-251 mm (40 Kg) Full Extn. Silent,9307362,Complete Set (BOM Total),61,HIGH,BOM total row - no HS Code printed,,,,Silver,15626.00,INR,HIGH,BOM Total (Complete Set),,
Hettich,Linear Drawer System: AvanTech YOU,AvanTech YOU: NL-500 mm Height-251 mm (40 Kg) Full Extn. Silent,9255072,"Drawer Side Profile (Silver), Left",61,HIGH,HS Code: 94039010,,,,Silver,4025.00,INR,HIGH,"Qty: 1, Unit: Pc, PU: 1",,
Hettich,Linear Drawer System: AvanTech YOU,AvanTech YOU: NL-500 mm Height-251 mm (40 Kg) Full Extn. Silent,9255073,"Drawer Side Profile (Silver), Right",61,HIGH,HS Code: 94039010,,,,Silver,4025.00,INR,HIGH,"Qty: 1, Unit: Pc, PU: 1",,
Hettich,Linear Drawer System: AvanTech YOU,AvanTech YOU: NL-500 mm Height-251 mm (40 Kg) Full Extn. Silent,9255809,Design Profile (Silver),61,HIGH,HS Code: 39169090,,,,Silver,292.00,INR,HIGH,"Qty: 2, Unit: Pc, PU: 2",,
Hettich,Linear Drawer System: AvanTech YOU,AvanTech YOU: NL-500 mm Height-251 mm (40 Kg) Full Extn. Silent,9255838,Front Panel Connector for drawer side profile,61,HIGH,HS Code: 83024200,,,,Silver,1586.00,INR,HIGH,"Qty: 2, Unit: Pc, PU: 2",,
Hettich,Linear Drawer System: AvanTech YOU,AvanTech YOU: NL-500 mm Height-251 mm (40 Kg) Full Extn. Silent,9255838,Front Panel Connector for drawer side profile,61,HIGH,HS Code: 83024200,,,,White,1586.00,INR,HIGH,"Qty: 2, Unit: Pc, PU: 2",,
Hettich,Linear Drawer System: AvanTech YOU,AvanTech YOU: NL-500 mm Height-251 mm (40 Kg) Full Extn. Silent,9255838,Front Panel Connector for drawer side profile,61,HIGH,HS Code: 83024200,,,,Anthracite,1586.00,INR,HIGH,"Qty: 2, Unit: Pc, PU: 2",,
Hettich,Linear Drawer System: AvanTech YOU,AvanTech YOU: NL-500 mm Height-251 mm (40 Kg) Full Extn. Silent,9257672,"Rear Panel Connector (Silver), Left",61,HIGH,HS Code: 83024200,,,,Silver,707.00,INR,HIGH,"Qty: 1, Unit: Pc, PU: 1",,
Hettich,Linear Drawer System: AvanTech YOU,AvanTech YOU: NL-500 mm Height-251 mm (40 Kg) Full Extn. Silent,9257673,"Rear Panel Connector (Silver), Right",61,HIGH,HS Code: 83024200,,,,Silver,707.00,INR,HIGH,"Qty: 1, Unit: Pc, PU: 1",,
Hettich,Linear Drawer System: AvanTech YOU,AvanTech YOU: NL-500 mm Height-251 mm (40 Kg) Full Extn. Silent,9257702,Rear Panel Stabilizer,61,HIGH,HS Code: 39263000,,,,Silver,42.00,INR,HIGH,"Qty: 3, Unit: Pc, PU: 3",,
Hettich,Linear Drawer System: AvanTech YOU,AvanTech YOU: NL-500 mm Height-251 mm (40 Kg) Full Extn. Silent,9257702,Rear Panel Stabilizer,61,HIGH,HS Code: 39263000,,,,White,42.00,INR,HIGH,"Qty: 3, Unit: Pc, PU: 3",,
Hettich,Linear Drawer System: AvanTech YOU,AvanTech YOU: NL-500 mm Height-251 mm (40 Kg) Full Extn. Silent,9257702,Rear Panel Stabilizer,61,HIGH,HS Code: 39263000,,,,Anthracite,42.00,INR,HIGH,"Qty: 3, Unit: Pc, PU: 3",,
Hettich,Linear Drawer System: AvanTech YOU,AvanTech YOU: NL-500 mm Height-251 mm (40 Kg) Full Extn. Silent,9321561,Front Stabilizer,61,HIGH,HS Code: 39263000,,,,Silver,464.00,INR,HIGH,"Qty: 1, Unit: Pc, PU: 1",,
Hettich,Linear Drawer System: AvanTech YOU,AvanTech YOU: NL-500 mm Height-251 mm (40 Kg) Full Extn. Silent,9321561,Front Stabilizer,61,HIGH,HS Code: 39263000,,,,White,464.00,INR,HIGH,"Qty: 1, Unit: Pc, PU: 1",,
Hettich,Linear Drawer System: AvanTech YOU,AvanTech YOU: NL-500 mm Height-251 mm (40 Kg) Full Extn. Silent,9321561,Front Stabilizer,61,HIGH,HS Code: 39263000,,,,Anthracite,464.00,INR,HIGH,"Qty: 1, Unit: Pc, PU: 1",,
Hettich,Linear Drawer System: AvanTech YOU,AvanTech YOU: NL-500 mm Height-251 mm (40 Kg) Full Extn. Silent,9318179,"Actro YOU runner Left, 40 kg",61,HIGH,HS Code: 83024200,,,,Silver,1877.00,INR,HIGH,"Qty: 1, Unit: Pc, PU: 1",,
Hettich,Linear Drawer System: AvanTech YOU,AvanTech YOU: NL-500 mm Height-251 mm (40 Kg) Full Extn. Silent,9318179,"Actro YOU runner Left, 40 kg",61,HIGH,HS Code: 83024200,,,,White,1877.00,INR,HIGH,"Qty: 1, Unit: Pc, PU: 1",,
Hettich,Linear Drawer System: AvanTech YOU,AvanTech YOU: NL-500 mm Height-251 mm (40 Kg) Full Extn. Silent,9318179,"Actro YOU runner Left, 40 kg",61,HIGH,HS Code: 83024200,,,,Anthracite,1877.00,INR,HIGH,"Qty: 1, Unit: Pc, PU: 1",,
Hettich,Linear Drawer System: AvanTech YOU,AvanTech YOU: NL-500 mm Height-251 mm (40 Kg) Full Extn. Silent,9318180,"Actro YOU runner Right, 40 kg",61,HIGH,HS Code: 83024200,,,,Silver,1877.00,INR,HIGH,"Qty: 1, Unit: Pc, PU: 1",,
Hettich,Linear Drawer System: AvanTech YOU,AvanTech YOU: NL-500 mm Height-251 mm (40 Kg) Full Extn. Silent,9318180,"Actro YOU runner Right, 40 kg",61,HIGH,HS Code: 83024200,,,,White,1877.00,INR,HIGH,"Qty: 1, Unit: Pc, PU: 1",,
Hettich,Linear Drawer System: AvanTech YOU,AvanTech YOU: NL-500 mm Height-251 mm (40 Kg) Full Extn. Silent,9318180,"Actro YOU runner Right, 40 kg",61,HIGH,HS Code: 83024200,,,,Anthracite,1877.00,INR,HIGH,"Qty: 1, Unit: Pc, PU: 1",,
Hettich,Linear Drawer System: AvanTech YOU,AvanTech YOU: NL-500 mm Height-251 mm (40 Kg) Full Extn. Silent,9257703,Branding clip with Hettich logo (silver),61,HIGH,HS Code: 39269097,,,,Silver,42.00,INR,HIGH,"Qty: 1, Unit: Pc, PU: 1",,
Hettich,Linear Drawer System: AvanTech YOU,AvanTech YOU: NL-500 mm Height-251 mm (40 Kg) Full Extn. Silent,9257887,"Drawer front connector side profile, stabiliser",61,HIGH,HS Code: 39269097,,,,Silver,148.00,INR,HIGH,"Qty: 2, Unit: Pc, PU: 2",,
Hettich,Linear Drawer System: AvanTech YOU,AvanTech YOU: NL-500 mm Height-251 mm (40 Kg) Full Extn. Silent,9257887,"Drawer front connector side profile, stabiliser",61,HIGH,HS Code: 39269097,,,,White,148.00,INR,HIGH,"Qty: 2, Unit: Pc, PU: 2",,
Hettich,Linear Drawer System: AvanTech YOU,AvanTech YOU: NL-500 mm Height-251 mm (40 Kg) Full Extn. Silent,9257887,"Drawer front connector side profile, stabiliser",61,HIGH,HS Code: 39269097,,,,Anthracite,148.00,INR,HIGH,"Qty: 2, Unit: Pc, PU: 2",,
Hettich,Linear Drawer System: AvanTech YOU,AvanTech YOU: NL-500 mm Height-251 mm (40 Kg) Full Extn. Silent,9298394,Complete Set (BOM Total),61,HIGH,BOM total row - no HS Code printed,,,,Silver,15792.00,INR,HIGH,BOM Total (Complete Set),,
Hettich,Linear Drawer System: AvanTech YOU,AvanTech YOU: NL-550 mm Height-251 mm (40 Kg) Full Extn. Silent,9255074,"Drawer Side Profile (Silver), Left",61,HIGH,HS Code: 94039010,,,,Silver,4097.00,INR,HIGH,"Qty: 1, Unit: Pc, PU: 1",,
Hettich,Linear Drawer System: AvanTech YOU,AvanTech YOU: NL-550 mm Height-251 mm (40 Kg) Full Extn. Silent,9255075,"Drawer Side Profile (Silver), Right",61,HIGH,HS Code: 94039010,,,,Silver,4097.00,INR,HIGH,"Qty: 1, Unit: Pc, PU: 1",,
Hettich,Linear Drawer System: AvanTech YOU,AvanTech YOU: NL-550 mm Height-251 mm (40 Kg) Full Extn. Silent,9255810,Design Profile (Silver),61,HIGH,HS Code: 39169090,,,,Silver,292.00,INR,HIGH,"Qty: 2, Unit: Pc, PU: 2",,
Hettich,Linear Drawer System: AvanTech YOU,AvanTech YOU: NL-550 mm Height-251 mm (40 Kg) Full Extn. Silent,9255838,Front Panel Connector for drawer side profile,61,HIGH,HS Code: 83024200,,,,Silver,1586.00,INR,HIGH,"Qty: 2, Unit: Pc, PU: 2",,
Hettich,Linear Drawer System: AvanTech YOU,AvanTech YOU: NL-550 mm Height-251 mm (40 Kg) Full Extn. Silent,9255838,Front Panel Connector for drawer side profile,61,HIGH,HS Code: 83024200,,,,Anthracite,1586.00,INR,HIGH,"Qty: 2, Unit: Pc, PU: 2",,
Hettich,Linear Drawer System: AvanTech YOU,AvanTech YOU: NL-550 mm Height-251 mm (40 Kg) Full Extn. Silent,9257672,"Rear Panel Connector (Silver), Left",61,HIGH,HS Code: 83024200,,,,Silver,707.00,INR,HIGH,"Qty: 1, Unit: Pc, PU: 1",,
Hettich,Linear Drawer System: AvanTech YOU,AvanTech YOU: NL-550 mm Height-251 mm (40 Kg) Full Extn. Silent,9257673,"Rear Panel Connector (Silver), Right",61,HIGH,HS Code: 83024200,,,,Silver,707.00,INR,HIGH,"Qty: 1, Unit: Pc, PU: 1",,
Hettich,Linear Drawer System: AvanTech YOU,AvanTech YOU: NL-550 mm Height-251 mm (40 Kg) Full Extn. Silent,9257702,Rear Panel Stabilizer,61,HIGH,HS Code: 39263000,,,,Silver,42.00,INR,HIGH,"Qty: 3, Unit: Pc, PU: 3",,
Hettich,Linear Drawer System: AvanTech YOU,AvanTech YOU: NL-550 mm Height-251 mm (40 Kg) Full Extn. Silent,9257702,Rear Panel Stabilizer,61,HIGH,HS Code: 39263000,,,,Anthracite,42.00,INR,HIGH,"Qty: 3, Unit: Pc, PU: 3",,
Hettich,Linear Drawer System: AvanTech YOU,AvanTech YOU: NL-550 mm Height-251 mm (40 Kg) Full Extn. Silent,9321561,Front Stabilizer,61,HIGH,HS Code: 39263000,,,,Silver,464.00,INR,HIGH,"Qty: 1, Unit: Pc, PU: 1",,
Hettich,Linear Drawer System: AvanTech YOU,AvanTech YOU: NL-550 mm Height-251 mm (40 Kg) Full Extn. Silent,9321561,Front Stabilizer,61,HIGH,HS Code: 39263000,,,,Anthracite,464.00,INR,HIGH,"Qty: 1, Unit: Pc, PU: 1",,
Hettich,Linear Drawer System: AvanTech YOU,AvanTech YOU: NL-550 mm Height-251 mm (40 Kg) Full Extn. Silent,9318181,"Actro YOU runner Left, 40 kg",61,HIGH,HS Code: 83024200,,,,Silver,1999.00,INR,HIGH,"Qty: 1, Unit: Pc, PU: 1",,
Hettich,Linear Drawer System: AvanTech YOU,AvanTech YOU: NL-550 mm Height-251 mm (40 Kg) Full Extn. Silent,9318181,"Actro YOU runner Left, 40 kg",61,HIGH,HS Code: 83024200,,,,Anthracite,1999.00,INR,HIGH,"Qty: 1, Unit: Pc, PU: 1",,
Hettich,Linear Drawer System: AvanTech YOU,AvanTech YOU: NL-550 mm Height-251 mm (40 Kg) Full Extn. Silent,9318182,"Actro YOU runner Right, 40 kg",61,HIGH,HS Code: 83024200,,,,Silver,1999.00,INR,HIGH,"Qty: 1, Unit: Pc, PU: 1",,
Hettich,Linear Drawer System: AvanTech YOU,AvanTech YOU: NL-550 mm Height-251 mm (40 Kg) Full Extn. Silent,9318182,"Actro YOU runner Right, 40 kg",61,HIGH,HS Code: 83024200,,,,Anthracite,1999.00,INR,HIGH,"Qty: 1, Unit: Pc, PU: 1",,
Hettich,Linear Drawer System: AvanTech YOU,AvanTech YOU: NL-550 mm Height-251 mm (40 Kg) Full Extn. Silent,9257703,Branding clip with Hettich logo (Silver),61,HIGH,HS Code: 39269097,,,,Silver,42.00,INR,HIGH,"Qty: 1, Unit: Pc, PU: 1",,
Hettich,Linear Drawer System: AvanTech YOU,AvanTech YOU: NL-550 mm Height-251 mm (40 Kg) Full Extn. Silent,9257887,"Drawer front connector side profile, stabiliser",61,HIGH,HS Code: 39269097,,,,Silver,148.00,INR,HIGH,"Qty: 2, Unit: Pc, PU: 2",,
Hettich,Linear Drawer System: AvanTech YOU,AvanTech YOU: NL-550 mm Height-251 mm (40 Kg) Full Extn. Silent,9257887,"Drawer front connector side profile, stabiliser",61,HIGH,HS Code: 39269097,,,,Anthracite,148.00,INR,HIGH,"Qty: 2, Unit: Pc, PU: 2",,
Hettich,Linear Drawer System: AvanTech YOU,AvanTech YOU: NL-550 mm Height-251 mm (40 Kg) Full Extn. Silent,9307391,Complete Set (BOM Total),61,HIGH,BOM total row - no HS Code printed,,,,Silver,16180.00,INR,HIGH,BOM Total (Complete Set),,
Hettich,Linear Drawer System: AvanTech YOU,AvanTech YOU: NL-600 mm Height-251 mm (40 Kg) Full Extn. Silent,9255076,"Drawer Side Profile (Silver), Left",62,HIGH,HS Code: 94039010,,,,Silver,4194.00,INR,HIGH,"Qty: 1, Unit: Pc, PU: 1",,
Hettich,Linear Drawer System: AvanTech YOU,AvanTech YOU: NL-600 mm Height-251 mm (40 Kg) Full Extn. Silent,9255077,"Drawer Side Profile (Silver), Right",62,HIGH,HS Code: 94039010,,,,Silver,4194.00,INR,HIGH,"Qty: 1, Unit: Pc, PU: 1",,
Hettich,Linear Drawer System: AvanTech YOU,AvanTech YOU: NL-600 mm Height-251 mm (40 Kg) Full Extn. Silent,9255811,Design Profile (Silver),62,HIGH,HS Code: 39169090,,,,Silver,292.00,INR,HIGH,"Qty: 2, Unit: Pc, PU: 2",,
Hettich,Linear Drawer System: AvanTech YOU,AvanTech YOU: NL-600 mm Height-251 mm (40 Kg) Full Extn. Silent,9255838,Front connector for drawer side profile,62,HIGH,HS Code: 83024200,,,,Silver,1586.00,INR,HIGH,"Qty: 2, Unit: Pc, PU: 2",,
Hettich,Linear Drawer System: AvanTech YOU,AvanTech YOU: NL-600 mm Height-251 mm (40 Kg) Full Extn. Silent,9255838,Front connector for drawer side profile,62,HIGH,HS Code: 83024200,,,,Anthracite,1586.00,INR,HIGH,"Qty: 2, Unit: Pc, PU: 2",,
Hettich,Linear Drawer System: AvanTech YOU,AvanTech YOU: NL-600 mm Height-251 mm (40 Kg) Full Extn. Silent,9257672,"Rear Panel Connector (Silver), Left",62,HIGH,HS Code: 83024200,,,,Silver,707.00,INR,HIGH,"Qty: 1, Unit: Pc, PU: 1",,
Hettich,Linear Drawer System: AvanTech YOU,AvanTech YOU: NL-600 mm Height-251 mm (40 Kg) Full Extn. Silent,9257673,"Rear Panel Connector (Silver), Right",62,HIGH,HS Code: 83024200,,,,Silver,707.00,INR,HIGH,"Qty: 1, Unit: Pc, PU: 1",,
Hettich,Linear Drawer System: AvanTech YOU,AvanTech YOU: NL-600 mm Height-251 mm (40 Kg) Full Extn. Silent,9257702,Rear Panel Stabilizer,62,HIGH,HS Code: 39263000,,,,Silver,42.00,INR,HIGH,"Qty: 3, Unit: Pc, PU: 3",,
Hettich,Linear Drawer System: AvanTech YOU,AvanTech YOU: NL-600 mm Height-251 mm (40 Kg) Full Extn. Silent,9257702,Rear Panel Stabilizer,62,HIGH,HS Code: 39263000,,,,Anthracite,42.00,INR,HIGH,"Qty: 3, Unit: Pc, PU: 3",,
Hettich,Linear Drawer System: AvanTech YOU,AvanTech YOU: NL-600 mm Height-251 mm (40 Kg) Full Extn. Silent,9321561,Front Stabilizer,62,HIGH,HS Code: 39263000,,,,Silver,460.00,INR,HIGH,"Qty: 1, Unit: Pc, PU: 1",,
Hettich,Linear Drawer System: AvanTech YOU,AvanTech YOU: NL-600 mm Height-251 mm (40 Kg) Full Extn. Silent,9321561,Front Stabilizer,62,HIGH,HS Code: 39263000,,,,Anthracite,460.00,INR,HIGH,"Qty: 1, Unit: Pc, PU: 1",,
Hettich,Linear Drawer System: AvanTech YOU,AvanTech YOU: NL-600 mm Height-251 mm (40 Kg) Full Extn. Silent,9318183,"Actro YOU runner Left, 40 kg",62,HIGH,HS Code: 83024200,,,,Silver,2427.00,INR,HIGH,"Qty: 1, Unit: Pc, PU: 1",,
Hettich,Linear Drawer System: AvanTech YOU,AvanTech YOU: NL-600 mm Height-251 mm (40 Kg) Full Extn. Silent,9318183,"Actro YOU runner Left, 40 kg",62,HIGH,HS Code: 83024200,,,,Anthracite,2427.00,INR,HIGH,"Qty: 1, Unit: Pc, PU: 1",,
Hettich,Linear Drawer System: AvanTech YOU,AvanTech YOU: NL-600 mm Height-251 mm (40 Kg) Full Extn. Silent,9318184,"Actro YOU runner Right, 40 kg",62,HIGH,HS Code: 83024200,,,,Silver,2427.00,INR,HIGH,"Qty: 1, Unit: Pc, PU: 1",,
Hettich,Linear Drawer System: AvanTech YOU,AvanTech YOU: NL-600 mm Height-251 mm (40 Kg) Full Extn. Silent,9318184,"Actro YOU runner Right, 40 kg",62,HIGH,HS Code: 83024200,,,,Anthracite,2427.00,INR,HIGH,"Qty: 1, Unit: Pc, PU: 1",,
Hettich,Linear Drawer System: AvanTech YOU,AvanTech YOU: NL-600 mm Height-251 mm (40 Kg) Full Extn. Silent,9257703,Branding clip with Hettich logo (silver),62,HIGH,HS Code: 39269097,,,,Silver,42.00,INR,HIGH,"Qty: 1, Unit: Pc, PU: 1",,
Hettich,Linear Drawer System: AvanTech YOU,AvanTech YOU: NL-600 mm Height-251 mm (40 Kg) Full Extn. Silent,9257887,"Drawer front connector side profile, stabiliser",62,HIGH,HS Code: 39269097,,,,Silver,148.00,INR,HIGH,"Qty: 2, Unit: Pc, PU: 2",,
Hettich,Linear Drawer System: AvanTech YOU,AvanTech YOU: NL-600 mm Height-251 mm (40 Kg) Full Extn. Silent,9257887,"Drawer front connector side profile, stabiliser",62,HIGH,HS Code: 39269097,,,,Anthracite,148.00,INR,HIGH,"Qty: 2, Unit: Pc, PU: 2",,
Hettich,Linear Drawer System: AvanTech YOU,AvanTech YOU: NL-600 mm Height-251 mm (40 Kg) Full Extn. Silent,9308292,Complete Set (BOM Total),62,HIGH,BOM total row - no HS Code printed,,,,Silver,17230.00,INR,HIGH,BOM Total (Complete Set),,
Hettich,Linear Drawer System: AvanTech YOU,AvanTech YOU: NL-450 mm Height-251 mm (70 Kg) Full Extn. Silent,9255070,"Drawer Side Profile (Silver), Left",62,HIGH,HS Code: 94039010,,,,Silver,3964.00,INR,HIGH,"Qty: 1, Unit: Pc, PU: 1",,
Hettich,Linear Drawer System: AvanTech YOU,AvanTech YOU: NL-450 mm Height-251 mm (70 Kg) Full Extn. Silent,9255071,"Drawer Side Profile (Silver), Right",62,HIGH,HS Code: 94039010,,,,Silver,3964.00,INR,HIGH,"Qty: 1, Unit: Pc, PU: 1",,
Hettich,Linear Drawer System: AvanTech YOU,AvanTech YOU: NL-450 mm Height-251 mm (70 Kg) Full Extn. Silent,9255808,Design Profile (Silver),62,HIGH,HS Code: 39169090,,,,Silver,292.00,INR,HIGH,"Qty: 2, Unit: Pc, PU: 2",,
Hettich,Linear Drawer System: AvanTech YOU,AvanTech YOU: NL-450 mm Height-251 mm (70 Kg) Full Extn. Silent,9255838,Front Panel Connector for drawer side profile,62,HIGH,HS Code: 83024200,,,,Silver,1586.00,INR,HIGH,"Qty: 2, Unit: Pc, PU: 2",,
Hettich,Linear Drawer System: AvanTech YOU,AvanTech YOU: NL-450 mm Height-251 mm (70 Kg) Full Extn. Silent,9255838,Front Panel Connector for drawer side profile,62,HIGH,HS Code: 83024200,,,,Anthracite,1586.00,INR,HIGH,"Qty: 2, Unit: Pc, PU: 2",,
Hettich,Linear Drawer System: AvanTech YOU,AvanTech YOU: NL-450 mm Height-251 mm (70 Kg) Full Extn. Silent,9257672,"Rear Panel Connector (Silver), Left",62,HIGH,HS Code: 83024200,,,,Silver,707.00,INR,HIGH,"Qty: 1, Unit: Pc, PU: 1",,
Hettich,Linear Drawer System: AvanTech YOU,AvanTech YOU: NL-450 mm Height-251 mm (70 Kg) Full Extn. Silent,9257673,"Rear Panel Connector (Silver), Right",62,HIGH,HS Code: 83024200,,,,Silver,707.00,INR,HIGH,"Qty: 1, Unit: Pc, PU: 1",,
Hettich,Linear Drawer System: AvanTech YOU,AvanTech YOU: NL-450 mm Height-251 mm (70 Kg) Full Extn. Silent,9257702,Rear Panel Stabilizer,62,HIGH,HS Code: 39263000,,,,Silver,42.00,INR,HIGH,"Qty: 3, Unit: Pc, PU: 3",,
Hettich,Linear Drawer System: AvanTech YOU,AvanTech YOU: NL-450 mm Height-251 mm (70 Kg) Full Extn. Silent,9257702,Rear Panel Stabilizer,62,HIGH,HS Code: 39263000,,,,Anthracite,42.00,INR,HIGH,"Qty: 3, Unit: Pc, PU: 3",,
Hettich,Linear Drawer System: AvanTech YOU,AvanTech YOU: NL-450 mm Height-251 mm (70 Kg) Full Extn. Silent,9321561,Front Stabilizer,62,HIGH,HS Code: 39263000,,,,Silver,464.00,INR,HIGH,"Qty: 1, Unit: Pc, PU: 1",,
Hettich,Linear Drawer System: AvanTech YOU,AvanTech YOU: NL-450 mm Height-251 mm (70 Kg) Full Extn. Silent,9321561,Front Stabilizer,62,HIGH,HS Code: 39263000,,,,Anthracite,464.00,INR,HIGH,"Qty: 1, Unit: Pc, PU: 1",,
Hettich,Linear Drawer System: AvanTech YOU,AvanTech YOU: NL-450 mm Height-251 mm (70 Kg) Full Extn. Silent,9318198,"Actro YOU runner Left, 70 kg",62,HIGH,HS Code: 83024200,,,,Silver,2428.00,INR,HIGH,"Qty: 1, Unit: Pc, PU: 1",,
Hettich,Linear Drawer System: AvanTech YOU,AvanTech YOU: NL-450 mm Height-251 mm (70 Kg) Full Extn. Silent,9318198,"Actro YOU runner Left, 70 kg",62,HIGH,HS Code: 83024200,,,,Anthracite,2428.00,INR,HIGH,"Qty: 1, Unit: Pc, PU: 1",,
Hettich,Linear Drawer System: AvanTech YOU,AvanTech YOU: NL-450 mm Height-251 mm (70 Kg) Full Extn. Silent,9318199,"Actro YOU runner Right, 70 kg",62,HIGH,HS Code: 83024200,,,,Silver,2428.00,INR,HIGH,"Qty: 1, Unit: Pc, PU: 1",,
Hettich,Linear Drawer System: AvanTech YOU,AvanTech YOU: NL-450 mm Height-251 mm (70 Kg) Full Extn. Silent,9318199,"Actro YOU runner Right, 70 kg",62,HIGH,HS Code: 83024200,,,,Anthracite,2428.00,INR,HIGH,"Qty: 1, Unit: Pc, PU: 1",,
Hettich,Linear Drawer System: AvanTech YOU,AvanTech YOU: NL-450 mm Height-251 mm (70 Kg) Full Extn. Silent,9257887,"Drawer front connector side profile, stabiliser",62,HIGH,HS Code: 39269097,,,,Silver,148.00,INR,HIGH,"Qty: 1, Unit: Pc, PU: 1",,
Hettich,Linear Drawer System: AvanTech YOU,AvanTech YOU: NL-450 mm Height-251 mm (70 Kg) Full Extn. Silent,9257887,"Drawer front connector side profile, stabiliser",62,HIGH,HS Code: 39269097,,,,Anthracite,148.00,INR,HIGH,"Qty: 2, Unit: Pc, PU: 2",,
Hettich,Linear Drawer System: AvanTech YOU,AvanTech YOU: NL-450 mm Height-251 mm (70 Kg) Full Extn. Silent,9257703,Branding clip with Hettich logo (Silver),62,HIGH,HS Code: 39269097,,,,Silver,42.00,INR,HIGH,"Qty: 2, Unit: Pc, PU: 2",,
Hettich,Linear Drawer System: AvanTech YOU,AvanTech YOU: NL-450 mm Height-251 mm (70 Kg) Full Extn. Silent,9307365,Complete Set (BOM Total),62,HIGH,BOM total row - no HS Code printed,,,,Silver,16772.00,INR,HIGH,BOM Total (Complete Set),,
Hettich,Linear Drawer System: AvanTech YOU,AvanTech YOU: NL-500 mm Height-251 mm (70 Kg) Full Extn. Silent,9255072,"Drawer Side Profile (Silver), Left",62,HIGH,HS Code: 94039010,,,,Silver,4025.00,INR,HIGH,"Qty: 1, Unit: Pc, PU: 1",,
Hettich,Linear Drawer System: AvanTech YOU,AvanTech YOU: NL-500 mm Height-251 mm (70 Kg) Full Extn. Silent,9255073,"Drawer Side Profile (Silver), Right",62,HIGH,HS Code: 94039010,,,,Silver,4025.00,INR,HIGH,"Qty: 1, Unit: Pc, PU: 1",,
Hettich,Linear Drawer System: AvanTech YOU,AvanTech YOU: NL-500 mm Height-251 mm (70 Kg) Full Extn. Silent,9255809,Design Profile (Silver),62,HIGH,HS Code: 39169090,,,,Silver,292.00,INR,HIGH,"Qty: 2, Unit: Pc, PU: 2",,
Hettich,Linear Drawer System: AvanTech YOU,AvanTech YOU: NL-500 mm Height-251 mm (70 Kg) Full Extn. Silent,9255838,Front Panel Connector for drawer side profile,62,HIGH,HS Code: 83024200,,,,Silver,1586.00,INR,HIGH,"Qty: 2, Unit: Pc, PU: 2",,
Hettich,Linear Drawer System: AvanTech YOU,AvanTech YOU: NL-500 mm Height-251 mm (70 Kg) Full Extn. Silent,9255838,Front Panel Connector for drawer side profile,62,HIGH,HS Code: 83024200,,,,White,1586.00,INR,HIGH,"Qty: 2, Unit: Pc, PU: 2",,
Hettich,Linear Drawer System: AvanTech YOU,AvanTech YOU: NL-500 mm Height-251 mm (70 Kg) Full Extn. Silent,9255838,Front Panel Connector for drawer side profile,62,HIGH,HS Code: 83024200,,,,Anthracite,1586.00,INR,HIGH,"Qty: 2, Unit: Pc, PU: 2",,
Hettich,Linear Drawer System: AvanTech YOU,AvanTech YOU: NL-500 mm Height-251 mm (70 Kg) Full Extn. Silent,9257672,"Rear Panel Connector (Silver), Left",62,HIGH,HS Code: 83024200,,,,Silver,707.00,INR,HIGH,"Qty: 1, Unit: Pc, PU: 1",,
Hettich,Linear Drawer System: AvanTech YOU,AvanTech YOU: NL-500 mm Height-251 mm (70 Kg) Full Extn. Silent,9257673,"Rear Panel Connector (Silver), Right",62,HIGH,HS Code: 83024200,,,,Silver,707.00,INR,HIGH,"Qty: 1, Unit: Pc, PU: 1",,
Hettich,Linear Drawer System: AvanTech YOU,AvanTech YOU: NL-500 mm Height-251 mm (70 Kg) Full Extn. Silent,9257702,Rear Panel Stabilizer,62,HIGH,HS Code: 39263000,,,,Silver,42.00,INR,HIGH,"Qty: 3, Unit: Pc, PU: 3",,
Hettich,Linear Drawer System: AvanTech YOU,AvanTech YOU: NL-500 mm Height-251 mm (70 Kg) Full Extn. Silent,9257702,Rear Panel Stabilizer,62,HIGH,HS Code: 39263000,,,,White,42.00,INR,HIGH,"Qty: 3, Unit: Pc, PU: 3",,
Hettich,Linear Drawer System: AvanTech YOU,AvanTech YOU: NL-500 mm Height-251 mm (70 Kg) Full Extn. Silent,9257702,Rear Panel Stabilizer,62,HIGH,HS Code: 39263000,,,,Anthracite,42.00,INR,HIGH,"Qty: 3, Unit: Pc, PU: 3",,
Hettich,Linear Drawer System: AvanTech YOU,AvanTech YOU: NL-500 mm Height-251 mm (70 Kg) Full Extn. Silent,9321561,Front Stabilizer,62,HIGH,HS Code: 39263000,,,,Silver,464.00,INR,HIGH,"Qty: 1, Unit: Pc, PU: 1",,
Hettich,Linear Drawer System: AvanTech YOU,AvanTech YOU: NL-500 mm Height-251 mm (70 Kg) Full Extn. Silent,9321561,Front Stabilizer,62,HIGH,HS Code: 39263000,,,,White,464.00,INR,HIGH,"Qty: 1, Unit: Pc, PU: 1",,
Hettich,Linear Drawer System: AvanTech YOU,AvanTech YOU: NL-500 mm Height-251 mm (70 Kg) Full Extn. Silent,9321561,Front Stabilizer,62,HIGH,HS Code: 39263000,,,,Anthracite,464.00,INR,HIGH,"Qty: 1, Unit: Pc, PU: 1",,
Hettich,Linear Drawer System: AvanTech YOU,AvanTech YOU: NL-500 mm Height-251 mm (70 Kg) Full Extn. Silent,9318201,"Actro YOU runner Left, 70 kg",62,HIGH,HS Code: 83024200,,,,Silver,2458.00,INR,HIGH,"Qty: 1, Unit: Pc, PU: 1",,
Hettich,Linear Drawer System: AvanTech YOU,AvanTech YOU: NL-500 mm Height-251 mm (70 Kg) Full Extn. Silent,9318201,"Actro YOU runner Left, 70 kg",62,HIGH,HS Code: 83024200,,,,White,2458.00,INR,HIGH,"Qty: 1, Unit: Pc, PU: 1",,
Hettich,Linear Drawer System: AvanTech YOU,AvanTech YOU: NL-500 mm Height-251 mm (70 Kg) Full Extn. Silent,9318201,"Actro YOU runner Left, 70 kg",62,HIGH,HS Code: 83024200,,,,Anthracite,2458.00,INR,HIGH,"Qty: 1, Unit: Pc, PU: 1",,
Hettich,Linear Drawer System: AvanTech YOU,AvanTech YOU: NL-500 mm Height-251 mm (70 Kg) Full Extn. Silent,9318203,"Actro YOU runner Right, 70 kg",62,HIGH,HS Code: 83024200,,,,Silver,2458.00,INR,HIGH,"Qty: 1, Unit: Pc, PU: 1",,
Hettich,Linear Drawer System: AvanTech YOU,AvanTech YOU: NL-500 mm Height-251 mm (70 Kg) Full Extn. Silent,9318203,"Actro YOU runner Right, 70 kg",62,HIGH,HS Code: 83024200,,,,White,2458.00,INR,HIGH,"Qty: 1, Unit: Pc, PU: 1",,
Hettich,Linear Drawer System: AvanTech YOU,AvanTech YOU: NL-500 mm Height-251 mm (70 Kg) Full Extn. Silent,9318203,"Actro YOU runner Right, 70 kg",62,HIGH,HS Code: 83024200,,,,Anthracite,2458.00,INR,HIGH,"Qty: 1, Unit: Pc, PU: 1",,
Hettich,Linear Drawer System: AvanTech YOU,AvanTech YOU: NL-500 mm Height-251 mm (70 Kg) Full Extn. Silent,9257703,Branding clip with Hettich logo (Silver),62,HIGH,HS Code: 39269097,,,,Silver,42.00,INR,HIGH,"Qty: 1, Unit: Pc, PU: 1",,
Hettich,Linear Drawer System: AvanTech YOU,AvanTech YOU: NL-500 mm Height-251 mm (70 Kg) Full Extn. Silent,9257887,"Drawer front connector side profile, stabiliser",62,HIGH,HS Code: 39269097,,,,Silver,148.00,INR,HIGH,"Qty: 2, Unit: Pc, PU: 2",,
Hettich,Linear Drawer System: AvanTech YOU,AvanTech YOU: NL-500 mm Height-251 mm (70 Kg) Full Extn. Silent,9257887,"Drawer front connector side profile, stabiliser",62,HIGH,HS Code: 39269097,,,,White,148.00,INR,HIGH,"Qty: 2, Unit: Pc, PU: 2",,
Hettich,Linear Drawer System: AvanTech YOU,AvanTech YOU: NL-500 mm Height-251 mm (70 Kg) Full Extn. Silent,9257887,"Drawer front connector side profile, stabiliser",62,HIGH,HS Code: 39269097,,,,Anthracite,148.00,INR,HIGH,"Qty: 2, Unit: Pc, PU: 2",,
Hettich,Linear Drawer System: AvanTech YOU,AvanTech YOU: NL-500 mm Height-251 mm (70 Kg) Full Extn. Silent,9298398,Complete Set (BOM Total),62,HIGH,BOM total row - no HS Code printed,,,,Silver,16954.00,INR,HIGH,BOM Total (Complete Set),,
Hettich,Linear Drawer System: AvanTech YOU,AvanTech YOU: NL-550 mm Height-251 mm (70 Kg) Full Extn. Silent,9255074,"Drawer Side Profile (Silver), Left",63,HIGH,HS Code: 94039010,,,,Silver,4097.00,INR,HIGH,"Qty: 1, Unit: Pc, PU: 1",,
Hettich,Linear Drawer System: AvanTech YOU,AvanTech YOU: NL-550 mm Height-251 mm (70 Kg) Full Extn. Silent,9255075,"Drawer Side Profile (Silver), Right",63,HIGH,HS Code: 94039010,,,,Silver,4097.00,INR,HIGH,"Qty: 1, Unit: Pc, PU: 1",,
Hettich,Linear Drawer System: AvanTech YOU,AvanTech YOU: NL-550 mm Height-251 mm (70 Kg) Full Extn. Silent,9255810,Design Profile (Silver),63,HIGH,HS Code: 39169090,,,,Silver,292.00,INR,HIGH,"Qty: 2, Unit: Pc, PU: 2",,
Hettich,Linear Drawer System: AvanTech YOU,AvanTech YOU: NL-550 mm Height-251 mm (70 Kg) Full Extn. Silent,9255838,Front Panel Connector for drawer side profile,63,HIGH,HS Code: 83024200,,,,Silver,1586.00,INR,HIGH,"Qty: 2, Unit: Pc, PU: 2",,
Hettich,Linear Drawer System: AvanTech YOU,AvanTech YOU: NL-550 mm Height-251 mm (70 Kg) Full Extn. Silent,9255838,Front Panel Connector for drawer side profile,63,HIGH,HS Code: 83024200,,,,Anthracite,1586.00,INR,HIGH,"Qty: 2, Unit: Pc, PU: 2",,
Hettich,Linear Drawer System: AvanTech YOU,AvanTech YOU: NL-550 mm Height-251 mm (70 Kg) Full Extn. Silent,9257672,"Rear Panel Connector (Silver), Left",63,HIGH,HS Code: 83024200,,,,Silver,707.00,INR,HIGH,"Qty: 1, Unit: Pc, PU: 1",,
Hettich,Linear Drawer System: AvanTech YOU,AvanTech YOU: NL-550 mm Height-251 mm (70 Kg) Full Extn. Silent,9257673,"Rear Panel Connector (Silver), Right",63,HIGH,HS Code: 83024200,,,,Silver,707.00,INR,HIGH,"Qty: 1, Unit: Pc, PU: 1",,
Hettich,Linear Drawer System: AvanTech YOU,AvanTech YOU: NL-550 mm Height-251 mm (70 Kg) Full Extn. Silent,9257702,Rear Panel Stabilizer,63,HIGH,HS Code: 39263000,,,,Silver,42.00,INR,HIGH,"Qty: 3, Unit: Pc, PU: 3",,
Hettich,Linear Drawer System: AvanTech YOU,AvanTech YOU: NL-550 mm Height-251 mm (70 Kg) Full Extn. Silent,9257702,Rear Panel Stabilizer,63,HIGH,HS Code: 39263000,,,,Anthracite,42.00,INR,HIGH,"Qty: 3, Unit: Pc, PU: 3",,
Hettich,Linear Drawer System: AvanTech YOU,AvanTech YOU: NL-550 mm Height-251 mm (70 Kg) Full Extn. Silent,9321561,Front Stabilizer,63,HIGH,HS Code: 39263000,,,,Silver,464.00,INR,HIGH,"Qty: 1, Unit: Pc, PU: 1",,
Hettich,Linear Drawer System: AvanTech YOU,AvanTech YOU: NL-550 mm Height-251 mm (70 Kg) Full Extn. Silent,9321561,Front Stabilizer,63,HIGH,HS Code: 39263000,,,,Anthracite,464.00,INR,HIGH,"Qty: 1, Unit: Pc, PU: 1",,
Hettich,Linear Drawer System: AvanTech YOU,AvanTech YOU: NL-550 mm Height-251 mm (70 Kg) Full Extn. Silent,9318208,"Actro YOU runner Left, 70 kg",63,HIGH,HS Code: 83024200,,,,Silver,2584.00,INR,HIGH,"Qty: 1, Unit: Pc, PU: 1",,
Hettich,Linear Drawer System: AvanTech YOU,AvanTech YOU: NL-550 mm Height-251 mm (70 Kg) Full Extn. Silent,9318208,"Actro YOU runner Left, 70 kg",63,HIGH,HS Code: 83024200,,,,Anthracite,2584.00,INR,HIGH,"Qty: 1, Unit: Pc, PU: 1",,
Hettich,Linear Drawer System: AvanTech YOU,AvanTech YOU: NL-550 mm Height-251 mm (70 Kg) Full Extn. Silent,9318209,"Actro YOU runner Right, 70 kg",63,HIGH,HS Code: 83024200,,,,Silver,2584.00,INR,HIGH,"Qty: 1, Unit: Pc, PU: 1",,
Hettich,Linear Drawer System: AvanTech YOU,AvanTech YOU: NL-550 mm Height-251 mm (70 Kg) Full Extn. Silent,9318209,"Actro YOU runner Right, 70 kg",63,HIGH,HS Code: 83024200,,,,Anthracite,2584.00,INR,HIGH,"Qty: 1, Unit: Pc, PU: 1",,
Hettich,Linear Drawer System: AvanTech YOU,AvanTech YOU: NL-550 mm Height-251 mm (70 Kg) Full Extn. Silent,9257703,Branding clip with Hettich logo (Silver),63,HIGH,HS Code: 39269097,,,,Silver,42.00,INR,HIGH,"Qty: 1, Unit: Pc, PU: 1",,
Hettich,Linear Drawer System: AvanTech YOU,AvanTech YOU: NL-550 mm Height-251 mm (70 Kg) Full Extn. Silent,9257887,"Drawer front connector side profile, stabiliser",63,HIGH,HS Code: 39269097,,,,Silver,148.00,INR,HIGH,"Qty: 2, Unit: Pc, PU: 2",,
Hettich,Linear Drawer System: AvanTech YOU,AvanTech YOU: NL-550 mm Height-251 mm (70 Kg) Full Extn. Silent,9257887,"Drawer front connector side profile, stabiliser",63,HIGH,HS Code: 39269097,,,,Anthracite,148.00,INR,HIGH,"Qty: 2, Unit: Pc, PU: 2",,
Hettich,Linear Drawer System: AvanTech YOU,AvanTech YOU: NL-550 mm Height-251 mm (70 Kg) Full Extn. Silent,9307394,Complete Set (BOM Total),63,HIGH,BOM total row - no HS Code printed,,,,Silver,17350.00,INR,HIGH,BOM Total (Complete Set),,
Hettich,Linear Drawer System: AvanTech YOU,AvanTech YOU: NL-600 mm Height-251 mm (70 Kg) Full Extn. Silent,9255076,"Drawer Side Profile (Silver), Left",63,HIGH,HS Code: 94039010,,,,Silver,4194.00,INR,HIGH,"Qty: 1, Unit: Pc, PU: 1",,
Hettich,Linear Drawer System: AvanTech YOU,AvanTech YOU: NL-600 mm Height-251 mm (70 Kg) Full Extn. Silent,9255077,"Drawer Side Profile (Silver), Right",63,HIGH,HS Code: 94039010,,,,Silver,4194.00,INR,HIGH,"Qty: 1, Unit: Pc, PU: 1",,
Hettich,Linear Drawer System: AvanTech YOU,AvanTech YOU: NL-600 mm Height-251 mm (70 Kg) Full Extn. Silent,9255811,Design Profile (Silver),63,HIGH,HS Code: 39169090,,,,Silver,292.00,INR,HIGH,"Qty: 2, Unit: Pc, PU: 2",,
Hettich,Linear Drawer System: AvanTech YOU,AvanTech YOU: NL-600 mm Height-251 mm (70 Kg) Full Extn. Silent,9255838,Front connector for drawer side profile,63,HIGH,HS Code: 83024200,,,,Silver,1586.00,INR,HIGH,"Qty: 2, Unit: Pc, PU: 2",,
Hettich,Linear Drawer System: AvanTech YOU,AvanTech YOU: NL-600 mm Height-251 mm (70 Kg) Full Extn. Silent,9255838,Front connector for drawer side profile,63,HIGH,HS Code: 83024200,,,,Anthracite,1586.00,INR,HIGH,"Qty: 2, Unit: Pc, PU: 2",,
Hettich,Linear Drawer System: AvanTech YOU,AvanTech YOU: NL-600 mm Height-251 mm (70 Kg) Full Extn. Silent,9257672,"Rear Panel Connector (Silver), Left",63,HIGH,HS Code: 83024200,,,,Silver,707.00,INR,HIGH,"Qty: 1, Unit: Pc, PU: 1",,
Hettich,Linear Drawer System: AvanTech YOU,AvanTech YOU: NL-600 mm Height-251 mm (70 Kg) Full Extn. Silent,9257673,"Rear Panel Connector (Silver), Right",63,HIGH,HS Code: 83024200,,,,Silver,707.00,INR,HIGH,"Qty: 1, Unit: Pc, PU: 1",,
Hettich,Linear Drawer System: AvanTech YOU,AvanTech YOU: NL-600 mm Height-251 mm (70 Kg) Full Extn. Silent,9257702,Rear Panel Stabilizer,63,HIGH,HS Code: 39263000,,,,Silver,42.00,INR,HIGH,"Qty: 3, Unit: Pc, PU: 3",,
Hettich,Linear Drawer System: AvanTech YOU,AvanTech YOU: NL-600 mm Height-251 mm (70 Kg) Full Extn. Silent,9257702,Rear Panel Stabilizer,63,HIGH,HS Code: 39263000,,,,Anthracite,42.00,INR,HIGH,"Qty: 3, Unit: Pc, PU: 3",,
Hettich,Linear Drawer System: AvanTech YOU,AvanTech YOU: NL-600 mm Height-251 mm (70 Kg) Full Extn. Silent,9321561,Front Stabilizer,63,HIGH,HS Code: 39263000,,,,Silver,460.00,INR,HIGH,"Qty: 1, Unit: Pc, PU: 1",,
Hettich,Linear Drawer System: AvanTech YOU,AvanTech YOU: NL-600 mm Height-251 mm (70 Kg) Full Extn. Silent,9321561,Front Stabilizer,63,HIGH,HS Code: 39263000,,,,Anthracite,460.00,INR,HIGH,"Qty: 1, Unit: Pc, PU: 1",,
Hettich,Linear Drawer System: AvanTech YOU,AvanTech YOU: NL-600 mm Height-251 mm (70 Kg) Full Extn. Silent,9318211,"Actro YOU runner Left, 70 kg",63,HIGH,HS Code: 83024200,,,,Silver,2841.00,INR,HIGH,"Qty: 1, Unit: Pc, PU: 1",,
Hettich,Linear Drawer System: AvanTech YOU,AvanTech YOU: NL-600 mm Height-251 mm (70 Kg) Full Extn. Silent,9318211,"Actro YOU runner Left, 70 kg",63,HIGH,HS Code: 83024200,,,,Anthracite,2841.00,INR,HIGH,"Qty: 1, Unit: Pc, PU: 1",,
Hettich,Linear Drawer System: AvanTech YOU,AvanTech YOU: NL-600 mm Height-251 mm (70 Kg) Full Extn. Silent,9318212,"Actro YOU runner Right, 70 kg",63,HIGH,HS Code: 83024200,,,,Silver,2841.00,INR,HIGH,"Qty: 1, Unit: Pc, PU: 1",,
Hettich,Linear Drawer System: AvanTech YOU,AvanTech YOU: NL-600 mm Height-251 mm (70 Kg) Full Extn. Silent,9318212,"Actro YOU runner Right, 70 kg",63,HIGH,HS Code: 83024200,,,,Anthracite,2841.00,INR,HIGH,"Qty: 1, Unit: Pc, PU: 1",,
Hettich,Linear Drawer System: AvanTech YOU,AvanTech YOU: NL-600 mm Height-251 mm (70 Kg) Full Extn. Silent,9257703,Branding clip with Hettich logo (silver),63,HIGH,HS Code: 39269097,,,,Silver,42.00,INR,HIGH,"Qty: 1, Unit: Pc, PU: 1",,
Hettich,Linear Drawer System: AvanTech YOU,AvanTech YOU: NL-600 mm Height-251 mm (70 Kg) Full Extn. Silent,9257887,"Drawer front connector side profile, stabiliser",63,HIGH,HS Code: 39269097,,,,Silver,148.00,INR,HIGH,"Qty: 2, Unit: Pc, PU: 2",,
Hettich,Linear Drawer System: AvanTech YOU,AvanTech YOU: NL-600 mm Height-251 mm (70 Kg) Full Extn. Silent,9257887,"Drawer front connector side profile, stabiliser",63,HIGH,HS Code: 39269097,,,,Anthracite,148.00,INR,HIGH,"Qty: 2, Unit: Pc, PU: 2",,
Hettich,Linear Drawer System: AvanTech YOU,AvanTech YOU: NL-600 mm Height-251 mm (70 Kg) Full Extn. Silent,9308295,Complete Set (BOM Total),63,HIGH,BOM total row - no HS Code printed,,,,Silver,18058.00,INR,HIGH,BOM Total (Complete Set),,
Hettich,Linear Drawer System: AvanTech YOU,AvanTech YOU Inlay - 400 mm (40 Kg) Full Extn. Silent,9257133,"Inlay Drawer Side Profile, Left",64,HIGH,HS Code: 94039910,,,,Silver,2427.00,INR,HIGH,"Qty: 1, Unit: Pc, PU: 1",,
Hettich,Linear Drawer System: AvanTech YOU,AvanTech YOU Inlay - 400 mm (40 Kg) Full Extn. Silent,9257134,"Inlay Drawer Side Profile, Right",64,HIGH,HS Code: 94039910,,,,Silver,2427.00,INR,HIGH,"Qty: 1, Unit: Pc, PU: 1",,
Hettich,Linear Drawer System: AvanTech YOU,AvanTech YOU Inlay - 400 mm (40 Kg) Full Extn. Silent,9257257,Drawer front connector for inlay drawer side profile,64,HIGH,HS Code: 83024200,,,,Silver,886.00,INR,HIGH,"Qty: 2, Unit: Pc, PU: 2",,
Hettich,Linear Drawer System: AvanTech YOU,AvanTech YOU Inlay - 400 mm (40 Kg) Full Extn. Silent,9257257,Drawer front connector for inlay drawer side profile,64,HIGH,HS Code: 83024200,,,,Anthracite,886.00,INR,HIGH,"Qty: 2, Unit: Pc, PU: 2",,
Hettich,Linear Drawer System: AvanTech YOU,AvanTech YOU Inlay - 400 mm (40 Kg) Full Extn. Silent,9268677,Adapter for Inlay drawer side profile,64,HIGH,HS Code: 39169090,,,,Silver,772.00,INR,HIGH,"Qty: 4, Unit: Pc, PU: 4",,
Hettich,Linear Drawer System: AvanTech YOU,AvanTech YOU Inlay - 400 mm (40 Kg) Full Extn. Silent,9268677,Adapter for Inlay drawer side profile,64,HIGH,HS Code: 39169090,,,,Anthracite,772.00,INR,HIGH,"Qty: 4, Unit: Pc, PU: 4",,
Hettich,Linear Drawer System: AvanTech YOU,AvanTech YOU Inlay - 400 mm (40 Kg) Full Extn. Silent,9257670,"Rear Panel Connector (Silver), Left",64,HIGH,HS Code: 83024200,,,,Silver,477.00,INR,HIGH,"Qty: 1, Unit: Pc, PU: 1",,
Hettich,Linear Drawer System: AvanTech YOU,AvanTech YOU Inlay - 400 mm (40 Kg) Full Extn. Silent,9257671,"Rear Panel Connector (Silver), Right",64,HIGH,HS Code: 83024200,,,,Silver,477.00,INR,HIGH,"Qty: 1, Unit: Pc, PU: 1",,
Hettich,Linear Drawer System: AvanTech YOU,AvanTech YOU Inlay - 400 mm (40 Kg) Full Extn. Silent,9257702,Rear Panel Stabilizer,64,HIGH,HS Code: 39263090,,,,Silver,42.00,INR,HIGH,"Qty: 3, Unit: Pc, PU: 3",,
Hettich,Linear Drawer System: AvanTech YOU,AvanTech YOU Inlay - 400 mm (40 Kg) Full Extn. Silent,9257702,Rear Panel Stabilizer,64,HIGH,HS Code: 39263090,,,,Anthracite,42.00,INR,HIGH,"Qty: 3, Unit: Pc, PU: 3",,
Hettich,Linear Drawer System: AvanTech YOU,AvanTech YOU Inlay - 400 mm (40 Kg) Full Extn. Silent,9321561,Front Stabilizer,64,HIGH,HS Code: 39263090,,,,Silver,464.00,INR,HIGH,"Qty: 1, Unit: Pc, PU: 1",,
Hettich,Linear Drawer System: AvanTech YOU,AvanTech YOU Inlay - 400 mm (40 Kg) Full Extn. Silent,9321561,Front Stabilizer,64,HIGH,HS Code: 39263090,,,,Anthracite,464.00,INR,HIGH,"Qty: 1, Unit: Pc, PU: 1",,
Hettich,Linear Drawer System: AvanTech YOU,AvanTech YOU Inlay - 400 mm (40 Kg) Full Extn. Silent,9318175,"Actro YOU Drawer runner-40kg, Left",64,HIGH,HS Code: 83024200,,,,Silver,1818.00,INR,HIGH,"Qty: 1, Unit: Pc, PU: 1",,
Hettich,Linear Drawer System: AvanTech YOU,AvanTech YOU Inlay - 400 mm (40 Kg) Full Extn. Silent,9318175,"Actro YOU Drawer runner-40kg, Left",64,HIGH,HS Code: 83024200,,,,Anthracite,1818.00,INR,HIGH,"Qty: 1, Unit: Pc, PU: 1",,
Hettich,Linear Drawer System: AvanTech YOU,AvanTech YOU Inlay - 400 mm (40 Kg) Full Extn. Silent,9318176,"Actro YOU Drawer runner-40kg, Right",64,HIGH,HS Code: 83024200,,,,Silver,1818.00,INR,HIGH,"Qty: 1, Unit: Pc, PU: 1",,
Hettich,Linear Drawer System: AvanTech YOU,AvanTech YOU Inlay - 400 mm (40 Kg) Full Extn. Silent,9318176,"Actro YOU Drawer runner-40kg, Right",64,HIGH,HS Code: 83024200,,,,Anthracite,1818.00,INR,HIGH,"Qty: 1, Unit: Pc, PU: 1",,
Hettich,Linear Drawer System: AvanTech YOU,AvanTech YOU Inlay - 400 mm (40 Kg) Full Extn. Silent,9257703,Branding clip with Hettich logo (Silver),64,HIGH,HS Code: 39269099,,,,Silver,42.00,INR,HIGH,"Qty: 1, Unit: Pc, PU: 1",,
Hettich,Linear Drawer System: AvanTech YOU,AvanTech YOU Inlay - 400 mm (40 Kg) Full Extn. Silent,9323660,Complete Set (BOM Total),64,HIGH,BOM total row - no HS Code printed,,,,Silver,11650.00,INR,HIGH,BOM Total (Complete Set),,
Hettich,Linear Drawer System: AvanTech YOU,AvanTech YOU Inlay - 450 mm (40 Kg) Full Extn. Silent,9257135,"Inlay Drawer Side Profile, Left",64,HIGH,HS Code: 94039910,,,,Silver,2565.00,INR,HIGH,"Qty: 1, Unit: Pc, PU: 1",,
Hettich,Linear Drawer System: AvanTech YOU,AvanTech YOU Inlay - 450 mm (40 Kg) Full Extn. Silent,9257136,"Inlay Drawer Side Profile, Right",64,HIGH,HS Code: 94039910,,,,Silver,2565.00,INR,HIGH,"Qty: 1, Unit: Pc, PU: 1",,
Hettich,Linear Drawer System: AvanTech YOU,AvanTech YOU Inlay - 450 mm (40 Kg) Full Extn. Silent,9257257,Drawer front connector for Inlay drawer side profile,64,HIGH,HS Code: 83024200,,,,Silver,886.00,INR,HIGH,"Qty: 2, Unit: Pc, PU: 2",,
Hettich,Linear Drawer System: AvanTech YOU,AvanTech YOU Inlay - 450 mm (40 Kg) Full Extn. Silent,9257257,Drawer front connector for Inlay drawer side profile,64,HIGH,HS Code: 83024200,,,,Anthracite,886.00,INR,HIGH,"Qty: 2, Unit: Pc, PU: 2",,
Hettich,Linear Drawer System: AvanTech YOU,AvanTech YOU Inlay - 450 mm (40 Kg) Full Extn. Silent,9268677,Adapter for Inlay drawer side profile,64,HIGH,HS Code: 39169090,,,,Silver,772.00,INR,HIGH,"Qty: 4, Unit: Pc, PU: 4",,
Hettich,Linear Drawer System: AvanTech YOU,AvanTech YOU Inlay - 450 mm (40 Kg) Full Extn. Silent,9268677,Adapter for Inlay drawer side profile,64,HIGH,HS Code: 39169090,,,,Anthracite,772.00,INR,HIGH,"Qty: 4, Unit: Pc, PU: 4",,
Hettich,Linear Drawer System: AvanTech YOU,AvanTech YOU Inlay - 450 mm (40 Kg) Full Extn. Silent,9257670,"Rear Panel Connector (Silver), Left",64,HIGH,HS Code: 83024200,,,,Silver,477.00,INR,HIGH,"Qty: 1, Unit: Pc, PU: 1",,
Hettich,Linear Drawer System: AvanTech YOU,AvanTech YOU Inlay - 450 mm (40 Kg) Full Extn. Silent,9257671,"Rear Panel Connector (Silver), Right",64,HIGH,HS Code: 83024200,,,,Silver,477.00,INR,HIGH,"Qty: 1, Unit: Pc, PU: 1",,
Hettich,Linear Drawer System: AvanTech YOU,AvanTech YOU Inlay - 450 mm (40 Kg) Full Extn. Silent,9257702,Rear Panel Stabilizer,64,HIGH,HS Code: 39263090,,,,Silver,42.00,INR,HIGH,"Qty: 3, Unit: Pc, PU: 3",,
Hettich,Linear Drawer System: AvanTech YOU,AvanTech YOU Inlay - 450 mm (40 Kg) Full Extn. Silent,9257702,Rear Panel Stabilizer,64,HIGH,HS Code: 39263090,,,,Anthracite,42.00,INR,HIGH,"Qty: 3, Unit: Pc, PU: 3",,
Hettich,Linear Drawer System: AvanTech YOU,AvanTech YOU Inlay - 450 mm (40 Kg) Full Extn. Silent,9321561,Front Stabilizer,64,HIGH,HS Code: 39263090,,,,Silver,464.00,INR,HIGH,"Qty: 1, Unit: Pc, PU: 1",,
Hettich,Linear Drawer System: AvanTech YOU,AvanTech YOU Inlay - 450 mm (40 Kg) Full Extn. Silent,9321561,Front Stabilizer,64,HIGH,HS Code: 39263090,,,,Anthracite,464.00,INR,HIGH,"Qty: 1, Unit: Pc, PU: 1",,
Hettich,Linear Drawer System: AvanTech YOU,AvanTech YOU Inlay - 450 mm (40 Kg) Full Extn. Silent,9318177,"Actro YOU Drawer runner-40kg, Left",64,HIGH,HS Code: 83024200,,,,Silver,1855.00,INR,HIGH,"Qty: 1, Unit: Pc, PU: 1",,
Hettich,Linear Drawer System: AvanTech YOU,AvanTech YOU Inlay - 450 mm (40 Kg) Full Extn. Silent,9318177,"Actro YOU Drawer runner-40kg, Left",64,HIGH,HS Code: 83024200,,,,Anthracite,1855.00,INR,HIGH,"Qty: 1, Unit: Pc, PU: 1",,
Hettich,Linear Drawer System: AvanTech YOU,AvanTech YOU Inlay - 450 mm (40 Kg) Full Extn. Silent,9318178,"Actro YOU Drawer runner-40kg, Right",64,HIGH,HS Code: 83024200,,,,Silver,1855.00,INR,HIGH,"Qty: 1, Unit: Pc, PU: 1",,
Hettich,Linear Drawer System: AvanTech YOU,AvanTech YOU Inlay - 450 mm (40 Kg) Full Extn. Silent,9318178,"Actro YOU Drawer runner-40kg, Right",64,HIGH,HS Code: 83024200,,,,Anthracite,1855.00,INR,HIGH,"Qty: 1, Unit: Pc, PU: 1",,
Hettich,Linear Drawer System: AvanTech YOU,AvanTech YOU Inlay - 450 mm (40 Kg) Full Extn. Silent,9257703,Branding clip with Hettich logo (Silver),64,HIGH,HS Code: 39269099,,,,Silver,42.00,INR,HIGH,"Qty: 1, Unit: Pc, PU: 1",,
Hettich,Linear Drawer System: AvanTech YOU,AvanTech YOU Inlay - 450 mm (40 Kg) Full Extn. Silent,9417251,Complete Set (BOM Total),64,HIGH,BOM total row - no HS Code printed,,,,Silver,12000.00,INR,HIGH,BOM Total (Complete Set),,
Hettich,Linear Drawer System: AvanTech YOU,AvanTech YOU Inlay - 500 mm (40 Kg) Full Extn. Silent,9257137,"Inlay Drawer Side Profile, Left",64,HIGH,HS Code: 94039910,,,,Silver,2618.00,INR,HIGH,"Qty: 1, Unit: Pc, PU: 1",,
Hettich,Linear Drawer System: AvanTech YOU,AvanTech YOU Inlay - 500 mm (40 Kg) Full Extn. Silent,9257138,"Inlay Drawer Side Profile, Right",64,HIGH,HS Code: 94039910,,,,Silver,2618.00,INR,HIGH,"Qty: 1, Unit: Pc, PU: 1",,
Hettich,Linear Drawer System: AvanTech YOU,AvanTech YOU Inlay - 500 mm (40 Kg) Full Extn. Silent,9257257,Drawer front connector for Inlay drawer side profile,64,HIGH,HS Code: 83024200,,,,Silver,886.00,INR,HIGH,"Qty: 2, Unit: Pc, PU: 2",,
Hettich,Linear Drawer System: AvanTech YOU,AvanTech YOU Inlay - 500 mm (40 Kg) Full Extn. Silent,9257257,Drawer front connector for Inlay drawer side profile,64,HIGH,HS Code: 83024200,,,,White,886.00,INR,HIGH,"Qty: 2, Unit: Pc, PU: 2",,
Hettich,Linear Drawer System: AvanTech YOU,AvanTech YOU Inlay - 500 mm (40 Kg) Full Extn. Silent,9257257,Drawer front connector for Inlay drawer side profile,64,HIGH,HS Code: 83024200,,,,Anthracite,886.00,INR,HIGH,"Qty: 2, Unit: Pc, PU: 2",,
Hettich,Linear Drawer System: AvanTech YOU,AvanTech YOU Inlay - 500 mm (40 Kg) Full Extn. Silent,9268677,Adapter for Inlay drawer side profile,64,HIGH,HS Code: 39169090,,,,Silver,772.00,INR,HIGH,"Qty: 4, Unit: Pc, PU: 4",,
Hettich,Linear Drawer System: AvanTech YOU,AvanTech YOU Inlay - 500 mm (40 Kg) Full Extn. Silent,9268677,Adapter for Inlay drawer side profile,64,HIGH,HS Code: 39169090,,,,White,772.00,INR,HIGH,"Qty: 4, Unit: Pc, PU: 4",,
Hettich,Linear Drawer System: AvanTech YOU,AvanTech YOU Inlay - 500 mm (40 Kg) Full Extn. Silent,9268677,Adapter for Inlay drawer side profile,64,HIGH,HS Code: 39169090,,,,Anthracite,772.00,INR,HIGH,"Qty: 4, Unit: Pc, PU: 4",,
Hettich,Linear Drawer System: AvanTech YOU,AvanTech YOU Inlay - 500 mm (40 Kg) Full Extn. Silent,9257670,"Rear Panel Connector (Silver), Left",64,HIGH,HS Code: 83024200,,,,Silver,477.00,INR,HIGH,"Qty: 1, Unit: Pc, PU: 1",,
Hettich,Linear Drawer System: AvanTech YOU,AvanTech YOU Inlay - 500 mm (40 Kg) Full Extn. Silent,9257671,"Rear Panel Connector (Silver), Right",64,HIGH,HS Code: 83024200,,,,Silver,477.00,INR,HIGH,"Qty: 1, Unit: Pc, PU: 1",,
Hettich,Linear Drawer System: AvanTech YOU,AvanTech YOU Inlay - 500 mm (40 Kg) Full Extn. Silent,9257702,Rear Panel Stabilizer,64,HIGH,HS Code: 39263090,,,,Silver,42.00,INR,HIGH,"Qty: 3, Unit: Pc, PU: 3",,
Hettich,Linear Drawer System: AvanTech YOU,AvanTech YOU Inlay - 500 mm (40 Kg) Full Extn. Silent,9257702,Rear Panel Stabilizer,64,HIGH,HS Code: 39263090,,,,White,42.00,INR,HIGH,"Qty: 3, Unit: Pc, PU: 3",,
Hettich,Linear Drawer System: AvanTech YOU,AvanTech YOU Inlay - 500 mm (40 Kg) Full Extn. Silent,9257702,Rear Panel Stabilizer,64,HIGH,HS Code: 39263090,,,,Anthracite,42.00,INR,HIGH,"Qty: 3, Unit: Pc, PU: 3",,
Hettich,Linear Drawer System: AvanTech YOU,AvanTech YOU Inlay - 500 mm (40 Kg) Full Extn. Silent,9321561,Front Stabilizer,64,HIGH,HS Code: 39263090,,,,Silver,464.00,INR,HIGH,"Qty: 1, Unit: Pc, PU: 1",,
Hettich,Linear Drawer System: AvanTech YOU,AvanTech YOU Inlay - 500 mm (40 Kg) Full Extn. Silent,9321561,Front Stabilizer,64,HIGH,HS Code: 39263090,,,,White,464.00,INR,HIGH,"Qty: 1, Unit: Pc, PU: 1",,
Hettich,Linear Drawer System: AvanTech YOU,AvanTech YOU Inlay - 500 mm (40 Kg) Full Extn. Silent,9321561,Front Stabilizer,64,HIGH,HS Code: 39263090,,,,Anthracite,464.00,INR,HIGH,"Qty: 1, Unit: Pc, PU: 1",,
Hettich,Linear Drawer System: AvanTech YOU,AvanTech YOU Inlay - 500 mm (40 Kg) Full Extn. Silent,9318179,"Actro YOU Drawer runner-40kg, Left",64,HIGH,HS Code: 83024200,,,,Silver,1877.00,INR,HIGH,"Qty: 1, Unit: Pc, PU: 1",,
Hettich,Linear Drawer System: AvanTech YOU,AvanTech YOU Inlay - 500 mm (40 Kg) Full Extn. Silent,9318179,"Actro YOU Drawer runner-40kg, Left",64,HIGH,HS Code: 83024200,,,,White,1877.00,INR,HIGH,"Qty: 1, Unit: Pc, PU: 1",,
Hettich,Linear Drawer System: AvanTech YOU,AvanTech YOU Inlay - 500 mm (40 Kg) Full Extn. Silent,9318179,"Actro YOU Drawer runner-40kg, Left",64,HIGH,HS Code: 83024200,,,,Anthracite,1877.00,INR,HIGH,"Qty: 1, Unit: Pc, PU: 1",,
Hettich,Linear Drawer System: AvanTech YOU,AvanTech YOU Inlay - 500 mm (40 Kg) Full Extn. Silent,9318180,"Actro YOU Drawer runner-40kg, Right",64,HIGH,HS Code: 83024200,,,,Silver,1877.00,INR,HIGH,"Qty: 1, Unit: Pc, PU: 1",,
Hettich,Linear Drawer System: AvanTech YOU,AvanTech YOU Inlay - 500 mm (40 Kg) Full Extn. Silent,9318180,"Actro YOU Drawer runner-40kg, Right",64,HIGH,HS Code: 83024200,,,,White,1877.00,INR,HIGH,"Qty: 1, Unit: Pc, PU: 1",,
Hettich,Linear Drawer System: AvanTech YOU,AvanTech YOU Inlay - 500 mm (40 Kg) Full Extn. Silent,9318180,"Actro YOU Drawer runner-40kg, Right",64,HIGH,HS Code: 83024200,,,,Anthracite,1877.00,INR,HIGH,"Qty: 1, Unit: Pc, PU: 1",,
Hettich,Linear Drawer System: AvanTech YOU,AvanTech YOU Inlay - 500 mm (40 Kg) Full Extn. Silent,9257703,Branding clip with Hettich logo (Silver),64,HIGH,HS Code: 39269099,,,,Silver,42.00,INR,HIGH,"Qty: 1, Unit: Pc, PU: 1",,
Hettich,Linear Drawer System: AvanTech YOU,AvanTech YOU Inlay - 500 mm (40 Kg) Full Extn. Silent,9417268,Complete Set (BOM Total),64,HIGH,BOM total row - no HS Code printed,,,,Silver,12150.00,INR,HIGH,BOM Total (Complete Set),,
Hettich,Linear Drawer System: AvanTech YOU,AvanTech YOU Inlay - 550 mm (40 Kg) Full Extn. Silent,9257139,"Inlay Drawer Side Profile, Left",64,HIGH,HS Code: 94039910,,,,Silver,2661.00,INR,HIGH,"Qty: 1, Unit: Pc, PU: 1",,
Hettich,Linear Drawer System: AvanTech YOU,AvanTech YOU Inlay - 550 mm (40 Kg) Full Extn. Silent,9257140,"Inlay Drawer Side Profile, Right",64,HIGH,HS Code: 94039910,,,,Silver,2661.00,INR,HIGH,"Qty: 1, Unit: Pc, PU: 1",,
Hettich,Linear Drawer System: AvanTech YOU,AvanTech YOU Inlay - 550 mm (40 Kg) Full Extn. Silent,9257257,Drawer front connector for Inlay drawer side profile,64,HIGH,HS Code: 83024200,,,,Silver,886.00,INR,HIGH,"Qty: 2, Unit: Pc, PU: 2",,
Hettich,Linear Drawer System: AvanTech YOU,AvanTech YOU Inlay - 550 mm (40 Kg) Full Extn. Silent,9257257,Drawer front connector for Inlay drawer side profile,64,HIGH,HS Code: 83024200,,,,Anthracite,886.00,INR,HIGH,"Qty: 2, Unit: Pc, PU: 2",,
Hettich,Linear Drawer System: AvanTech YOU,AvanTech YOU Inlay - 550 mm (40 Kg) Full Extn. Silent,9268677,Adapter for Inlay drawer side profile,64,HIGH,HS Code: 39169090,,,,Silver,772.00,INR,HIGH,"Qty: 4, Unit: Pc, PU: 4",,
Hettich,Linear Drawer System: AvanTech YOU,AvanTech YOU Inlay - 550 mm (40 Kg) Full Extn. Silent,9268677,Adapter for Inlay drawer side profile,64,HIGH,HS Code: 39169090,,,,Anthracite,772.00,INR,HIGH,"Qty: 4, Unit: Pc, PU: 4",,
Hettich,Linear Drawer System: AvanTech YOU,AvanTech YOU Inlay - 550 mm (40 Kg) Full Extn. Silent,9257670,"Rear Panel Connector (Silver), Left",64,HIGH,HS Code: 83024200,,,,Silver,477.00,INR,HIGH,"Qty: 1, Unit: Pc, PU: 1",,
Hettich,Linear Drawer System: AvanTech YOU,AvanTech YOU Inlay - 550 mm (40 Kg) Full Extn. Silent,9257671,"Rear Panel Connector (Silver), Right",64,HIGH,HS Code: 83024200,,,,Silver,477.00,INR,HIGH,"Qty: 1, Unit: Pc, PU: 1",,
Hettich,Linear Drawer System: AvanTech YOU,AvanTech YOU Inlay - 550 mm (40 Kg) Full Extn. Silent,9257702,Rear Panel Stabilizer,64,HIGH,HS Code: 39263090,,,,Silver,42.00,INR,HIGH,"Qty: 3, Unit: Pc, PU: 3",,
Hettich,Linear Drawer System: AvanTech YOU,AvanTech YOU Inlay - 550 mm (40 Kg) Full Extn. Silent,9257702,Rear Panel Stabilizer,64,HIGH,HS Code: 39263090,,,,Anthracite,42.00,INR,HIGH,"Qty: 3, Unit: Pc, PU: 3",,
Hettich,Linear Drawer System: AvanTech YOU,AvanTech YOU Inlay - 550 mm (40 Kg) Full Extn. Silent,9321561,Front Stabilizer,64,HIGH,HS Code: 39263090,,,,Silver,464.00,INR,HIGH,"Qty: 1, Unit: Pc, PU: 1",,
Hettich,Linear Drawer System: AvanTech YOU,AvanTech YOU Inlay - 550 mm (40 Kg) Full Extn. Silent,9321561,Front Stabilizer,64,HIGH,HS Code: 39263090,,,,Anthracite,464.00,INR,HIGH,"Qty: 1, Unit: Pc, PU: 1",,
Hettich,Linear Drawer System: AvanTech YOU,AvanTech YOU Inlay - 550 mm (40 Kg) Full Extn. Silent,9318181,"Actro YOU Drawer runner-40kg, Left",64,HIGH,HS Code: 83024200,,,,Silver,1999.00,INR,HIGH,"Qty: 1, Unit: Pc, PU: 1",,
Hettich,Linear Drawer System: AvanTech YOU,AvanTech YOU Inlay - 550 mm (40 Kg) Full Extn. Silent,9318181,"Actro YOU Drawer runner-40kg, Left",64,HIGH,HS Code: 83024200,,,,Anthracite,1999.00,INR,HIGH,"Qty: 1, Unit: Pc, PU: 1",,
Hettich,Linear Drawer System: AvanTech YOU,AvanTech YOU Inlay - 550 mm (40 Kg) Full Extn. Silent,9318182,"Actro YOU Drawer runner-40kg, Right",64,HIGH,HS Code: 83024200,,,,Silver,1999.00,INR,HIGH,"Qty: 1, Unit: Pc, PU: 1",,
Hettich,Linear Drawer System: AvanTech YOU,AvanTech YOU Inlay - 550 mm (40 Kg) Full Extn. Silent,9318182,"Actro YOU Drawer runner-40kg, Right",64,HIGH,HS Code: 83024200,,,,Anthracite,1999.00,INR,HIGH,"Qty: 1, Unit: Pc, PU: 1",,
Hettich,Linear Drawer System: AvanTech YOU,AvanTech YOU Inlay - 550 mm (40 Kg) Full Extn. Silent,9257703,Branding clip with Hettich logo (Silver),64,HIGH,HS Code: 39269099,,,,Silver,42.00,INR,HIGH,"Qty: 1, Unit: Pc, PU: 1",,
Hettich,Linear Drawer System: AvanTech YOU,AvanTech YOU Inlay - 550 mm (40 Kg) Full Extn. Silent,9417274,Complete Set (BOM Total),64,HIGH,BOM total row - no HS Code printed,,,,Silver,12480.00,INR,HIGH,BOM Total (Complete Set),,
Hettich,Linear Drawer System: AvanTech YOU,AvanTech YOU Inlay - 450 mm (70 Kg) Full Extn. Silent,9257135,"Inlay Drawer Side Profile, Left",65,HIGH,HS Code: 94039910,,,,Silver,2565.00,INR,HIGH,"Qty: 1, Unit: Pc, PU: 1",,
Hettich,Linear Drawer System: AvanTech YOU,AvanTech YOU Inlay - 450 mm (70 Kg) Full Extn. Silent,9257136,"Inlay Drawer Side Profile, Right",65,HIGH,HS Code: 94039910,,,,Silver,2565.00,INR,HIGH,"Qty: 1, Unit: Pc, PU: 1",,
Hettich,Linear Drawer System: AvanTech YOU,AvanTech YOU Inlay - 450 mm (70 Kg) Full Extn. Silent,9257257,Drawer front connector for Inlay drawer side profile,65,HIGH,HS Code: 83024200,,,,Silver,886.00,INR,HIGH,"Qty: 2, Unit: Pc, PU: 2",,
Hettich,Linear Drawer System: AvanTech YOU,AvanTech YOU Inlay - 450 mm (70 Kg) Full Extn. Silent,9257257,Drawer front connector for Inlay drawer side profile,65,HIGH,HS Code: 83024200,,,,Anthracite,886.00,INR,HIGH,"Qty: 2, Unit: Pc, PU: 2",,
Hettich,Linear Drawer System: AvanTech YOU,AvanTech YOU Inlay - 450 mm (70 Kg) Full Extn. Silent,9268677,Adapter for Inlay drawer side profile,65,HIGH,HS Code: 39169090,,,,Silver,772.00,INR,HIGH,"Qty: 4, Unit: Pc, PU: 4",,
Hettich,Linear Drawer System: AvanTech YOU,AvanTech YOU Inlay - 450 mm (70 Kg) Full Extn. Silent,9268677,Adapter for Inlay drawer side profile,65,HIGH,HS Code: 39169090,,,,Anthracite,772.00,INR,HIGH,"Qty: 4, Unit: Pc, PU: 4",,
Hettich,Linear Drawer System: AvanTech YOU,AvanTech YOU Inlay - 450 mm (70 Kg) Full Extn. Silent,9257670,"Rear Panel Connector (Silver), Left",65,HIGH,HS Code: 83024200,,,,Silver,477.00,INR,HIGH,"Qty: 1, Unit: Pc, PU: 1",,
Hettich,Linear Drawer System: AvanTech YOU,AvanTech YOU Inlay - 450 mm (70 Kg) Full Extn. Silent,9257671,"Rear Panel Connector (Silver), Right",65,HIGH,HS Code: 83024200,,,,Silver,477.00,INR,HIGH,"Qty: 1, Unit: Pc, PU: 1",,
Hettich,Linear Drawer System: AvanTech YOU,AvanTech YOU Inlay - 450 mm (70 Kg) Full Extn. Silent,9257702,Rear Panel Stabilizer,65,HIGH,HS Code: 39263090,,,,Silver,42.00,INR,HIGH,"Qty: 3, Unit: Pc, PU: 3",,
Hettich,Linear Drawer System: AvanTech YOU,AvanTech YOU Inlay - 450 mm (70 Kg) Full Extn. Silent,9257702,Rear Panel Stabilizer,65,HIGH,HS Code: 39263090,,,,Anthracite,42.00,INR,HIGH,"Qty: 3, Unit: Pc, PU: 3",,
Hettich,Linear Drawer System: AvanTech YOU,AvanTech YOU Inlay - 450 mm (70 Kg) Full Extn. Silent,9321561,Front Stabilizer,65,HIGH,HS Code: 39263090,,,,Silver,464.00,INR,HIGH,"Qty: 1, Unit: Pc, PU: 1",,
Hettich,Linear Drawer System: AvanTech YOU,AvanTech YOU Inlay - 450 mm (70 Kg) Full Extn. Silent,9321561,Front Stabilizer,65,HIGH,HS Code: 39263090,,,,Anthracite,464.00,INR,HIGH,"Qty: 1, Unit: Pc, PU: 1",,
Hettich,Linear Drawer System: AvanTech YOU,AvanTech YOU Inlay - 450 mm (70 Kg) Full Extn. Silent,9318198,"Actro YOU Drawer runner-70kg, Left",65,HIGH,HS Code: 83024200,,,,Silver,2428.00,INR,HIGH,"Qty: 1, Unit: Pc, PU: 1",,
Hettich,Linear Drawer System: AvanTech YOU,AvanTech YOU Inlay - 450 mm (70 Kg) Full Extn. Silent,9318198,"Actro YOU Drawer runner-70kg, Left",65,HIGH,HS Code: 83024200,,,,Anthracite,2428.00,INR,HIGH,"Qty: 1, Unit: Pc, PU: 1",,
Hettich,Linear Drawer System: AvanTech YOU,AvanTech YOU Inlay - 450 mm (70 Kg) Full Extn. Silent,9318199,"Actro YOU Drawer runner-70kg, Right",65,HIGH,HS Code: 83024200,,,,Silver,2428.00,INR,HIGH,"Qty: 1, Unit: Pc, PU: 1",,
Hettich,Linear Drawer System: AvanTech YOU,AvanTech YOU Inlay - 450 mm (70 Kg) Full Extn. Silent,9318199,"Actro YOU Drawer runner-70kg, Right",65,HIGH,HS Code: 83024200,,,,Anthracite,2428.00,INR,HIGH,"Qty: 1, Unit: Pc, PU: 1",,
Hettich,Linear Drawer System: AvanTech YOU,AvanTech YOU Inlay - 450 mm (70 Kg) Full Extn. Silent,9257703,Branding clip with Hettich logo (Silver),65,HIGH,HS Code: 39269099,,,,Silver,42.00,INR,HIGH,"Qty: 1, Unit: Pc, PU: 1",,
Hettich,Linear Drawer System: AvanTech YOU,AvanTech YOU Inlay - 450 mm (70 Kg) Full Extn. Silent,9417265,Complete Set (BOM Total),65,HIGH,BOM total row - no HS Code printed,,,,Silver,13146.00,INR,HIGH,BOM Total (Complete Set),,
Hettich,Linear Drawer System: AvanTech YOU,AvanTech YOU Inlay - 500 mm (70 Kg) Full Extn. Silent,9257137,"Inlay Drawer Side Profile, Left",65,HIGH,HS Code: 94039910,,,,Silver,2618.00,INR,HIGH,"Qty: 1, Unit: Pc, PU: 1",,
Hettich,Linear Drawer System: AvanTech YOU,AvanTech YOU Inlay - 500 mm (70 Kg) Full Extn. Silent,9257138,"Inlay Drawer Side Profile, Right",65,HIGH,HS Code: 94039910,,,,Silver,2618.00,INR,HIGH,"Qty: 1, Unit: Pc, PU: 1",,
Hettich,Linear Drawer System: AvanTech YOU,AvanTech YOU Inlay - 500 mm (70 Kg) Full Extn. Silent,9257257,Drawer front connector for Inlay drawer side profile,65,HIGH,HS Code: 83024200,,,,Silver,886.00,INR,HIGH,"Qty: 2, Unit: Pc, PU: 2",,
Hettich,Linear Drawer System: AvanTech YOU,AvanTech YOU Inlay - 500 mm (70 Kg) Full Extn. Silent,9257257,Drawer front connector for Inlay drawer side profile,65,HIGH,HS Code: 83024200,,,,White,886.00,INR,HIGH,"Qty: 2, Unit: Pc, PU: 2",,
Hettich,Linear Drawer System: AvanTech YOU,AvanTech YOU Inlay - 500 mm (70 Kg) Full Extn. Silent,9257257,Drawer front connector for Inlay drawer side profile,65,HIGH,HS Code: 83024200,,,,Anthracite,886.00,INR,HIGH,"Qty: 2, Unit: Pc, PU: 2",,
Hettich,Linear Drawer System: AvanTech YOU,AvanTech YOU Inlay - 500 mm (70 Kg) Full Extn. Silent,9268677,Adapter for Inlay drawer side profile,65,HIGH,HS Code: 39169090,,,,Silver,772.00,INR,HIGH,"Qty: 4, Unit: Pc, PU: 4",,
Hettich,Linear Drawer System: AvanTech YOU,AvanTech YOU Inlay - 500 mm (70 Kg) Full Extn. Silent,9268677,Adapter for Inlay drawer side profile,65,HIGH,HS Code: 39169090,,,,White,772.00,INR,HIGH,"Qty: 4, Unit: Pc, PU: 4",,
Hettich,Linear Drawer System: AvanTech YOU,AvanTech YOU Inlay - 500 mm (70 Kg) Full Extn. Silent,9268677,Adapter for Inlay drawer side profile,65,HIGH,HS Code: 39169090,,,,Anthracite,772.00,INR,HIGH,"Qty: 4, Unit: Pc, PU: 4",,
Hettich,Linear Drawer System: AvanTech YOU,AvanTech YOU Inlay - 500 mm (70 Kg) Full Extn. Silent,9257670,"Rear Panel Connector (Silver), Left",65,HIGH,HS Code: 83024200,,,,Silver,477.00,INR,HIGH,"Qty: 1, Unit: Pc, PU: 1",,
Hettich,Linear Drawer System: AvanTech YOU,AvanTech YOU Inlay - 500 mm (70 Kg) Full Extn. Silent,9257671,"Rear Panel Connector (Silver), Right",65,HIGH,HS Code: 83024200,,,,Silver,477.00,INR,HIGH,"Qty: 1, Unit: Pc, PU: 1",,
Hettich,Linear Drawer System: AvanTech YOU,AvanTech YOU Inlay - 500 mm (70 Kg) Full Extn. Silent,9257702,Rear Panel Stabilizer,65,HIGH,HS Code: 39263090,,,,Silver,42.00,INR,HIGH,"Qty: 3, Unit: Pc, PU: 3",,
Hettich,Linear Drawer System: AvanTech YOU,AvanTech YOU Inlay - 500 mm (70 Kg) Full Extn. Silent,9257702,Rear Panel Stabilizer,65,HIGH,HS Code: 39263090,,,,White,42.00,INR,HIGH,"Qty: 3, Unit: Pc, PU: 3",,
Hettich,Linear Drawer System: AvanTech YOU,AvanTech YOU Inlay - 500 mm (70 Kg) Full Extn. Silent,9257702,Rear Panel Stabilizer,65,HIGH,HS Code: 39263090,,,,Anthracite,42.00,INR,HIGH,"Qty: 3, Unit: Pc, PU: 3",,
Hettich,Linear Drawer System: AvanTech YOU,AvanTech YOU Inlay - 500 mm (70 Kg) Full Extn. Silent,9321561,Front Stabilizer,65,HIGH,HS Code: 39263090,,,,Silver,464.00,INR,HIGH,"Qty: 1, Unit: Pc, PU: 1",,
Hettich,Linear Drawer System: AvanTech YOU,AvanTech YOU Inlay - 500 mm (70 Kg) Full Extn. Silent,9321561,Front Stabilizer,65,HIGH,HS Code: 39263090,,,,White,464.00,INR,HIGH,"Qty: 1, Unit: Pc, PU: 1",,
Hettich,Linear Drawer System: AvanTech YOU,AvanTech YOU Inlay - 500 mm (70 Kg) Full Extn. Silent,9321561,Front Stabilizer,65,HIGH,HS Code: 39263090,,,,Anthracite,464.00,INR,HIGH,"Qty: 1, Unit: Pc, PU: 1",,
Hettich,Linear Drawer System: AvanTech YOU,AvanTech YOU Inlay - 500 mm (70 Kg) Full Extn. Silent,9318201,"Actro YOU Drawer runner-70kg, Left",65,HIGH,HS Code: 83024200,,,,Silver,2458.00,INR,HIGH,"Qty: 1, Unit: Pc, PU: 1",,
Hettich,Linear Drawer System: AvanTech YOU,AvanTech YOU Inlay - 500 mm (70 Kg) Full Extn. Silent,9318201,"Actro YOU Drawer runner-70kg, Left",65,HIGH,HS Code: 83024200,,,,White,2458.00,INR,HIGH,"Qty: 1, Unit: Pc, PU: 1",,
Hettich,Linear Drawer System: AvanTech YOU,AvanTech YOU Inlay - 500 mm (70 Kg) Full Extn. Silent,9318201,"Actro YOU Drawer runner-70kg, Left",65,HIGH,HS Code: 83024200,,,,Anthracite,2458.00,INR,HIGH,"Qty: 1, Unit: Pc, PU: 1",,
Hettich,Linear Drawer System: AvanTech YOU,AvanTech YOU Inlay - 500 mm (70 Kg) Full Extn. Silent,9318203,"Actro YOU Drawer runner-70kg, Right",65,HIGH,HS Code: 83024200,,,,Silver,2458.00,INR,HIGH,"Qty: 1, Unit: Pc, PU: 1",,
Hettich,Linear Drawer System: AvanTech YOU,AvanTech YOU Inlay - 500 mm (70 Kg) Full Extn. Silent,9318203,"Actro YOU Drawer runner-70kg, Right",65,HIGH,HS Code: 83024200,,,,White,2458.00,INR,HIGH,"Qty: 1, Unit: Pc, PU: 1",,
Hettich,Linear Drawer System: AvanTech YOU,AvanTech YOU Inlay - 500 mm (70 Kg) Full Extn. Silent,9318203,"Actro YOU Drawer runner-70kg, Right",65,HIGH,HS Code: 83024200,,,,Anthracite,2458.00,INR,HIGH,"Qty: 1, Unit: Pc, PU: 1",,
Hettich,Linear Drawer System: AvanTech YOU,AvanTech YOU Inlay - 500 mm (70 Kg) Full Extn. Silent,9257703,Branding clip with Hettich logo (Silver),65,HIGH,HS Code: 39269099,,,,Silver,42.00,INR,HIGH,"Qty: 1, Unit: Pc, PU: 1",,
Hettich,Linear Drawer System: AvanTech YOU,AvanTech YOU Inlay - 500 mm (70 Kg) Full Extn. Silent,9417271,Complete Set (BOM Total),65,HIGH,BOM total row - no HS Code printed,,,,Silver,13312.00,INR,HIGH,BOM Total (Complete Set),,
Hettich,Linear Drawer System: AvanTech YOU,AvanTech YOU Inlay - 550 mm (70 Kg) Full Extn. Silent,9257139,"Inlay Drawer Side Profile, Left",65,HIGH,HS Code: 94039910,,,,Silver,2661.00,INR,HIGH,"Qty: 1, Unit: Pc, PU: 1",,
Hettich,Linear Drawer System: AvanTech YOU,AvanTech YOU Inlay - 550 mm (70 Kg) Full Extn. Silent,9257140,"Inlay Drawer Side Profile, Right",65,HIGH,HS Code: 94039910,,,,Silver,2661.00,INR,HIGH,"Qty: 1, Unit: Pc, PU: 1",,
Hettich,Linear Drawer System: AvanTech YOU,AvanTech YOU Inlay - 550 mm (70 Kg) Full Extn. Silent,9257257,Drawer front connector for Inlay drawer side profile,65,HIGH,HS Code: 83024200,,,,Silver,886.00,INR,HIGH,"Qty: 2, Unit: Pc, PU: 2",,
Hettich,Linear Drawer System: AvanTech YOU,AvanTech YOU Inlay - 550 mm (70 Kg) Full Extn. Silent,9257257,Drawer front connector for Inlay drawer side profile,65,HIGH,HS Code: 83024200,,,,Anthracite,886.00,INR,HIGH,"Qty: 2, Unit: Pc, PU: 2",,
Hettich,Linear Drawer System: AvanTech YOU,AvanTech YOU Inlay - 550 mm (70 Kg) Full Extn. Silent,9268677,Adapter for Inlay drawer side profile,65,HIGH,HS Code: 39169090,,,,Silver,772.00,INR,HIGH,"Qty: 4, Unit: Pc, PU: 4",,
Hettich,Linear Drawer System: AvanTech YOU,AvanTech YOU Inlay - 550 mm (70 Kg) Full Extn. Silent,9268677,Adapter for Inlay drawer side profile,65,HIGH,HS Code: 39169090,,,,Anthracite,772.00,INR,HIGH,"Qty: 4, Unit: Pc, PU: 4",,
Hettich,Linear Drawer System: AvanTech YOU,AvanTech YOU Inlay - 550 mm (70 Kg) Full Extn. Silent,9257670,"Rear Panel Connector (Silver), Left",65,HIGH,HS Code: 83024200,,,,Silver,477.00,INR,HIGH,"Qty: 1, Unit: Pc, PU: 1",,
Hettich,Linear Drawer System: AvanTech YOU,AvanTech YOU Inlay - 550 mm (70 Kg) Full Extn. Silent,9257671,"Rear Panel Connector (Silver), Right",65,HIGH,HS Code: 83024200,,,,Silver,477.00,INR,HIGH,"Qty: 1, Unit: Pc, PU: 1",,
Hettich,Linear Drawer System: AvanTech YOU,AvanTech YOU Inlay - 550 mm (70 Kg) Full Extn. Silent,9257702,Rear Panel Stabilizer,65,HIGH,HS Code: 39263090,,,,Silver,42.00,INR,HIGH,"Qty: 3, Unit: Pc, PU: 3",,
Hettich,Linear Drawer System: AvanTech YOU,AvanTech YOU Inlay - 550 mm (70 Kg) Full Extn. Silent,9257702,Rear Panel Stabilizer,65,HIGH,HS Code: 39263090,,,,Anthracite,42.00,INR,HIGH,"Qty: 3, Unit: Pc, PU: 3",,
Hettich,Linear Drawer System: AvanTech YOU,AvanTech YOU Inlay - 550 mm (70 Kg) Full Extn. Silent,9321561,Front Stabilizer,65,HIGH,HS Code: 39263090,,,,Silver,464.00,INR,HIGH,"Qty: 1, Unit: Pc, PU: 1",,
Hettich,Linear Drawer System: AvanTech YOU,AvanTech YOU Inlay - 550 mm (70 Kg) Full Extn. Silent,9321561,Front Stabilizer,65,HIGH,HS Code: 39263090,,,,Anthracite,464.00,INR,HIGH,"Qty: 1, Unit: Pc, PU: 1",,
Hettich,Linear Drawer System: AvanTech YOU,AvanTech YOU Inlay - 550 mm (70 Kg) Full Extn. Silent,9318208,"Actro YOU Drawer runner-70kg, Left",65,HIGH,HS Code: 83024200,,,,Silver,2584.00,INR,HIGH,"Qty: 1, Unit: Pc, PU: 1",,
Hettich,Linear Drawer System: AvanTech YOU,AvanTech YOU Inlay - 550 mm (70 Kg) Full Extn. Silent,9318208,"Actro YOU Drawer runner-70kg, Left",65,HIGH,HS Code: 83024200,,,,Anthracite,2584.00,INR,HIGH,"Qty: 1, Unit: Pc, PU: 1",,
Hettich,Linear Drawer System: AvanTech YOU,AvanTech YOU Inlay - 550 mm (70 Kg) Full Extn. Silent,9318209,"Actro YOU Drawer runner-70kg, Right",65,HIGH,HS Code: 83024200,,,,Silver,2584.00,INR,HIGH,"Qty: 1, Unit: Pc, PU: 1",,
Hettich,Linear Drawer System: AvanTech YOU,AvanTech YOU Inlay - 550 mm (70 Kg) Full Extn. Silent,9318209,"Actro YOU Drawer runner-70kg, Right",65,HIGH,HS Code: 83024200,,,,Anthracite,2584.00,INR,HIGH,"Qty: 1, Unit: Pc, PU: 1",,
Hettich,Linear Drawer System: AvanTech YOU,AvanTech YOU Inlay - 550 mm (70 Kg) Full Extn. Silent,9257703,Branding clip with Hettich logo (Silver),65,HIGH,HS Code: 39269099,,,,Silver,42.00,INR,HIGH,"Qty: 1, Unit: Pc, PU: 1",,
Hettich,Linear Drawer System: AvanTech YOU,AvanTech YOU Inlay - 550 mm (70 Kg) Full Extn. Silent,9417278,Complete Set (BOM Total),65,HIGH,BOM total row - no HS Code printed,,,,Silver,13650.00,INR,HIGH,BOM Total (Complete Set),,
Hettich,Linear Drawer System: AvanTech YOU,AvanTech YOU Narrow Pullout units NL 500 mm,9332320,AvanTech YOU Narrow Pullout (Height 101+187 mm)/ Silver/ 20 Kg/ Depth 500 mm,65,HIGH,HS Code: 94039010,,,,Silver,16686.00,INR,HIGH,"Qty: 1, Unit: Set, PU: 1",,
Hettich,Linear Drawer System: AvanTech YOU,AvanTech YOU Narrow Pullout units NL 500 mm,9332327,AvanTech YOU- Narrow Pullout(Height 101+251 mm)/ Silver/ 20 Kg/ Depth 500 mm,65,HIGH,HS Code: 94039010,,,,Silver,20590.00,INR,HIGH,"Qty: 1, Unit: Set, PU: 1",,
Hettich,Linear Drawer System: AvanTech YOU,AvanTech YOU: NL-500 mm Height-101 mm (40 Kg) Full Extn. Silent,9255098,"Drawer Side Profile (White), Left",66,HIGH,HS Code: 94039010,,,,White,1685.00,INR,HIGH,"Qty: 1, Unit: Pc, PU: 1",,
Hettich,Linear Drawer System: AvanTech YOU,AvanTech YOU: NL-500 mm Height-101 mm (40 Kg) Full Extn. Silent,9255099,"Drawer Side Profile (White), Right",66,HIGH,HS Code: 94039010,,,,White,1685.00,INR,HIGH,"Qty: 1, Unit: Pc, PU: 1",,
Hettich,Linear Drawer System: AvanTech YOU,AvanTech YOU: NL-500 mm Height-101 mm (40 Kg) Full Extn. Silent,9255818,Design Profile (White),66,HIGH,HS Code: 39169090,,,,White,292.00,INR,HIGH,"Qty: 2, Unit: Pc, PU: 2",,
Hettich,Linear Drawer System: AvanTech YOU,AvanTech YOU: NL-500 mm Height-101 mm (40 Kg) Full Extn. Silent,9257678,"Rear Panel Connector (White), Left",66,HIGH,HS Code: 83024200,,,,White,339.00,INR,HIGH,"Qty: 1, Unit: Pc, PU: 1",,
Hettich,Linear Drawer System: AvanTech YOU,AvanTech YOU: NL-500 mm Height-101 mm (40 Kg) Full Extn. Silent,9257679,"Rear Panel Connector (White), Right",66,HIGH,HS Code: 83024200,,,,White,339.00,INR,HIGH,"Qty: 1, Unit: Pc, PU: 1",,
Hettich,Linear Drawer System: AvanTech YOU,AvanTech YOU: NL-500 mm Height-101 mm (40 Kg) Full Extn. Silent,9257704,Branding clip with Hettich logo (White),66,HIGH,HS Code: 39269097,,,,White,42.00,INR,HIGH,"Qty: 1, Unit: Pc, PU: 1",,
Hettich,Linear Drawer System: AvanTech YOU,AvanTech YOU: NL-500 mm Height-101 mm (40 Kg) Full Extn. Silent,9298404,Complete Set (BOM Total),66,HIGH,BOM total row - no HS Code printed,,,,White,9536.00,INR,HIGH,BOM Total (Complete Set),,
Hettich,Linear Drawer System: AvanTech YOU,AvanTech YOU: NL-500 mm Height-101 mm (70 Kg) Full Extn. Silent,9255098,"Drawer Side Profile (White), Left",66,HIGH,HS Code: 94039010,,,,White,1685.00,INR,HIGH,"Qty: 1, Unit: Pc, PU: 1",,
Hettich,Linear Drawer System: AvanTech YOU,AvanTech YOU: NL-500 mm Height-101 mm (70 Kg) Full Extn. Silent,9255099,"Drawer Side Profile (White), Right",66,HIGH,HS Code: 94039010,,,,White,1685.00,INR,HIGH,"Qty: 1, Unit: Pc, PU: 1",,
Hettich,Linear Drawer System: AvanTech YOU,AvanTech YOU: NL-500 mm Height-101 mm (70 Kg) Full Extn. Silent,9255818,Design Profile (White),66,HIGH,HS Code: 39169090,,,,White,292.00,INR,HIGH,"Qty: 2, Unit: Pc, PU: 2",,
Hettich,Linear Drawer System: AvanTech YOU,AvanTech YOU: NL-500 mm Height-101 mm (70 Kg) Full Extn. Silent,9257678,"Rear Panel Connector (White), Left",66,HIGH,HS Code: 83024200,,,,White,339.00,INR,HIGH,"Qty: 1, Unit: Pc, PU: 1",,
Hettich,Linear Drawer System: AvanTech YOU,AvanTech YOU: NL-500 mm Height-101 mm (70 Kg) Full Extn. Silent,9257679,"Rear Panel Connector (White), Right",66,HIGH,HS Code: 83024200,,,,White,339.00,INR,HIGH,"Qty: 1, Unit: Pc, PU: 1",,
Hettich,Linear Drawer System: AvanTech YOU,AvanTech YOU: NL-500 mm Height-101 mm (70 Kg) Full Extn. Silent,9257704,Branding clip with Hettich logo (White),66,HIGH,HS Code: 39269097,,,,White,42.00,INR,HIGH,"Qty: 1, Unit: Pc, PU: 1",,
Hettich,Linear Drawer System: AvanTech YOU,AvanTech YOU: NL-500 mm Height-101 mm (70 Kg) Full Extn. Silent,9298407,Complete Set (BOM Total),66,HIGH,BOM total row - no HS Code printed,,,,White,10698.00,INR,HIGH,BOM Total (Complete Set),,
Hettich,Linear Drawer System: AvanTech YOU,AvanTech YOU: NL-500 mm Height-187 mm (40 Kg) Full Extn. Silent,9255134,"Drawer Side Profile (White), Left",66,HIGH,HS Code: 94039010,,,,White,2377.00,INR,HIGH,"Qty: 1, Unit: Pc, PU: 1",,
Hettich,Linear Drawer System: AvanTech YOU,AvanTech YOU: NL-500 mm Height-187 mm (40 Kg) Full Extn. Silent,9255135,"Drawer Side Profile (White), Right",66,HIGH,HS Code: 94039010,,,,White,2377.00,INR,HIGH,"Qty: 1, Unit: Pc, PU: 1",,
Hettich,Linear Drawer System: AvanTech YOU,AvanTech YOU: NL-500 mm Height-187 mm (40 Kg) Full Extn. Silent,9255818,Design Profile (White),66,HIGH,HS Code: 39169090,,,,White,292.00,INR,HIGH,"Qty: 2, Unit: Pc, PU: 2",,
Hettich,Linear Drawer System: AvanTech YOU,AvanTech YOU: NL-500 mm Height-187 mm (40 Kg) Full Extn. Silent,9257682,"Rear Panel Connector (White), Left",66,HIGH,HS Code: 83024200,,,,White,477.00,INR,HIGH,"Qty: 1, Unit: Pc, PU: 1",,
Hettich,Linear Drawer System: AvanTech YOU,AvanTech YOU: NL-500 mm Height-187 mm (40 Kg) Full Extn. Silent,9257683,"Rear Panel Connector (White), Right",66,HIGH,HS Code: 83024200,,,,White,477.00,INR,HIGH,"Qty: 1, Unit: Pc, PU: 1",,
Hettich,Linear Drawer System: AvanTech YOU,AvanTech YOU: NL-500 mm Height-187 mm (40 Kg) Full Extn. Silent,9257704,Branding clip with Hettich logo (White),66,HIGH,HS Code: 39269097,,,,White,42.00,INR,HIGH,"Qty: 1, Unit: Pc, PU: 1",,
Hettich,Linear Drawer System: AvanTech YOU,AvanTech YOU: NL-500 mm Height-187 mm (40 Kg) Full Extn. Silent,9298410,Complete Set (BOM Total),66,HIGH,BOM total row - no HS Code printed,,,,White,11888.00,INR,HIGH,BOM Total (Complete Set),,
Hettich,Linear Drawer System: AvanTech YOU,AvanTech YOU: NL-500 mm Height-187 mm (70 Kg) Full Extn. Silent,9255134,"Drawer Side Profile (White), Left",67,HIGH,HS Code: 94039010,,,,White,2377.00,INR,HIGH,"Qty: 1, Unit: Pc, PU: 1",,
Hettich,Linear Drawer System: AvanTech YOU,AvanTech YOU: NL-500 mm Height-187 mm (70 Kg) Full Extn. Silent,9255135,"Drawer Side Profile (White), Right",67,HIGH,HS Code: 94039010,,,,White,2377.00,INR,HIGH,"Qty: 1, Unit: Pc, PU: 1",,
Hettich,Linear Drawer System: AvanTech YOU,AvanTech YOU: NL-500 mm Height-187 mm (70 Kg) Full Extn. Silent,9255818,Design Profile (White),67,HIGH,HS Code: 39169090,,,,White,292.00,INR,HIGH,"Qty: 2, Unit: Pc, PU: 2",,
Hettich,Linear Drawer System: AvanTech YOU,AvanTech YOU: NL-500 mm Height-187 mm (70 Kg) Full Extn. Silent,9257682,"Rear Panel Connector (White), Left",67,HIGH,HS Code: 83024200,,,,White,477.00,INR,HIGH,"Qty: 1, Unit: Pc, PU: 1",,
Hettich,Linear Drawer System: AvanTech YOU,AvanTech YOU: NL-500 mm Height-187 mm (70 Kg) Full Extn. Silent,9257683,"Rear Panel Connector (White), Right",67,HIGH,HS Code: 83024200,,,,White,477.00,INR,HIGH,"Qty: 1, Unit: Pc, PU: 1",,
Hettich,Linear Drawer System: AvanTech YOU,AvanTech YOU: NL-500 mm Height-187 mm (70 Kg) Full Extn. Silent,9257704,Branding clip with Hettich logo (White),67,HIGH,HS Code: 39269097,,,,White,42.00,INR,HIGH,"Qty: 1, Unit: Pc, PU: 1",,
Hettich,Linear Drawer System: AvanTech YOU,AvanTech YOU: NL-500 mm Height-187 mm (70 Kg) Full Extn. Silent,9298423,Complete Set (BOM Total),67,HIGH,BOM total row - no HS Code printed,,,,White,13050.00,INR,HIGH,BOM Total (Complete Set),,
Hettich,Linear Drawer System: AvanTech YOU,AvanTech YOU: NL-500 mm Height-251 mm (40 Kg) Full Extn. Silent,9255152,"Drawer Side Profile (White), Left",67,HIGH,HS Code: 94039010,,,,White,4025.00,INR,HIGH,"Qty: 1, Unit: Pc, PU: 1",,
Hettich,Linear Drawer System: AvanTech YOU,AvanTech YOU: NL-500 mm Height-251 mm (40 Kg) Full Extn. Silent,9255153,"Drawer Side Profile (White), Right",67,HIGH,HS Code: 94039010,,,,White,4025.00,INR,HIGH,"Qty: 1, Unit: Pc, PU: 1",,
Hettich,Linear Drawer System: AvanTech YOU,AvanTech YOU: NL-500 mm Height-251 mm (40 Kg) Full Extn. Silent,9255818,Design Profile (White),67,HIGH,HS Code: 39169090,,,,White,292.00,INR,HIGH,"Qty: 2, Unit: Pc, PU: 2",,
Hettich,Linear Drawer System: AvanTech YOU,AvanTech YOU: NL-500 mm Height-251 mm (40 Kg) Full Extn. Silent,9257684,"Rear Panel Connector (White), Left",67,HIGH,HS Code: 83024200,,,,White,707.00,INR,HIGH,"Qty: 1, Unit: Pc, PU: 1",,
Hettich,Linear Drawer System: AvanTech YOU,AvanTech YOU: NL-500 mm Height-251 mm (40 Kg) Full Extn. Silent,9257685,"Rear Panel Connector (White), Right",67,HIGH,HS Code: 83024200,,,,White,707.00,INR,HIGH,"Qty: 1, Unit: Pc, PU: 1",,
Hettich,Linear Drawer System: AvanTech YOU,AvanTech YOU: NL-500 mm Height-251 mm (40 Kg) Full Extn. Silent,9257704,Branding clip with Hettich logo white,67,HIGH,HS Code: 39269097,,,,White,42.00,INR,HIGH,"Qty: 1, Unit: Pc, PU: 1",,
Hettich,Linear Drawer System: AvanTech YOU,AvanTech YOU: NL-500 mm Height-251 mm (40 Kg) Full Extn. Silent,9298395,Complete Set (BOM Total),67,HIGH,BOM total row - no HS Code printed,,,,White,15792.00,INR,HIGH,BOM Total (Complete Set),,
Hettich,Linear Drawer System: AvanTech YOU,AvanTech YOU: NL-500 mm Height-251 mm (70 Kg) Full Extn. Silent,9255152,"Drawer Side Profile (White), Left",67,HIGH,HS Code: 94039010,,,,White,4025.00,INR,HIGH,"Qty: 1, Unit: Pc, PU: 1",,
Hettich,Linear Drawer System: AvanTech YOU,AvanTech YOU: NL-500 mm Height-251 mm (70 Kg) Full Extn. Silent,9255153,"Drawer Side Profile (White), Right",67,HIGH,HS Code: 94039010,,,,White,4025.00,INR,HIGH,"Qty: 1, Unit: Pc, PU: 1",,
Hettich,Linear Drawer System: AvanTech YOU,AvanTech YOU: NL-500 mm Height-251 mm (70 Kg) Full Extn. Silent,9255818,Design Profile (White),67,HIGH,HS Code: 39169090,,,,White,292.00,INR,HIGH,"Qty: 2, Unit: Pc, PU: 2",,
Hettich,Linear Drawer System: AvanTech YOU,AvanTech YOU: NL-500 mm Height-251 mm (70 Kg) Full Extn. Silent,9257684,"Rear Panel Connector (White), Left",67,HIGH,HS Code: 83024200,,,,White,707.00,INR,HIGH,"Qty: 1, Unit: Pc, PU: 1",,
Hettich,Linear Drawer System: AvanTech YOU,AvanTech YOU: NL-500 mm Height-251 mm (70 Kg) Full Extn. Silent,9257685,"Rear Panel Connector (White), Right",67,HIGH,HS Code: 83024200,,,,White,707.00,INR,HIGH,"Qty: 1, Unit: Pc, PU: 1",,
Hettich,Linear Drawer System: AvanTech YOU,AvanTech YOU: NL-500 mm Height-251 mm (70 Kg) Full Extn. Silent,9257704,Branding clip with Hettich Logo White,67,HIGH,HS Code: 39269097,,,,White,42.00,INR,HIGH,"Qty: 1, Unit: Pc, PU: 1",,
Hettich,Linear Drawer System: AvanTech YOU,AvanTech YOU: NL-500 mm Height-251 mm (70 Kg) Full Extn. Silent,9298400,Complete Set (BOM Total),67,HIGH,BOM total row - no HS Code printed,,,,White,16954.00,INR,HIGH,BOM Total (Complete Set),,
Hettich,Linear Drawer System: AvanTech YOU,AvanTech YOU Inlay - 500 mm (40 Kg) Full Extn. Silent,9257151,"Inlay Drawer Side Profile, Left",68,HIGH,HS Code: 94039910,,,,White,2618.00,INR,HIGH,"Qty: 1, Unit: Pc, PU: 1",,
Hettich,Linear Drawer System: AvanTech YOU,AvanTech YOU Inlay - 500 mm (40 Kg) Full Extn. Silent,9257152,"Inlay Drawer Side Profile, Right",68,HIGH,HS Code: 94039910,,,,White,2618.00,INR,HIGH,"Qty: 1, Unit: Pc, PU: 1",,
Hettich,Linear Drawer System: AvanTech YOU,AvanTech YOU Inlay - 500 mm (40 Kg) Full Extn. Silent,9257682,"Rear Panel Connector (White), Left",68,HIGH,HS Code: 83024200,,,,White,477.00,INR,HIGH,"Qty: 1, Unit: Pc, PU: 1",,
Hettich,Linear Drawer System: AvanTech YOU,AvanTech YOU Inlay - 500 mm (40 Kg) Full Extn. Silent,9257683,"Rear Panel Connector (White), Right",68,HIGH,HS Code: 83024200,,,,White,477.00,INR,HIGH,"Qty: 1, Unit: Pc, PU: 1",,
Hettich,Linear Drawer System: AvanTech YOU,AvanTech YOU Inlay - 500 mm (40 Kg) Full Extn. Silent,9257704,Branding clip with Hettich Logo (White),68,HIGH,HS Code: 39269099,,,,White,42.00,INR,HIGH,"Qty: 1, Unit: Pc, PU: 1",,
Hettich,Linear Drawer System: AvanTech YOU,AvanTech YOU Inlay - 500 mm (40 Kg) Full Extn. Silent,9417270,Complete Set (BOM Total),68,HIGH,BOM total row - no HS Code printed,,,,White,12150.00,INR,HIGH,BOM Total (Complete Set),,
Hettich,Linear Drawer System: AvanTech YOU,AvanTech YOU Inlay - 500 mm (70 Kg) Full Extn. Silent,9257151,"Inlay Drawer Side Profile, Left",68,HIGH,HS Code: 94039910,,,,White,2618.00,INR,HIGH,"Qty: 1, Unit: Pc, PU: 1",,
Hettich,Linear Drawer System: AvanTech YOU,AvanTech YOU Inlay - 500 mm (70 Kg) Full Extn. Silent,9257152,"Inlay Drawer Side Profile, Right",68,HIGH,HS Code: 94039910,,,,White,2618.00,INR,HIGH,"Qty: 1, Unit: Pc, PU: 1",,
Hettich,Linear Drawer System: AvanTech YOU,AvanTech YOU Inlay - 500 mm (70 Kg) Full Extn. Silent,9257682,"Rear Panel Connector (White), Left",68,HIGH,HS Code: 83024200,,,,White,477.00,INR,HIGH,"Qty: 1, Unit: Pc, PU: 1",,
Hettich,Linear Drawer System: AvanTech YOU,AvanTech YOU Inlay - 500 mm (70 Kg) Full Extn. Silent,9257683,"Rear Panel Connector (White), Right",68,HIGH,HS Code: 83024200,,,,White,477.00,INR,HIGH,"Qty: 1, Unit: Pc, PU: 1",,
Hettich,Linear Drawer System: AvanTech YOU,AvanTech YOU Inlay - 500 mm (70 Kg) Full Extn. Silent,9257704,Branding clip with Hettich Logo (White),68,HIGH,HS Code: 39269099,,,,White,42.00,INR,HIGH,"Qty: 1, Unit: Pc, PU: 1",,
Hettich,Linear Drawer System: AvanTech YOU,AvanTech YOU Inlay - 500 mm (70 Kg) Full Extn. Silent,9417273,Complete Set (BOM Total),68,HIGH,BOM total row - no HS Code printed,,,,White,13312.00,INR,HIGH,BOM Total (Complete Set),,
Hettich,Linear Drawer System: AvanTech YOU,AvanTech YOU Narrow Pullout units NL 500 mm,9332324,AvanTech YOU Narrow Pullout (Height 101+187 mm)/ White/ 20 Kg/ Depth 500 mm,68,HIGH,HS Code: 94039010,,,,White,16686.00,INR,HIGH,"Qty: 1, Unit: Set, PU: 1",,
Hettich,Linear Drawer System: AvanTech YOU,AvanTech YOU Narrow Pullout units NL 500 mm,9332329,AvanTech YOU- Narrow Pullout (Height 101+251 mm)/ White / 20 Kg/ Depth 500 mm,68,HIGH,HS Code: 94039010,,,,White,20590.00,INR,HIGH,"Qty: 1, Unit: Set, PU: 1",,
Hettich,Linear Drawer System: AvanTech YOU,AvanTech YOU- 350 mm (40 Kg) Full Extn. Silent,9255172,"Drawer Side Profile (Anthracite), Left",69,HIGH,HS Code: 94039010,,,,Anthracite,1623.00,INR,HIGH,"Qty: 1, Unit: Pc, PU: 1",,
Hettich,Linear Drawer System: AvanTech YOU,AvanTech YOU- 350 mm (40 Kg) Full Extn. Silent,9255173,"Drawer Side Profile (Anthracite), Right",69,HIGH,HS Code: 94039010,,,,Anthracite,1623.00,INR,HIGH,"Qty: 1, Unit: Pc, PU: 1",,
Hettich,Linear Drawer System: AvanTech YOU,AvanTech YOU- 350 mm (40 Kg) Full Extn. Silent,9255824,Design Profile (Anthracite),69,HIGH,HS Code: 39169090,,,,Anthracite,282.00,INR,HIGH,"Qty: 2, Unit: Pc, PU: 2",,
Hettich,Linear Drawer System: AvanTech YOU,AvanTech YOU- 350 mm (40 Kg) Full Extn. Silent,9255835,Front connector for drawer side profile,69,HIGH,HS Code: 83024200,,,,Anthracite,894.00,INR,HIGH,"Qty: 2, Unit: Pc, PU: 2",,
Hettich,Linear Drawer System: AvanTech YOU,AvanTech YOU- 350 mm (40 Kg) Full Extn. Silent,9257690,"Rear Panel Connector (Anthracite), Left",69,HIGH,HS Code: 83024200,,,,Anthracite,339.00,INR,HIGH,"Qty: 1, Unit: Pc, PU: 1",,
Hettich,Linear Drawer System: AvanTech YOU,AvanTech YOU- 350 mm (40 Kg) Full Extn. Silent,9257691,"Rear Panel Connector (Anthracite), Right",69,HIGH,HS Code: 83024200,,,,Anthracite,339.00,INR,HIGH,"Qty: 1, Unit: Pc, PU: 1",,
Hettich,Linear Drawer System: AvanTech YOU,AvanTech YOU- 350 mm (40 Kg) Full Extn. Silent,9257702,Rear Panel Stabilizer,69,HIGH,HS Code: 39263000,,,,Anthracite,42.00,INR,HIGH,"Qty: 3, Unit: Pc, PU: 3",,
Hettich,Linear Drawer System: AvanTech YOU,AvanTech YOU- 350 mm (40 Kg) Full Extn. Silent,9321561,Front Stabilizer,69,HIGH,HS Code: 39263000,,,,Anthracite,460.00,INR,HIGH,"Qty: 1, Unit: Pc, PU: 1",,
Hettich,Linear Drawer System: AvanTech YOU,AvanTech YOU- 350 mm (40 Kg) Full Extn. Silent,9318173,"Actro YOU runner Left, 40 kg",69,HIGH,HS Code: 83024200,,,,Anthracite,2168.00,INR,HIGH,"Qty: 1, Unit: Pc, PU: 1",,
Hettich,Linear Drawer System: AvanTech YOU,AvanTech YOU- 350 mm (40 Kg) Full Extn. Silent,9318174,"Actro YOU runner Right, 40 kg",69,HIGH,HS Code: 83024200,,,,Anthracite,2168.00,INR,HIGH,"Qty: 1, Unit: Pc, PU: 1",,
Hettich,Linear Drawer System: AvanTech YOU,AvanTech YOU- 350 mm (40 Kg) Full Extn. Silent,9257705,Branding clip with Hettich Logo Anthracite,69,HIGH,HS Code: 39269097,,,,Anthracite,42.00,INR,HIGH,"Qty: 1, Unit: Pc, PU: 1",,
Hettich,Linear Drawer System: AvanTech YOU,AvanTech YOU- 350 mm (40 Kg) Full Extn. Silent,9308739,Complete Set (BOM Total),69,HIGH,BOM total row - no HS Code printed,,,,Anthracite,9984.00,INR,HIGH,BOM Total (Complete Set),,
Hettich,Linear Drawer System: AvanTech YOU,AvanTech YOU: NL-400 mm Height-101 mm (40 Kg) Full Extn. Silent,9255174,"Drawer Side Profile (Anthracite), Left",69,HIGH,HS Code: 94039010,,,,Anthracite,1490.00,INR,HIGH,"Qty: 1, Unit: Pc, PU: 1",,
Hettich,Linear Drawer System: AvanTech YOU,AvanTech YOU: NL-400 mm Height-101 mm (40 Kg) Full Extn. Silent,9255175,"Drawer Side Profile (Anthracite), Right",69,HIGH,HS Code: 94039010,,,,Anthracite,1490.00,INR,HIGH,"Qty: 1, Unit: Pc, PU: 1",,
Hettich,Linear Drawer System: AvanTech YOU,AvanTech YOU: NL-400 mm Height-101 mm (40 Kg) Full Extn. Silent,9255825,Design Profile (Anthracite),69,HIGH,HS Code: 39169090,,,,Anthracite,310.00,INR,HIGH,"Qty: 2, Unit: Pc, PU: 2",,
Hettich,Linear Drawer System: AvanTech YOU,AvanTech YOU: NL-400 mm Height-101 mm (40 Kg) Full Extn. Silent,9257690,"Rear Panel Connector (Anthracite), Left",69,HIGH,HS Code: 83024200,,,,Anthracite,339.00,INR,HIGH,"Qty: 1, Unit: Pc, PU: 1",,
Hettich,Linear Drawer System: AvanTech YOU,AvanTech YOU: NL-400 mm Height-101 mm (40 Kg) Full Extn. Silent,9257691,"Rear Panel Connector (Anthracite), Right",69,HIGH,HS Code: 83024200,,,,Anthracite,339.00,INR,HIGH,"Qty: 1, Unit: Pc, PU: 1",,
Hettich,Linear Drawer System: AvanTech YOU,AvanTech YOU: NL-400 mm Height-101 mm (40 Kg) Full Extn. Silent,9257705,Branding clip with Hettich Logo Anthracite,69,HIGH,HS Code: 39269097,,,,Anthracite,42.00,INR,HIGH,"Qty: 1, Unit: Pc, PU: 1",,
Hettich,Linear Drawer System: AvanTech YOU,AvanTech YOU: NL-400 mm Height-101 mm (40 Kg) Full Extn. Silent,9308047,Complete Set (BOM Total),69,HIGH,BOM total row - no HS Code printed,,,,Anthracite,9046.00,INR,HIGH,BOM Total (Complete Set),,
Hettich,Linear Drawer System: AvanTech YOU,AvanTech YOU: NL-450 mm Height-101 mm (40 Kg) Full Extn. Silent,9255176,"Drawer Side Profile (Anthracite), Left",69,HIGH,HS Code: 94039010,,,,Anthracite,1648.00,INR,HIGH,"Qty: 1, Unit: Pc, PU: 1",,
Hettich,Linear Drawer System: AvanTech YOU,AvanTech YOU: NL-450 mm Height-101 mm (40 Kg) Full Extn. Silent,9255177,"Drawer Side Profile (Anthracite), Right",69,HIGH,HS Code: 94039010,,,,Anthracite,1648.00,INR,HIGH,"Qty: 1, Unit: Pc, PU: 1",,
Hettich,Linear Drawer System: AvanTech YOU,AvanTech YOU: NL-450 mm Height-101 mm (40 Kg) Full Extn. Silent,9255826,Design Profile (Anthracite),69,HIGH,HS Code: 39169090,,,,Anthracite,292.00,INR,HIGH,"Qty: 2, Unit: Pc, PU: 2",,
Hettich,Linear Drawer System: AvanTech YOU,AvanTech YOU: NL-450 mm Height-101 mm (40 Kg) Full Extn. Silent,9257690,"Rear Panel Connector Anthracite, Left",69,HIGH,HS Code: 83024200,,,,Anthracite,339.00,INR,HIGH,"Qty: 1, Unit: Pc, PU: 1",,
Hettich,Linear Drawer System: AvanTech YOU,AvanTech YOU: NL-450 mm Height-101 mm (40 Kg) Full Extn. Silent,9257691,"Rear Panel Connector (Anthracite), Right",69,HIGH,HS Code: 83024200,,,,Anthracite,339.00,INR,HIGH,"Qty: 1, Unit: Pc, PU: 1",,
Hettich,Linear Drawer System: AvanTech YOU,AvanTech YOU: NL-450 mm Height-101 mm (40 Kg) Full Extn. Silent,9257705,Branding clip with Hettich logo (Anthracite),69,HIGH,HS Code: 39269097,,,,Anthracite,42.00,INR,HIGH,"Qty: 1, Unit: Pc, PU: 1",,
Hettich,Linear Drawer System: AvanTech YOU,AvanTech YOU: NL-450 mm Height-101 mm (40 Kg) Full Extn. Silent,9307366,Complete Set (BOM Total),69,HIGH,BOM total row - no HS Code printed,,,,Anthracite,9418.00,INR,HIGH,BOM Total (Complete Set),,
Hettich,Linear Drawer System: AvanTech YOU,AvanTech YOU: NL-500 mm Height-101 mm (40 Kg) Full Extn. Silent,9255178,"Drawer Side Profile (Anthracite), Left",70,HIGH,HS Code: 94039010,,,,Anthracite,1685.00,INR,HIGH,"Qty: 1, Unit: Pc, PU: 1",,
Hettich,Linear Drawer System: AvanTech YOU,AvanTech YOU: NL-500 mm Height-101 mm (40 Kg) Full Extn. Silent,9255179,"Drawer Side Profile (Anthracite), Right",70,HIGH,HS Code: 94039010,,,,Anthracite,1685.00,INR,HIGH,"Qty: 1, Unit: Pc, PU: 1",,
Hettich,Linear Drawer System: AvanTech YOU,AvanTech YOU: NL-500 mm Height-101 mm (40 Kg) Full Extn. Silent,9255827,Design Profile (Anthracite),70,HIGH,HS Code: 39169090,,,,Anthracite,292.00,INR,HIGH,"Qty: 2, Unit: Pc, PU: 2",,
Hettich,Linear Drawer System: AvanTech YOU,AvanTech YOU: NL-500 mm Height-101 mm (40 Kg) Full Extn. Silent,9257690,"Rear Panel Connector Anthracite, Left",70,HIGH,HS Code: 83024200,,,,Anthracite,339.00,INR,HIGH,"Qty: 1, Unit: Pc, PU: 1",,
Hettich,Linear Drawer System: AvanTech YOU,AvanTech YOU: NL-500 mm Height-101 mm (40 Kg) Full Extn. Silent,9257691,"Rear Panel Connector (Anthracite), Right",70,HIGH,HS Code: 83024200,,,,Anthracite,339.00,INR,HIGH,"Qty: 1, Unit: Pc, PU: 1",,
Hettich,Linear Drawer System: AvanTech YOU,AvanTech YOU: NL-500 mm Height-101 mm (40 Kg) Full Extn. Silent,9257705,Branding clip with Hettich Logo Anthracite,70,HIGH,HS Code: 39269097,,,,Anthracite,42.00,INR,HIGH,"Qty: 1, Unit: Pc, PU: 1",,
Hettich,Linear Drawer System: AvanTech YOU,AvanTech YOU: NL-500 mm Height-101 mm (40 Kg) Full Extn. Silent,9298405,Complete Set (BOM Total),70,HIGH,BOM total row - no HS Code printed,,,,Anthracite,9536.00,INR,HIGH,BOM Total (Complete Set),,
Hettich,Linear Drawer System: AvanTech YOU,AvanTech YOU: NL-550 mm Height-101 mm (40 Kg) Full Extn. Silent,9255180,"Drawer Side Profile (Anthracite), Left",70,HIGH,HS Code: 94039010,,,,Anthracite,1711.00,INR,HIGH,"Qty: 1, Unit: Pc, PU: 1",,
Hettich,Linear Drawer System: AvanTech YOU,AvanTech YOU: NL-550 mm Height-101 mm (40 Kg) Full Extn. Silent,9255181,"Drawer Side Profile (Anthracite), Right",70,HIGH,HS Code: 94039010,,,,Anthracite,1711.00,INR,HIGH,"Qty: 1, Unit: Pc, PU: 1",,
Hettich,Linear Drawer System: AvanTech YOU,AvanTech YOU: NL-550 mm Height-101 mm (40 Kg) Full Extn. Silent,9255828,Design Profile (Anthracite),70,HIGH,HS Code: 39169090,,,,Anthracite,292.00,INR,HIGH,"Qty: 2, Unit: Pc, PU: 2",,
Hettich,Linear Drawer System: AvanTech YOU,AvanTech YOU: NL-550 mm Height-101 mm (40 Kg) Full Extn. Silent,9257690,"Rear Panel Connector (Anthracite), Left",70,HIGH,HS Code: 83024200,,,,Anthracite,339.00,INR,HIGH,"Qty: 1, Unit: Pc, PU: 1",,
Hettich,Linear Drawer System: AvanTech YOU,AvanTech YOU: NL-550 mm Height-101 mm (40 Kg) Full Extn. Silent,9257691,"Rear Panel Connector (Anthracite), Right",70,HIGH,HS Code: 83024200,,,,Anthracite,339.00,INR,HIGH,"Qty: 1, Unit: Pc, PU: 1",,
Hettich,Linear Drawer System: AvanTech YOU,AvanTech YOU: NL-550 mm Height-101 mm (40 Kg) Full Extn. Silent,9257705,Branding clip with Hettich logo (Anthracite),70,HIGH,HS Code: 39269097,,,,Anthracite,42.00,INR,HIGH,"Qty: 1, Unit: Pc, PU: 1",,
Hettich,Linear Drawer System: AvanTech YOU,AvanTech YOU: NL-550 mm Height-101 mm (40 Kg) Full Extn. Silent,9307395,Complete Set (BOM Total),70,HIGH,BOM total row - no HS Code printed,,,,Anthracite,9832.00,INR,HIGH,BOM Total (Complete Set),,
Hettich,Linear Drawer System: AvanTech YOU,AvanTech YOU- 600 mm (40 Kg) Full Extn. Silent,9255182,"Drawer Side Profile (Anthracite), Left",70,HIGH,HS Code: 94039010,,,,Anthracite,1749.00,INR,HIGH,"Qty: 1, Unit: Pc, PU: 1",,
Hettich,Linear Drawer System: AvanTech YOU,AvanTech YOU- 600 mm (40 Kg) Full Extn. Silent,9255183,"Drawer Side Profile (Anthracite), Right",70,HIGH,HS Code: 94039010,,,,Anthracite,1749.00,INR,HIGH,"Qty: 1, Unit: Pc, PU: 1",,
Hettich,Linear Drawer System: AvanTech YOU,AvanTech YOU- 600 mm (40 Kg) Full Extn. Silent,9255829,Design Profile (Anthracite),70,HIGH,HS Code: 39169090,,,,Anthracite,292.00,INR,HIGH,"Qty: 2, Unit: Pc, PU: 2",,
Hettich,Linear Drawer System: AvanTech YOU,AvanTech YOU- 600 mm (40 Kg) Full Extn. Silent,9255835,Front connector for drawer side profile,70,HIGH,HS Code: 83024200,,,,Anthracite,894.00,INR,HIGH,"Qty: 2, Unit: Pc, PU: 2",,
Hettich,Linear Drawer System: AvanTech YOU,AvanTech YOU- 600 mm (40 Kg) Full Extn. Silent,9257690,"Rear Panel Connector (Anthracite), Left",70,HIGH,HS Code: 83024200,,,,Anthracite,339.00,INR,HIGH,"Qty: 1, Unit: Pc, PU: 1",,
Hettich,Linear Drawer System: AvanTech YOU,AvanTech YOU- 600 mm (40 Kg) Full Extn. Silent,9257691,"Rear Panel Connector (Anthracite), Right",70,HIGH,HS Code: 83024200,,,,Anthracite,339.00,INR,HIGH,"Qty: 1, Unit: Pc, PU: 1",,
Hettich,Linear Drawer System: AvanTech YOU,AvanTech YOU- 600 mm (40 Kg) Full Extn. Silent,9257702,Rear Panel Stabilizer,70,HIGH,HS Code: 39263000,,,,Anthracite,42.00,INR,HIGH,"Qty: 3, Unit: Pc, PU: 3",,
Hettich,Linear Drawer System: AvanTech YOU,AvanTech YOU- 600 mm (40 Kg) Full Extn. Silent,9321561,Front Stabilizer,70,HIGH,HS Code: 39263000,,,,Anthracite,460.00,INR,HIGH,"Qty: 1, Unit: Pc, PU: 1",,
Hettich,Linear Drawer System: AvanTech YOU,AvanTech YOU- 600 mm (40 Kg) Full Extn. Silent,9318183,"Actro YOU runner Left, 40 kg",70,HIGH,HS Code: 83024200,,,,Anthracite,2427.00,INR,HIGH,"Qty: 1, Unit: Pc, PU: 1",,
Hettich,Linear Drawer System: AvanTech YOU,AvanTech YOU- 600 mm (40 Kg) Full Extn. Silent,9318184,"Actro YOU runner Right, 40 kg",70,HIGH,HS Code: 83024200,,,,Anthracite,2427.00,INR,HIGH,"Qty: 1, Unit: Pc, PU: 1",,
Hettich,Linear Drawer System: AvanTech YOU,AvanTech YOU- 600 mm (40 Kg) Full Extn. Silent,9257705,Branding clip with Hettich logo (Anthracite),70,HIGH,HS Code: 39269097,,,,Anthracite,42.00,INR,HIGH,"Qty: 1, Unit: Pc, PU: 1",,
Hettich,Linear Drawer System: AvanTech YOU,AvanTech YOU- 600 mm (40 Kg) Full Extn. Silent,9308296,Complete Set (BOM Total),70,HIGH,BOM total row - no HS Code printed,,,,Anthracite,10764.00,INR,HIGH,BOM Total (Complete Set),,
Hettich,Linear Drawer System: AvanTech YOU,AvanTech YOU: NL-450 mm Height-101 mm (70 Kg) Full Extn. Silent,9255176,"Drawer Side Profile (Anthracite), Left",71,HIGH,HS Code: 94039010,,,,Anthracite,1648.00,INR,HIGH,"Qty: 1, Unit: Pc, PU: 1",,
Hettich,Linear Drawer System: AvanTech YOU,AvanTech YOU: NL-450 mm Height-101 mm (70 Kg) Full Extn. Silent,9255177,"Drawer Side Profile (Anthracite), Right",71,HIGH,HS Code: 94039010,,,,Anthracite,1648.00,INR,HIGH,"Qty: 1, Unit: Pc, PU: 1",,
Hettich,Linear Drawer System: AvanTech YOU,AvanTech YOU: NL-450 mm Height-101 mm (70 Kg) Full Extn. Silent,9255826,Design Profile (Anthracite),71,HIGH,HS Code: 39169090,,,,Anthracite,292.00,INR,HIGH,"Qty: 2, Unit: Pc, PU: 2",,
Hettich,Linear Drawer System: AvanTech YOU,AvanTech YOU: NL-450 mm Height-101 mm (70 Kg) Full Extn. Silent,9257690,"Rear Panel Connector (Anthracite), Left",71,HIGH,HS Code: 83024200,,,,Anthracite,339.00,INR,HIGH,"Qty: 1, Unit: Pc, PU: 1",,
Hettich,Linear Drawer System: AvanTech YOU,AvanTech YOU: NL-450 mm Height-101 mm (70 Kg) Full Extn. Silent,9257691,"Rear Panel Connector (Anthracite), Right",71,HIGH,HS Code: 83024200,,,,Anthracite,339.00,INR,HIGH,"Qty: 1, Unit: Pc, PU: 1",,
Hettich,Linear Drawer System: AvanTech YOU,AvanTech YOU: NL-450 mm Height-101 mm (70 Kg) Full Extn. Silent,9257705,Branding clip with Hettich logo (Anthracite),71,HIGH,HS Code: 39269097,,,,Anthracite,42.00,INR,HIGH,"Qty: 1, Unit: Pc, PU: 1",,
Hettich,Linear Drawer System: AvanTech YOU,AvanTech YOU: NL-450 mm Height-101 mm (70 Kg) Full Extn. Silent,9307369,Complete Set (BOM Total),71,HIGH,BOM total row - no HS Code printed,,,,Anthracite,10564.00,INR,HIGH,BOM Total (Complete Set),,
Hettich,Linear Drawer System: AvanTech YOU,AvanTech YOU: NL-500 mm Height-101 mm (70 Kg) Full Extn. Silent,9255178,"Drawer Side Profile (Anthracite), Left",71,HIGH,HS Code: 94039010,,,,Anthracite,1685.00,INR,HIGH,"Qty: 1, Unit: Pc, PU: 1",,
Hettich,Linear Drawer System: AvanTech YOU,AvanTech YOU: NL-500 mm Height-101 mm (70 Kg) Full Extn. Silent,9255179,"Drawer Side Profile (Anthracite), Right",71,HIGH,HS Code: 94039010,,,,Anthracite,1685.00,INR,HIGH,"Qty: 1, Unit: Pc, PU: 1",,
Hettich,Linear Drawer System: AvanTech YOU,AvanTech YOU: NL-500 mm Height-101 mm (70 Kg) Full Extn. Silent,9255827,Design Profile (Anthracite),71,HIGH,HS Code: 39169090,,,,Anthracite,292.00,INR,HIGH,"Qty: 2, Unit: Pc, PU: 2",,
Hettich,Linear Drawer System: AvanTech YOU,AvanTech YOU: NL-500 mm Height-101 mm (70 Kg) Full Extn. Silent,9257690,"Rear Panel Connector (Anthracite), Left",71,HIGH,HS Code: 83024200,,,,Anthracite,339.00,INR,HIGH,"Qty: 1, Unit: Pc, PU: 1",,
Hettich,Linear Drawer System: AvanTech YOU,AvanTech YOU: NL-500 mm Height-101 mm (70 Kg) Full Extn. Silent,9257691,"Rear Panel Connector (Anthracite), Right",71,HIGH,HS Code: 83024200,,,,Anthracite,339.00,INR,HIGH,"Qty: 1, Unit: Pc, PU: 1",,
Hettich,Linear Drawer System: AvanTech YOU,AvanTech YOU: NL-500 mm Height-101 mm (70 Kg) Full Extn. Silent,9257705,Branding clip with Hettich logo (Anthracite),71,HIGH,HS Code: 39269097,,,,Anthracite,42.00,INR,HIGH,"Qty: 1, Unit: Pc, PU: 1",,
Hettich,Linear Drawer System: AvanTech YOU,AvanTech YOU: NL-500 mm Height-101 mm (70 Kg) Full Extn. Silent,9298408,Complete Set (BOM Total),71,HIGH,BOM total row - no HS Code printed,,,,Anthracite,10698.00,INR,HIGH,BOM Total (Complete Set),,
Hettich,Linear Drawer System: AvanTech YOU,AvanTech YOU: NL-550 mm Height-101 mm (70 Kg) Full Extn. Silent,9255180,"Drawer Side Profile (Anthracite), Left",71,HIGH,HS Code: 94039010,,,,Anthracite,1711.00,INR,HIGH,"Qty: 1, Unit: Pc, PU: 1",,
Hettich,Linear Drawer System: AvanTech YOU,AvanTech YOU: NL-550 mm Height-101 mm (70 Kg) Full Extn. Silent,9255181,"Drawer Side Profile (Anthracite), Right",71,HIGH,HS Code: 94039010,,,,Anthracite,1711.00,INR,HIGH,"Qty: 1, Unit: Pc, PU: 1",,
Hettich,Linear Drawer System: AvanTech YOU,AvanTech YOU: NL-550 mm Height-101 mm (70 Kg) Full Extn. Silent,9255828,Design Profile (Anthracite),71,HIGH,HS Code: 39169090,,,,Anthracite,292.00,INR,HIGH,"Qty: 2, Unit: Pc, PU: 2",,
Hettich,Linear Drawer System: AvanTech YOU,AvanTech YOU: NL-550 mm Height-101 mm (70 Kg) Full Extn. Silent,9257690,"Rear Panel Connector (Anthracite), Left",71,HIGH,HS Code: 83024200,,,,Anthracite,339.00,INR,HIGH,"Qty: 1, Unit: Pc, PU: 1",,
Hettich,Linear Drawer System: AvanTech YOU,AvanTech YOU: NL-550 mm Height-101 mm (70 Kg) Full Extn. Silent,9257691,"Rear Panel Connector (Anthracite), Right",71,HIGH,HS Code: 83024200,,,,Anthracite,339.00,INR,HIGH,"Qty: 1, Unit: Pc, PU: 1",,
Hettich,Linear Drawer System: AvanTech YOU,AvanTech YOU: NL-550 mm Height-101 mm (70 Kg) Full Extn. Silent,9257705,Branding clip with Hettich logo (Anthracite),71,HIGH,HS Code: 39269097,,,,Anthracite,42.00,INR,HIGH,"Qty: 1, Unit: Pc, PU: 1",,
Hettich,Linear Drawer System: AvanTech YOU,AvanTech YOU: NL-550 mm Height-101 mm (70 Kg) Full Extn. Silent,9307399,Complete Set (BOM Total),71,HIGH,BOM total row - no HS Code printed,,,,Anthracite,11002.00,INR,HIGH,BOM Total (Complete Set),,
Hettich,Linear Drawer System: AvanTech YOU,AvanTech YOU- 600 mm (70 Kg) Full Extn. Silent,9255182,"Drawer Side Profile (Anthracite), Left",72,HIGH,HS Code: 94039010,,,,Anthracite,1749.00,INR,HIGH,"Qty: 1, Unit: Pc, PU: 1",,
Hettich,Linear Drawer System: AvanTech YOU,AvanTech YOU- 600 mm (70 Kg) Full Extn. Silent,9255183,"Drawer Side Profile (Anthracite), Right",72,HIGH,HS Code: 94039010,,,,Anthracite,1749.00,INR,HIGH,"Qty: 1, Unit: Pc, PU: 1",,
Hettich,Linear Drawer System: AvanTech YOU,AvanTech YOU- 600 mm (70 Kg) Full Extn. Silent,9255829,Design Profile (Anthracite),72,HIGH,HS Code: 39169090,,,,Anthracite,292.00,INR,HIGH,"Qty: 2, Unit: Pc, PU: 2",,
Hettich,Linear Drawer System: AvanTech YOU,AvanTech YOU- 600 mm (70 Kg) Full Extn. Silent,9255835,Front connector for drawer side profile,72,HIGH,HS Code: 83024200,,,,Anthracite,894.00,INR,HIGH,"Qty: 2, Unit: Pc, PU: 2",,
Hettich,Linear Drawer System: AvanTech YOU,AvanTech YOU- 600 mm (70 Kg) Full Extn. Silent,9257690,"Rear Panel Connector (Anthracite), Left",72,HIGH,HS Code: 83024200,,,,Anthracite,339.00,INR,HIGH,"Qty: 1, Unit: Pc, PU: 1",,
Hettich,Linear Drawer System: AvanTech YOU,AvanTech YOU- 600 mm (70 Kg) Full Extn. Silent,9257691,"Rear Panel Connector (Anthracite), Right",72,HIGH,HS Code: 83024200,,,,Anthracite,339.00,INR,HIGH,"Qty: 1, Unit: Pc, PU: 1",,
Hettich,Linear Drawer System: AvanTech YOU,AvanTech YOU- 600 mm (70 Kg) Full Extn. Silent,9257702,Rear Panel Stabilizer,72,HIGH,HS Code: 39263000,,,,Anthracite,42.00,INR,HIGH,"Qty: 3, Unit: Pc, PU: 3",,
Hettich,Linear Drawer System: AvanTech YOU,AvanTech YOU- 600 mm (70 Kg) Full Extn. Silent,9321561,Front Stabilizer,72,HIGH,HS Code: 39263000,,,,Anthracite,460.00,INR,HIGH,"Qty: 1, Unit: Pc, PU: 1",,
Hettich,Linear Drawer System: AvanTech YOU,AvanTech YOU- 600 mm (70 Kg) Full Extn. Silent,9318211,"Actro YOU runner Left, 70 kg",72,HIGH,HS Code: 83024200,,,,Anthracite,2841.00,INR,HIGH,"Qty: 1, Unit: Pc, PU: 1",,
Hettich,Linear Drawer System: AvanTech YOU,AvanTech YOU- 600 mm (70 Kg) Full Extn. Silent,9318212,"Actro YOU runner Right, 70 kg",72,HIGH,HS Code: 83024200,,,,Anthracite,2841.00,INR,HIGH,"Qty: 1, Unit: Pc, PU: 1",,
Hettich,Linear Drawer System: AvanTech YOU,AvanTech YOU- 600 mm (70 Kg) Full Extn. Silent,9257705,Branding clip with Hettich logo (Anthracite),72,HIGH,HS Code: 39269097,,,,Anthracite,42.00,INR,HIGH,"Qty: 1, Unit: Pc, PU: 1",,
Hettich,Linear Drawer System: AvanTech YOU,AvanTech YOU- 600 mm (70 Kg) Full Extn. Silent,9308299,Complete Set (BOM Total),72,HIGH,BOM total row - no HS Code printed,,,,Anthracite,11592.00,INR,HIGH,BOM Total (Complete Set),,
Hettich,Linear Drawer System: AvanTech YOU,AvanTech YOU: NL-350 mm Height-187 mm (40 Kg) Full Extn. Silent,9255208,"Drawer Side Profile (Anthracite), Left",72,HIGH,HS Code: 94039010,,,,Anthracite,2560.00,INR,HIGH,"Qty: 1, Unit: Pc, PU: 1",,
Hettich,Linear Drawer System: AvanTech YOU,AvanTech YOU: NL-350 mm Height-187 mm (40 Kg) Full Extn. Silent,9255209,"Drawer Side Profile (Anthracite), Right",72,HIGH,HS Code: 94039010,,,,Anthracite,2560.00,INR,HIGH,"Qty: 1, Unit: Pc, PU: 1",,
Hettich,Linear Drawer System: AvanTech YOU,AvanTech YOU: NL-350 mm Height-187 mm (40 Kg) Full Extn. Silent,9255824,Design Profile (Anthracite),72,HIGH,HS Code: 39169090,,,,Anthracite,282.00,INR,HIGH,"Qty: 2, Unit: Pc, PU: 2",,
Hettich,Linear Drawer System: AvanTech YOU,AvanTech YOU: NL-350 mm Height-187 mm (40 Kg) Full Extn. Silent,9257694,"Rear Panel Connector (Anthracite), Left",72,HIGH,HS Code: 83024200,,,,Anthracite,477.00,INR,HIGH,"Qty: 1, Unit: Pc, PU: 1",,
Hettich,Linear Drawer System: AvanTech YOU,AvanTech YOU: NL-350 mm Height-187 mm (40 Kg) Full Extn. Silent,9257695,"Rear Panel Connector (Anthracite), Right",72,HIGH,HS Code: 83024200,,,,Anthracite,477.00,INR,HIGH,"Qty: 1, Unit: Pc, PU: 1",,
Hettich,Linear Drawer System: AvanTech YOU,AvanTech YOU: NL-350 mm Height-187 mm (40 Kg) Full Extn. Silent,9257705,Branding clip with Hettich Logo (Anthracite),72,HIGH,HS Code: 39269097,,,,Anthracite,42.00,INR,HIGH,"Qty: 1, Unit: Pc, PU: 1",,
Hettich,Linear Drawer System: AvanTech YOU,AvanTech YOU: NL-350 mm Height-187 mm (40 Kg) Full Extn. Silent,9308740,Complete Set (BOM Total),72,HIGH,BOM total row - no HS Code printed,,,,Anthracite,12826.00,INR,HIGH,BOM Total (Complete Set),,
Hettich,Linear Drawer System: AvanTech YOU,AvanTech YOU: NL-450 mm Height-187 mm (40 Kg) Full Extn. Silent,9255212,"Drawer Side Profile (Anthracite), Left",72,HIGH,HS Code: 94039010,,,,Anthracite,2343.00,INR,HIGH,"Qty: 1, Unit: Pc, PU: 1",,
Hettich,Linear Drawer System: AvanTech YOU,AvanTech YOU: NL-450 mm Height-187 mm (40 Kg) Full Extn. Silent,9255213,"Drawer Side Profile (Anthracite), Right",72,HIGH,HS Code: 94039010,,,,Anthracite,2343.00,INR,HIGH,"Qty: 1, Unit: Pc, PU: 1",,
Hettich,Linear Drawer System: AvanTech YOU,AvanTech YOU: NL-450 mm Height-187 mm (40 Kg) Full Extn. Silent,9255826,Design Profile (Anthracite),72,HIGH,HS Code: 39169090,,,,Anthracite,292.00,INR,HIGH,"Qty: 2, Unit: Pc, PU: 2",,
Hettich,Linear Drawer System: AvanTech YOU,AvanTech YOU: NL-450 mm Height-187 mm (40 Kg) Full Extn. Silent,9257694,"Rear Panel Connector (Anthracite), Left",72,HIGH,HS Code: 83024200,,,,Anthracite,477.00,INR,HIGH,"Qty: 1, Unit: Pc, PU: 1",,
Hettich,Linear Drawer System: AvanTech YOU,AvanTech YOU: NL-450 mm Height-187 mm (40 Kg) Full Extn. Silent,9257695,"Rear Panel Connector (Anthracite), Right",72,HIGH,HS Code: 83024200,,,,Anthracite,477.00,INR,HIGH,"Qty: 1, Unit: Pc, PU: 1",,
Hettich,Linear Drawer System: AvanTech YOU,AvanTech YOU: NL-450 mm Height-187 mm (40 Kg) Full Extn. Silent,9257705,Branding clip with Hettich logo (Anthracite),72,HIGH,HS Code: 39269097,,,,Anthracite,42.00,INR,HIGH,"Qty: 1, Unit: Pc, PU: 1",,
Hettich,Linear Drawer System: AvanTech YOU,AvanTech YOU: NL-450 mm Height-187 mm (40 Kg) Full Extn. Silent,9307367,Complete Set (BOM Total),72,HIGH,BOM total row - no HS Code printed,,,,Anthracite,11776.00,INR,HIGH,BOM Total (Complete Set),,
Hettich,Linear Drawer System: AvanTech YOU,AvanTech YOU: NL-500 mm Height-187 mm (40 Kg) Full Extn. Silent,9255214,"Drawer Side Profile (Anthracite), Left",73,HIGH,HS Code: 94039010,,,,Anthracite,2377.00,INR,HIGH,"Qty: 1, Unit: Pc, PU: 1",,
Hettich,Linear Drawer System: AvanTech YOU,AvanTech YOU: NL-500 mm Height-187 mm (40 Kg) Full Extn. Silent,9255215,"Drawer Side Profile (Anthracite), Right",73,HIGH,HS Code: 94039010,,,,Anthracite,2377.00,INR,HIGH,"Qty: 1, Unit: Pc, PU: 1",,
Hettich,Linear Drawer System: AvanTech YOU,AvanTech YOU: NL-500 mm Height-187 mm (40 Kg) Full Extn. Silent,9255827,Design Profile (Anthracite),73,HIGH,HS Code: 39169090,,,,Anthracite,292.00,INR,HIGH,"Qty: 2, Unit: Pc, PU: 2",,
Hettich,Linear Drawer System: AvanTech YOU,AvanTech YOU: NL-500 mm Height-187 mm (40 Kg) Full Extn. Silent,9257694,"Rear Panel Connector (Anthracite), Left",73,HIGH,HS Code: 83024200,,,,Anthracite,477.00,INR,HIGH,"Qty: 1, Unit: Pc, PU: 1",,
Hettich,Linear Drawer System: AvanTech YOU,AvanTech YOU: NL-500 mm Height-187 mm (40 Kg) Full Extn. Silent,9257695,"Rear Panel Connector (Anthracite), Right",73,HIGH,HS Code: 83024200,,,,Anthracite,477.00,INR,HIGH,"Qty: 1, Unit: Pc, PU: 1",,
Hettich,Linear Drawer System: AvanTech YOU,AvanTech YOU: NL-500 mm Height-187 mm (40 Kg) Full Extn. Silent,9257705,Branding clip with Hettich logo (Anthracite),73,HIGH,HS Code: 39269097,,,,Anthracite,42.00,INR,HIGH,"Qty: 1, Unit: Pc, PU: 1",,
Hettich,Linear Drawer System: AvanTech YOU,AvanTech YOU: NL-500 mm Height-187 mm (40 Kg) Full Extn. Silent,9298421,Complete Set (BOM Total),73,HIGH,BOM total row - no HS Code printed,,,,Anthracite,11888.00,INR,HIGH,BOM Total (Complete Set),,
Hettich,Linear Drawer System: AvanTech YOU,AvanTech YOU: NL-550 mm Height-187 mm (40 Kg) Full Extn. Silent,9255216,"Drawer Side Profile (Anthracite), Left",73,HIGH,HS Code: 94039010,,,,Anthracite,2426.00,INR,HIGH,"Qty: 1, Unit: Pc, PU: 1",,
Hettich,Linear Drawer System: AvanTech YOU,AvanTech YOU: NL-550 mm Height-187 mm (40 Kg) Full Extn. Silent,9255217,"Drawer Side Profile (Anthracite), Right",73,HIGH,HS Code: 94039010,,,,Anthracite,2426.00,INR,HIGH,"Qty: 1, Unit: Pc, PU: 1",,
Hettich,Linear Drawer System: AvanTech YOU,AvanTech YOU: NL-550 mm Height-187 mm (40 Kg) Full Extn. Silent,9255828,Design Profile (Anthracite),73,HIGH,HS Code: 39169090,,,,Anthracite,292.00,INR,HIGH,"Qty: 2, Unit: Pc, PU: 2",,
Hettich,Linear Drawer System: AvanTech YOU,AvanTech YOU: NL-550 mm Height-187 mm (40 Kg) Full Extn. Silent,9257694,"Rear Panel Connector (Anthracite), Left",73,HIGH,HS Code: 83024200,,,,Anthracite,477.00,INR,HIGH,"Qty: 1, Unit: Pc, PU: 1",,
Hettich,Linear Drawer System: AvanTech YOU,AvanTech YOU: NL-550 mm Height-187 mm (40 Kg) Full Extn. Silent,9257695,"Rear Panel Connector (Anthracite), Right",73,HIGH,HS Code: 83024200,,,,Anthracite,477.00,INR,HIGH,"Qty: 1, Unit: Pc, PU: 1",,
Hettich,Linear Drawer System: AvanTech YOU,AvanTech YOU: NL-550 mm Height-187 mm (40 Kg) Full Extn. Silent,9257705,Branding clip with Hettich logo (Anthracite),73,HIGH,HS Code: 39269097,,,,Anthracite,42.00,INR,HIGH,"Qty: 1, Unit: Pc, PU: 1",,
Hettich,Linear Drawer System: AvanTech YOU,AvanTech YOU: NL-550 mm Height-187 mm (40 Kg) Full Extn. Silent,9307396,Complete Set (BOM Total),73,HIGH,BOM total row - no HS Code printed,,,,Anthracite,12230.00,INR,HIGH,BOM Total (Complete Set),,
Hettich,Linear Drawer System: AvanTech YOU,AvanTech YOU: NL-600 mm Height-187 mm (40 Kg) Full Extn. Silent,9255218,"Drawer Side Profile (Anthracite), Left",73,HIGH,HS Code: 94039010,,,,Anthracite,2638.00,INR,HIGH,"Qty: 1, Unit: Pc, PU: 1",,
Hettich,Linear Drawer System: AvanTech YOU,AvanTech YOU: NL-600 mm Height-187 mm (40 Kg) Full Extn. Silent,9255219,"Drawer Side Profile (Anthracite), Right",73,HIGH,HS Code: 94039010,,,,Anthracite,2489.00,INR,HIGH,"Qty: 1, Unit: Pc, PU: 1",,
Hettich,Linear Drawer System: AvanTech YOU,AvanTech YOU: NL-600 mm Height-187 mm (40 Kg) Full Extn. Silent,9255829,Design Profile (Anthracite),73,HIGH,HS Code: 39169090,,,,Anthracite,292.00,INR,HIGH,"Qty: 2, Unit: Pc, PU: 2",,
Hettich,Linear Drawer System: AvanTech YOU,AvanTech YOU: NL-600 mm Height-187 mm (40 Kg) Full Extn. Silent,9257694,"Rear Panel Connector (Anthracite), Left",73,HIGH,HS Code: 83024200,,,,Anthracite,477.00,INR,HIGH,"Qty: 1, Unit: Pc, PU: 1",,
Hettich,Linear Drawer System: AvanTech YOU,AvanTech YOU: NL-600 mm Height-187 mm (40 Kg) Full Extn. Silent,9257695,"Rear Panel Connector (Anthracite), Right",73,HIGH,HS Code: 83024200,,,,Anthracite,477.00,INR,HIGH,"Qty: 1, Unit: Pc, PU: 1",,
Hettich,Linear Drawer System: AvanTech YOU,AvanTech YOU: NL-600 mm Height-187 mm (40 Kg) Full Extn. Silent,9257705,Branding clip with Hettich logo (Anthracite),73,HIGH,HS Code: 39269097,,,,Anthracite,42.00,INR,HIGH,"Qty: 1, Unit: Pc, PU: 1",,
Hettich,Linear Drawer System: AvanTech YOU,AvanTech YOU: NL-600 mm Height-187 mm (40 Kg) Full Extn. Silent,9308297,Complete Set (BOM Total),73,HIGH,BOM total row - no HS Code printed,,,,Anthracite,13510.00,INR,HIGH,BOM Total (Complete Set),,
Hettich,Linear Drawer System: AvanTech YOU,AvanTech YOU: NL-450 mm Height-187 mm (70 Kg) Full Extn. Silent,9255212,"Drawer Side Profile (Anthracite), Left",74,HIGH,HS Code: 94039010,,,,Anthracite,2343.00,INR,HIGH,"Qty: 1, Unit: Pc, PU: 1",,
Hettich,Linear Drawer System: AvanTech YOU,AvanTech YOU: NL-450 mm Height-187 mm (70 Kg) Full Extn. Silent,9255213,"Drawer Side Profile (Anthracite), Right",74,HIGH,HS Code: 94039010,,,,Anthracite,2343.00,INR,HIGH,"Qty: 1, Unit: Pc, PU: 1",,
Hettich,Linear Drawer System: AvanTech YOU,AvanTech YOU: NL-450 mm Height-187 mm (70 Kg) Full Extn. Silent,9255826,Design Profile (Anthracite),74,HIGH,HS Code: 39169090,,,,Anthracite,292.00,INR,HIGH,"Qty: 2, Unit: Pc, PU: 2",,
Hettich,Linear Drawer System: AvanTech YOU,AvanTech YOU: NL-450 mm Height-187 mm (70 Kg) Full Extn. Silent,9257694,"Rear Panel Connector (Anthracite), Left",74,HIGH,HS Code: 83024200,,,,Anthracite,477.00,INR,HIGH,"Qty: 1, Unit: Pc, PU: 1",,
Hettich,Linear Drawer System: AvanTech YOU,AvanTech YOU: NL-450 mm Height-187 mm (70 Kg) Full Extn. Silent,9257695,"Rear Panel Connector (Anthracite), Right",74,HIGH,HS Code: 83024200,,,,Anthracite,477.00,INR,HIGH,"Qty: 1, Unit: Pc, PU: 1",,
Hettich,Linear Drawer System: AvanTech YOU,AvanTech YOU: NL-450 mm Height-187 mm (70 Kg) Full Extn. Silent,9257705,Branding clip with Hettich logo (Anthracite),74,HIGH,HS Code: 39269097,,,,Anthracite,42.00,INR,HIGH,"Qty: 1, Unit: Pc, PU: 1",,
Hettich,Linear Drawer System: AvanTech YOU,AvanTech YOU: NL-450 mm Height-187 mm (70 Kg) Full Extn. Silent,9307370,Complete Set (BOM Total),74,HIGH,BOM total row - no HS Code printed,,,,Anthracite,12922.00,INR,HIGH,BOM Total (Complete Set),,
Hettich,Linear Drawer System: AvanTech YOU,AvanTech YOU: NL-500 mm Height-187 mm (70 Kg) Full Extn. Silent,9255214,"Drawer Side Profile (Anthracite), Left",74,HIGH,HS Code: 94039010,,,,Anthracite,2377.00,INR,HIGH,"Qty: 1, Unit: Pc, PU: 1",,
Hettich,Linear Drawer System: AvanTech YOU,AvanTech YOU: NL-500 mm Height-187 mm (70 Kg) Full Extn. Silent,9255215,"Drawer Side Profile (Anthracite), Right",74,HIGH,HS Code: 94039010,,,,Anthracite,2377.00,INR,HIGH,"Qty: 1, Unit: Pc, PU: 1",,
Hettich,Linear Drawer System: AvanTech YOU,AvanTech YOU: NL-500 mm Height-187 mm (70 Kg) Full Extn. Silent,9255827,Design Profile (Anthracite),74,HIGH,HS Code: 39169090,,,,Anthracite,292.00,INR,HIGH,"Qty: 2, Unit: Pc, PU: 2",,
Hettich,Linear Drawer System: AvanTech YOU,AvanTech YOU: NL-500 mm Height-187 mm (70 Kg) Full Extn. Silent,9257694,"Rear Panel Connector (Anthracite), Left",74,HIGH,HS Code: 83024200,,,,Anthracite,477.00,INR,HIGH,"Qty: 1, Unit: Pc, PU: 1",,
Hettich,Linear Drawer System: AvanTech YOU,AvanTech YOU: NL-500 mm Height-187 mm (70 Kg) Full Extn. Silent,9257695,"Rear Panel Connector (Anthracite), Right",74,HIGH,HS Code: 83024200,,,,Anthracite,477.00,INR,HIGH,"Qty: 1, Unit: Pc, PU: 1",,
Hettich,Linear Drawer System: AvanTech YOU,AvanTech YOU: NL-500 mm Height-187 mm (70 Kg) Full Extn. Silent,9257705,Branding clip with Hettich logo (Anthracite),74,HIGH,HS Code: 39269097,,,,Anthracite,42.00,INR,HIGH,"Qty: 1, Unit: Pc, PU: 1",,
Hettich,Linear Drawer System: AvanTech YOU,AvanTech YOU: NL-500 mm Height-187 mm (70 Kg) Full Extn. Silent,9298424,Complete Set (BOM Total),74,HIGH,BOM total row - no HS Code printed,,,,Anthracite,13050.00,INR,HIGH,BOM Total (Complete Set),,
Hettich,Linear Drawer System: AvanTech YOU,AvanTech YOU: NL-550 mm Height-187 mm (70 Kg) Full Extn. Silent,9255216,"Drawer Side Profile (Anthracite), Left",74,HIGH,HS Code: 94039010,,,,Anthracite,2426.00,INR,HIGH,"Qty: 1, Unit: Pc, PU: 1",,
Hettich,Linear Drawer System: AvanTech YOU,AvanTech YOU: NL-550 mm Height-187 mm (70 Kg) Full Extn. Silent,9255217,"Drawer Side Profile (Anthracite), Right",74,HIGH,HS Code: 94039010,,,,Anthracite,2426.00,INR,HIGH,"Qty: 1, Unit: Pc, PU: 1",,
Hettich,Linear Drawer System: AvanTech YOU,AvanTech YOU: NL-550 mm Height-187 mm (70 Kg) Full Extn. Silent,9255828,Design Profile (Anthracite),74,HIGH,HS Code: 39169090,,,,Anthracite,292.00,INR,HIGH,"Qty: 2, Unit: Pc, PU: 2",,
Hettich,Linear Drawer System: AvanTech YOU,AvanTech YOU: NL-550 mm Height-187 mm (70 Kg) Full Extn. Silent,9257694,"Rear Panel Connector (Anthracite), Left",74,HIGH,HS Code: 83024200,,,,Anthracite,477.00,INR,HIGH,"Qty: 1, Unit: Pc, PU: 1",,
Hettich,Linear Drawer System: AvanTech YOU,AvanTech YOU: NL-550 mm Height-187 mm (70 Kg) Full Extn. Silent,9257695,"Rear Panel Connector (Anthracite), Right",74,HIGH,HS Code: 83024200,,,,Anthracite,477.00,INR,HIGH,"Qty: 1, Unit: Pc, PU: 1",,
Hettich,Linear Drawer System: AvanTech YOU,AvanTech YOU: NL-550 mm Height-187 mm (70 Kg) Full Extn. Silent,9257705,Branding clip with Hettich logo (Anthracite),74,HIGH,HS Code: 39269097,,,,Anthracite,42.00,INR,HIGH,"Qty: 1, Unit: Pc, PU: 1",,
Hettich,Linear Drawer System: AvanTech YOU,AvanTech YOU: NL-550 mm Height-187 mm (70 Kg) Full Extn. Silent,9307400,Complete Set (BOM Total),74,HIGH,BOM total row - no HS Code printed,,,,Anthracite,13400.00,INR,HIGH,BOM Total (Complete Set),,
Hettich,Linear Drawer System: AvanTech YOU,AvanTech YOU: NL-600 mm Height-187 mm (70 Kg) Full Extn. Silent,9255218,"Drawer Side Profile (Anthracite), Left",74,HIGH,HS Code: 94039010,,,,Anthracite,2638.00,INR,HIGH,"Qty: 1, Unit: Pc, PU: 1",,
Hettich,Linear Drawer System: AvanTech YOU,AvanTech YOU: NL-600 mm Height-187 mm (70 Kg) Full Extn. Silent,9255219,"Drawer Side Profile (Anthracite), Right",74,HIGH,HS Code: 94039010,,,,Anthracite,2489.00,INR,HIGH,"Qty: 1, Unit: Pc, PU: 1",,
Hettich,Linear Drawer System: AvanTech YOU,AvanTech YOU: NL-600 mm Height-187 mm (70 Kg) Full Extn. Silent,9255829,Design Profile (Anthracite),74,HIGH,HS Code: 39169090,,,,Anthracite,292.00,INR,HIGH,"Qty: 2, Unit: Pc, PU: 2",,
Hettich,Linear Drawer System: AvanTech YOU,AvanTech YOU: NL-600 mm Height-187 mm (70 Kg) Full Extn. Silent,9257694,"Rear Panel Connector (Anthracite), Left",74,HIGH,HS Code: 83024200,,,,Anthracite,477.00,INR,HIGH,"Qty: 1, Unit: Pc, PU: 1",,
Hettich,Linear Drawer System: AvanTech YOU,AvanTech YOU: NL-600 mm Height-187 mm (70 Kg) Full Extn. Silent,9257695,"Rear Panel Connector (Anthracite), Right",74,HIGH,HS Code: 83024200,,,,Anthracite,477.00,INR,HIGH,"Qty: 1, Unit: Pc, PU: 1",,
Hettich,Linear Drawer System: AvanTech YOU,AvanTech YOU: NL-600 mm Height-187 mm (70 Kg) Full Extn. Silent,9257705,Branding clip with Hettich logo (Anthracite),74,HIGH,HS Code: 39269097,,,,Anthracite,42.00,INR,HIGH,"Qty: 1, Unit: Pc, PU: 1",,
Hettich,Linear Drawer System: AvanTech YOU,AvanTech YOU: NL-600 mm Height-187 mm (70 Kg) Full Extn. Silent,9308300,Complete Set (BOM Total),74,HIGH,BOM total row - no HS Code printed,,,,Anthracite,14338.00,INR,HIGH,BOM Total (Complete Set),,
Hettich,Linear Drawer System: AvanTech YOU,AvanTech YOU: NL-350 mm Height-251 mm (40 Kg) Full Extn. Silent,9255226,"Drawer Side Profile (Anthracite), Left",75,HIGH,HS Code: 94039010,,,,Anthracite,3504.00,INR,HIGH,"Qty: 1, Unit: Pc, PU: 1",,
Hettich,Linear Drawer System: AvanTech YOU,AvanTech YOU: NL-350 mm Height-251 mm (40 Kg) Full Extn. Silent,9255227,"Drawer Side Profile (Anthracite), Right",75,HIGH,HS Code: 94039010,,,,Anthracite,3504.00,INR,HIGH,"Qty: 1, Unit: Pc, PU: 1",,
Hettich,Linear Drawer System: AvanTech YOU,AvanTech YOU: NL-350 mm Height-251 mm (40 Kg) Full Extn. Silent,9255824,Design Profile (Anthracite),75,HIGH,HS Code: 39169090,,,,Anthracite,282.00,INR,HIGH,"Qty: 2, Unit: Pc, PU: 2",,
Hettich,Linear Drawer System: AvanTech YOU,AvanTech YOU: NL-350 mm Height-251 mm (40 Kg) Full Extn. Silent,9257696,"Rear Panel Connector (Anthracite), Left",75,HIGH,HS Code: 83024200,,,,Anthracite,707.00,INR,HIGH,"Qty: 1, Unit: Pc, PU: 1",,
Hettich,Linear Drawer System: AvanTech YOU,AvanTech YOU: NL-350 mm Height-251 mm (40 Kg) Full Extn. Silent,9257697,"Rear Panel Connector (Anthracite), Right",75,HIGH,HS Code: 83024200,,,,Anthracite,707.00,INR,HIGH,"Qty: 1, Unit: Pc, PU: 1",,
Hettich,Linear Drawer System: AvanTech YOU,AvanTech YOU: NL-350 mm Height-251 mm (40 Kg) Full Extn. Silent,9257705,Branding clip with Hettich Logo Anthracite,75,HIGH,HS Code: 39269097,,,,Anthracite,42.00,INR,HIGH,"Qty: 1, Unit: Pc, PU: 1",,
Hettich,Linear Drawer System: AvanTech YOU,AvanTech YOU: NL-350 mm Height-251 mm (40 Kg) Full Extn. Silent,9308791,Complete Set (BOM Total),75,HIGH,BOM total row - no HS Code printed,,,,Anthracite,15322.00,INR,HIGH,BOM Total (Complete Set),,
Hettich,Linear Drawer System: AvanTech YOU,AvanTech YOU: NL-400 mm Height-251 mm (40 Kg) Full Extn. Silent,9255228,"Drawer Side Profile (Anthracite), Left",75,HIGH,HS Code: 94039010,,,,Anthracite,4109.00,INR,HIGH,"Qty: 1, Unit: Pc, PU: 1",,
Hettich,Linear Drawer System: AvanTech YOU,AvanTech YOU: NL-400 mm Height-251 mm (40 Kg) Full Extn. Silent,9255229,"Drawer Side Profile (Anthracite), Right",75,HIGH,HS Code: 94039010,,,,Anthracite,4109.00,INR,HIGH,"Qty: 1, Unit: Pc, PU: 1",,
Hettich,Linear Drawer System: AvanTech YOU,AvanTech YOU: NL-400 mm Height-251 mm (40 Kg) Full Extn. Silent,9255825,Design Profile (Anthracite),75,HIGH,HS Code: 39169090,,,,Anthracite,310.00,INR,HIGH,"Qty: 2, Unit: Pc, PU: 2",,
Hettich,Linear Drawer System: AvanTech YOU,AvanTech YOU: NL-400 mm Height-251 mm (40 Kg) Full Extn. Silent,9257696,"Rear Panel Connector (Anthracite), Left",75,HIGH,HS Code: 83024200,,,,Anthracite,707.00,INR,HIGH,"Qty: 1, Unit: Pc, PU: 1",,
Hettich,Linear Drawer System: AvanTech YOU,AvanTech YOU: NL-400 mm Height-251 mm (40 Kg) Full Extn. Silent,9257697,"Rear Panel Connector (Anthracite), Right",75,HIGH,HS Code: 83024200,,,,Anthracite,707.00,INR,HIGH,"Qty: 1, Unit: Pc, PU: 1",,
Hettich,Linear Drawer System: AvanTech YOU,AvanTech YOU: NL-400 mm Height-251 mm (40 Kg) Full Extn. Silent,9257705,Branding clip with Hettich Logo Anthracite,75,HIGH,HS Code: 39269097,,,,Anthracite,42.00,INR,HIGH,"Qty: 1, Unit: Pc, PU: 1",,
Hettich,Linear Drawer System: AvanTech YOU,AvanTech YOU: NL-400 mm Height-251 mm (40 Kg) Full Extn. Silent,9308049,Complete Set (BOM Total),75,HIGH,BOM total row - no HS Code printed,,,,Anthracite,15860.00,INR,HIGH,BOM Total (Complete Set),,
Hettich,Linear Drawer System: AvanTech YOU,AvanTech YOU: NL-450 mm Height-251 mm (40 Kg) Full Extn. Silent,9255230,"Drawer Side Profile (Anthracite), Left",75,HIGH,HS Code: 94039010,,,,Anthracite,3964.00,INR,HIGH,"Qty: 1, Unit: Pc, PU: 1",,
Hettich,Linear Drawer System: AvanTech YOU,AvanTech YOU: NL-450 mm Height-251 mm (40 Kg) Full Extn. Silent,9255231,"Drawer Side Profile (Anthracite), Right",75,HIGH,HS Code: 94039010,,,,Anthracite,3964.00,INR,HIGH,"Qty: 1, Unit: Pc, PU: 1",,
Hettich,Linear Drawer System: AvanTech YOU,AvanTech YOU: NL-450 mm Height-251 mm (40 Kg) Full Extn. Silent,9255826,Design Profile (Anthracite),75,HIGH,HS Code: 39169090,,,,Anthracite,292.00,INR,HIGH,"Qty: 2, Unit: Pc, PU: 2",,
Hettich,Linear Drawer System: AvanTech YOU,AvanTech YOU: NL-450 mm Height-251 mm (40 Kg) Full Extn. Silent,9257696,"Rear Panel Connector (Anthracite), Left",75,HIGH,HS Code: 83024200,,,,Anthracite,707.00,INR,HIGH,"Qty: 1, Unit: Pc, PU: 1",,
Hettich,Linear Drawer System: AvanTech YOU,AvanTech YOU: NL-450 mm Height-251 mm (40 Kg) Full Extn. Silent,9257697,"Rear Panel Connector (Anthracite), Right",75,HIGH,HS Code: 83024200,,,,Anthracite,707.00,INR,HIGH,"Qty: 1, Unit: Pc, PU: 1",,
Hettich,Linear Drawer System: AvanTech YOU,AvanTech YOU: NL-450 mm Height-251 mm (40 Kg) Full Extn. Silent,9257705,Branding clip with Hettich Logo Anthracite,75,HIGH,HS Code: 39269097,,,,Anthracite,42.00,INR,HIGH,"Qty: 1, Unit: Pc, PU: 1",,
Hettich,Linear Drawer System: AvanTech YOU,AvanTech YOU: NL-450 mm Height-251 mm (40 Kg) Full Extn. Silent,9307368,Complete Set (BOM Total),75,HIGH,BOM total row - no HS Code printed,,,,Anthracite,15626.00,INR,HIGH,BOM Total (Complete Set),,
Hettich,Linear Drawer System: AvanTech YOU,AvanTech YOU: NL-500 mm Height-251 mm (40 Kg) Full Extn. Silent,9255232,"Drawer Side Profile (Anthracite), Left",76,HIGH,HS Code: 94039010,,,,Anthracite,4025.00,INR,HIGH,"Qty: 1, Unit: Pc, PU: 1",,
Hettich,Linear Drawer System: AvanTech YOU,AvanTech YOU: NL-500 mm Height-251 mm (40 Kg) Full Extn. Silent,9255233,"Drawer Side Profile (Anthracite), Right",76,HIGH,HS Code: 94039010,,,,Anthracite,4025.00,INR,HIGH,"Qty: 1, Unit: Pc, PU: 1",,
Hettich,Linear Drawer System: AvanTech YOU,AvanTech YOU: NL-500 mm Height-251 mm (40 Kg) Full Extn. Silent,9255827,Design Profile (Anthracite),76,HIGH,HS Code: 39169090,,,,Anthracite,292.00,INR,HIGH,"Qty: 2, Unit: Pc, PU: 2",,
Hettich,Linear Drawer System: AvanTech YOU,AvanTech YOU: NL-500 mm Height-251 mm (40 Kg) Full Extn. Silent,9257696,"Rear Panel Connector (Anthracite), Left",76,HIGH,HS Code: 83024200,,,,Anthracite,707.00,INR,HIGH,"Qty: 1, Unit: Pc, PU: 1",,
Hettich,Linear Drawer System: AvanTech YOU,AvanTech YOU: NL-500 mm Height-251 mm (40 Kg) Full Extn. Silent,9257697,"Rear Panel Connector (Anthracite), Right",76,HIGH,HS Code: 83024200,,,,Anthracite,707.00,INR,HIGH,"Qty: 1, Unit: Pc, PU: 1",,
Hettich,Linear Drawer System: AvanTech YOU,AvanTech YOU: NL-500 mm Height-251 mm (40 Kg) Full Extn. Silent,9257705,Branding clip with Hettich Logo Anthracite,76,HIGH,HS Code: 39269097,,,,Anthracite,42.00,INR,HIGH,"Qty: 1, Unit: Pc, PU: 1",,
Hettich,Linear Drawer System: AvanTech YOU,AvanTech YOU: NL-500 mm Height-251 mm (40 Kg) Full Extn. Silent,9298396,Complete Set (BOM Total),76,HIGH,BOM total row - no HS Code printed,,,,Anthracite,15792.00,INR,HIGH,BOM Total (Complete Set),,
Hettich,Linear Drawer System: AvanTech YOU,AvanTech YOU: NL-550 mm Height-251 mm (40 Kg) Full Extn. Silent,9255234,"Drawer Side Profile (Anthracite), Left",76,HIGH,HS Code: 94039010,,,,Anthracite,4097.00,INR,HIGH,"Qty: 1, Unit: Pc, PU: 1",,
Hettich,Linear Drawer System: AvanTech YOU,AvanTech YOU: NL-550 mm Height-251 mm (40 Kg) Full Extn. Silent,9255235,"Drawer Side Profile (Anthracite), Right",76,HIGH,HS Code: 94039010,,,,Anthracite,4097.00,INR,HIGH,"Qty: 1, Unit: Pc, PU: 1",,
Hettich,Linear Drawer System: AvanTech YOU,AvanTech YOU: NL-550 mm Height-251 mm (40 Kg) Full Extn. Silent,9255828,Design Profile (Anthracite),76,HIGH,HS Code: 39169090,,,,Anthracite,292.00,INR,HIGH,"Qty: 2, Unit: Pc, PU: 2",,
Hettich,Linear Drawer System: AvanTech YOU,AvanTech YOU: NL-550 mm Height-251 mm (40 Kg) Full Extn. Silent,9257696,"Rear Panel Connector (Anthracite), Left",76,HIGH,HS Code: 83024200,,,,Anthracite,707.00,INR,HIGH,"Qty: 1, Unit: Pc, PU: 1",,
Hettich,Linear Drawer System: AvanTech YOU,AvanTech YOU: NL-550 mm Height-251 mm (40 Kg) Full Extn. Silent,9257697,"Rear Panel Connector (Anthracite), Right",76,HIGH,HS Code: 83024200,,,,Anthracite,707.00,INR,HIGH,"Qty: 1, Unit: Pc, PU: 1",,
Hettich,Linear Drawer System: AvanTech YOU,AvanTech YOU: NL-550 mm Height-251 mm (40 Kg) Full Extn. Silent,9257705,Branding clip with Hettich logo Anthracite,76,HIGH,HS Code: 39269097,,,,Anthracite,42.00,INR,HIGH,"Qty: 1, Unit: Pc, PU: 1",,
Hettich,Linear Drawer System: AvanTech YOU,AvanTech YOU: NL-550 mm Height-251 mm (40 Kg) Full Extn. Silent,9307397,Complete Set (BOM Total),76,HIGH,BOM total row - no HS Code printed,,,,Anthracite,16180.00,INR,HIGH,BOM Total (Complete Set),,
Hettich,Linear Drawer System: AvanTech YOU,AvanTech YOU: NL-600 mm Height-251 mm (40 Kg) Full Extn. Silent,9255236,"Drawer Side Profile (Anthracite), Left",76,HIGH,HS Code: 94039010,,,,Anthracite,4194.00,INR,HIGH,"Qty: 1, Unit: Pc, PU: 1",,
Hettich,Linear Drawer System: AvanTech YOU,AvanTech YOU: NL-600 mm Height-251 mm (40 Kg) Full Extn. Silent,9255237,"Drawer Side Profile (Anthracite), Right",76,HIGH,HS Code: 94039010,,,,Anthracite,4194.00,INR,HIGH,"Qty: 1, Unit: Pc, PU: 1",,
Hettich,Linear Drawer System: AvanTech YOU,AvanTech YOU: NL-600 mm Height-251 mm (40 Kg) Full Extn. Silent,9255829,Design Profile (Anthracite),76,HIGH,HS Code: 39169090,,,,Anthracite,292.00,INR,HIGH,"Qty: 2, Unit: Pc, PU: 2",,
Hettich,Linear Drawer System: AvanTech YOU,AvanTech YOU: NL-600 mm Height-251 mm (40 Kg) Full Extn. Silent,9257696,"Rear Panel Connector (Anthracite), Left",76,HIGH,HS Code: 83024200,,,,Anthracite,707.00,INR,HIGH,"Qty: 1, Unit: Pc, PU: 1",,
Hettich,Linear Drawer System: AvanTech YOU,AvanTech YOU: NL-600 mm Height-251 mm (40 Kg) Full Extn. Silent,9257697,"Rear Panel Connector (Anthracite), Right",76,HIGH,HS Code: 83024200,,,,Anthracite,707.00,INR,HIGH,"Qty: 1, Unit: Pc, PU: 1",,
Hettich,Linear Drawer System: AvanTech YOU,AvanTech YOU: NL-600 mm Height-251 mm (40 Kg) Full Extn. Silent,9257705,Branding clip with Hettich logo Anthracite,76,HIGH,HS Code: 39269097,,,,Anthracite,42.00,INR,HIGH,"Qty: 1, Unit: Pc, PU: 1",,
Hettich,Linear Drawer System: AvanTech YOU,AvanTech YOU: NL-600 mm Height-251 mm (40 Kg) Full Extn. Silent,9308298,Complete Set (BOM Total),76,HIGH,BOM total row - no HS Code printed,,,,Anthracite,17230.00,INR,HIGH,BOM Total (Complete Set),,
Hettich,Linear Drawer System: AvanTech YOU,AvanTech YOU: NL-450 mm Height-251 mm (70 Kg) Full Extn. Silent,9255230,"Drawer Side Profile (Anthracite), Left",77,HIGH,HS Code: 94039010,,,,Anthracite,3964.00,INR,HIGH,"Qty: 1, Unit: Pc, PU: 1",,
Hettich,Linear Drawer System: AvanTech YOU,AvanTech YOU: NL-450 mm Height-251 mm (70 Kg) Full Extn. Silent,9255231,"Drawer Side Profile (Anthracite), Right",77,HIGH,HS Code: 94039010,,,,Anthracite,3964.00,INR,HIGH,"Qty: 1, Unit: Pc, PU: 1",,
Hettich,Linear Drawer System: AvanTech YOU,AvanTech YOU: NL-450 mm Height-251 mm (70 Kg) Full Extn. Silent,9255826,Design Profile (Anthracite),77,HIGH,HS Code: 39169090,,,,Anthracite,292.00,INR,HIGH,"Qty: 2, Unit: Pc, PU: 2",,
Hettich,Linear Drawer System: AvanTech YOU,AvanTech YOU: NL-450 mm Height-251 mm (70 Kg) Full Extn. Silent,9257696,"Rear Panel Connector (Anthracite), Left",77,HIGH,HS Code: 83024200,,,,Anthracite,707.00,INR,HIGH,"Qty: 1, Unit: Pc, PU: 1",,
Hettich,Linear Drawer System: AvanTech YOU,AvanTech YOU: NL-450 mm Height-251 mm (70 Kg) Full Extn. Silent,9257697,"Rear Panel Connector (Anthracite), Right",77,HIGH,HS Code: 83024200,,,,Anthracite,707.00,INR,HIGH,"Qty: 1, Unit: Pc, PU: 1",,
Hettich,Linear Drawer System: AvanTech YOU,AvanTech YOU: NL-450 mm Height-251 mm (70 Kg) Full Extn. Silent,9257705,Branding clip with Hettich Logo Anthracite,77,HIGH,HS Code: 39269097,,,,Anthracite,42.00,INR,HIGH,"Qty: 1, Unit: Pc, PU: 1",,
Hettich,Linear Drawer System: AvanTech YOU,AvanTech YOU: NL-450 mm Height-251 mm (70 Kg) Full Extn. Silent,9307381,Complete Set (BOM Total),77,HIGH,BOM total row - no HS Code printed,,,,Anthracite,16772.00,INR,HIGH,BOM Total (Complete Set),,
Hettich,Linear Drawer System: AvanTech YOU,AvanTech YOU: NL-500 mm Height-251 mm (70 Kg) Full Extn. Silent,9255232,"Drawer Side Profile (Anthracite), Left",77,HIGH,HS Code: 94039010,,,,Anthracite,4025.00,INR,HIGH,"Qty: 1, Unit: Pc, PU: 1",,
Hettich,Linear Drawer System: AvanTech YOU,AvanTech YOU: NL-500 mm Height-251 mm (70 Kg) Full Extn. Silent,9255233,"Drawer Side Profile (Anthracite), Right",77,HIGH,HS Code: 94039010,,,,Anthracite,4025.00,INR,HIGH,"Qty: 1, Unit: Pc, PU: 1",,
Hettich,Linear Drawer System: AvanTech YOU,AvanTech YOU: NL-500 mm Height-251 mm (70 Kg) Full Extn. Silent,9255827,Design Profile (Anthracite),77,HIGH,HS Code: 39169090,,,,Anthracite,292.00,INR,HIGH,"Qty: 2, Unit: Pc, PU: 2",,
Hettich,Linear Drawer System: AvanTech YOU,AvanTech YOU: NL-500 mm Height-251 mm (70 Kg) Full Extn. Silent,9257696,"Rear Panel Connector (Anthracite), Left",77,HIGH,HS Code: 83024200,,,,Anthracite,707.00,INR,HIGH,"Qty: 1, Unit: Pc, PU: 1",,
Hettich,Linear Drawer System: AvanTech YOU,AvanTech YOU: NL-500 mm Height-251 mm (70 Kg) Full Extn. Silent,9257697,"Rear Panel Connector (Anthracite), Right",77,HIGH,HS Code: 83024200,,,,Anthracite,707.00,INR,HIGH,"Qty: 1, Unit: Pc, PU: 1",,
Hettich,Linear Drawer System: AvanTech YOU,AvanTech YOU: NL-500 mm Height-251 mm (70 Kg) Full Extn. Silent,9257705,Branding clip with Hettich Logo Anthracite,77,HIGH,HS Code: 39269097,,,,Anthracite,42.00,INR,HIGH,"Qty: 1, Unit: Pc, PU: 1",,
Hettich,Linear Drawer System: AvanTech YOU,AvanTech YOU: NL-500 mm Height-251 mm (70 Kg) Full Extn. Silent,9298401,Complete Set (BOM Total),77,HIGH,BOM total row - no HS Code printed,,,,Anthracite,16954.00,INR,HIGH,BOM Total (Complete Set),,
Hettich,Linear Drawer System: AvanTech YOU,AvanTech YOU: NL-550 mm Height-251 mm (70 Kg) Full Extn. Silent,9255234,"Drawer Side Profile (Anthracite), Left",77,HIGH,HS Code: 94039010,,,,Anthracite,4097.00,INR,HIGH,"Qty: 1, Unit: Pc, PU: 1",,
Hettich,Linear Drawer System: AvanTech YOU,AvanTech YOU: NL-550 mm Height-251 mm (70 Kg) Full Extn. Silent,9255235,"Drawer Side Profile (Anthracite), Right",77,HIGH,HS Code: 94039010,,,,Anthracite,4097.00,INR,HIGH,"Qty: 1, Unit: Pc, PU: 1",,
Hettich,Linear Drawer System: AvanTech YOU,AvanTech YOU: NL-550 mm Height-251 mm (70 Kg) Full Extn. Silent,9255828,Design Profile (Anthracite),77,HIGH,HS Code: 39169090,,,,Anthracite,292.00,INR,HIGH,"Qty: 2, Unit: Pc, PU: 2",,
Hettich,Linear Drawer System: AvanTech YOU,AvanTech YOU: NL-550 mm Height-251 mm (70 Kg) Full Extn. Silent,9257696,"Rear Panel Connector (Anthracite), Left",77,HIGH,HS Code: 83024200,,,,Anthracite,707.00,INR,HIGH,"Qty: 1, Unit: Pc, PU: 1",,
Hettich,Linear Drawer System: AvanTech YOU,AvanTech YOU: NL-550 mm Height-251 mm (70 Kg) Full Extn. Silent,9257697,"Rear Panel Connector (Anthracite), Right",77,HIGH,HS Code: 83024200,,,,Anthracite,707.00,INR,HIGH,"Qty: 1, Unit: Pc, PU: 1",,
Hettich,Linear Drawer System: AvanTech YOU,AvanTech YOU: NL-550 mm Height-251 mm (70 Kg) Full Extn. Silent,9257705,Branding clip with Hettich Logo Anthracite,77,HIGH,HS Code: 39269097,,,,Anthracite,42.00,INR,HIGH,"Qty: 1, Unit: Pc, PU: 1",,
Hettich,Linear Drawer System: AvanTech YOU,AvanTech YOU: NL-550 mm Height-251 mm (70 Kg) Full Extn. Silent,9307401,Complete Set (BOM Total),77,HIGH,BOM total row - no HS Code printed,,,,Anthracite,17350.00,INR,HIGH,BOM Total (Complete Set),,
Hettich,Linear Drawer System: AvanTech YOU,AvanTech YOU: NL-600 mm Height-251 mm (70 Kg) Full Extn. Silent,9255236,"Drawer Side Profile (Anthracite), Left",78,HIGH,HS Code: 94039010,,,,Anthracite,4194.00,INR,HIGH,"Qty: 1, Unit: Pc, PU: 1",,
Hettich,Linear Drawer System: AvanTech YOU,AvanTech YOU: NL-600 mm Height-251 mm (70 Kg) Full Extn. Silent,9255237,"Drawer Side Profile (Anthracite), Right",78,HIGH,HS Code: 94039010,,,,Anthracite,4194.00,INR,HIGH,"Qty: 1, Unit: Pc, PU: 1",,
Hettich,Linear Drawer System: AvanTech YOU,AvanTech YOU: NL-600 mm Height-251 mm (70 Kg) Full Extn. Silent,9255829,Design Profile (Anthracite),78,HIGH,HS Code: 39169090,,,,Anthracite,292.00,INR,HIGH,"Qty: 2, Unit: Pc, PU: 2",,
Hettich,Linear Drawer System: AvanTech YOU,AvanTech YOU: NL-600 mm Height-251 mm (70 Kg) Full Extn. Silent,9257696,"Rear Panel Connector (Anthracite), Left",78,HIGH,HS Code: 83024200,,,,Anthracite,707.00,INR,HIGH,"Qty: 1, Unit: Pc, PU: 1",,
Hettich,Linear Drawer System: AvanTech YOU,AvanTech YOU: NL-600 mm Height-251 mm (70 Kg) Full Extn. Silent,9257697,"Rear Panel Connector (Anthracite), Right",78,HIGH,HS Code: 83024200,,,,Anthracite,707.00,INR,HIGH,"Qty: 1, Unit: Pc, PU: 1",,
Hettich,Linear Drawer System: AvanTech YOU,AvanTech YOU: NL-600 mm Height-251 mm (70 Kg) Full Extn. Silent,9257705,Branding clip with Hettich Logo Anthracite,78,HIGH,HS Code: 39269097,,,,Anthracite,42.00,INR,HIGH,"Qty: 1, Unit: Pc, PU: 1",,
Hettich,Linear Drawer System: AvanTech YOU,AvanTech YOU: NL-600 mm Height-251 mm (70 Kg) Full Extn. Silent,9308311,Complete Set (BOM Total),78,HIGH,BOM total row - no HS Code printed,,,,Anthracite,18058.00,INR,HIGH,BOM Total (Complete Set),,
Hettich,Linear Drawer System: AvanTech YOU,AvanTech YOU Inlay - 400 mm (40 Kg) Full Extn. Silent,9257161,"Inlay Drawer Side Profile, Left",78,HIGH,HS Code: 94039910,,,,Anthracite,2427.00,INR,HIGH,"Qty: 1, Unit: Pc, PU: 1",,
Hettich,Linear Drawer System: AvanTech YOU,AvanTech YOU Inlay - 400 mm (40 Kg) Full Extn. Silent,9257162,"Inlay Drawer Side Profile, Right",78,HIGH,HS Code: 94039910,,,,Anthracite,2427.00,INR,HIGH,"Qty: 1, Unit: Pc, PU: 1",,
Hettich,Linear Drawer System: AvanTech YOU,AvanTech YOU Inlay - 400 mm (40 Kg) Full Extn. Silent,9257694,"Rear Panel Connector (Anthracite), Left",78,HIGH,HS Code: 83024200,,,,Anthracite,477.00,INR,HIGH,"Qty: 1, Unit: Pc, PU: 1",,
Hettich,Linear Drawer System: AvanTech YOU,AvanTech YOU Inlay - 400 mm (40 Kg) Full Extn. Silent,9257695,"Rear Panel Connector (Anthracite), Right",78,HIGH,HS Code: 83024200,,,,Anthracite,477.00,INR,HIGH,"Qty: 1, Unit: Pc, PU: 1",,
Hettich,Linear Drawer System: AvanTech YOU,AvanTech YOU Inlay - 400 mm (40 Kg) Full Extn. Silent,9257705,Branding clip with Hettich Logo (Anthracite),78,HIGH,HS Code: 39269099,,,,Anthracite,42.00,INR,HIGH,"Qty: 1, Unit: Pc, PU: 1",,
Hettich,Linear Drawer System: AvanTech YOU,AvanTech YOU Inlay - 400 mm (40 Kg) Full Extn. Silent,9417249,Complete Set (BOM Total),78,HIGH,BOM total row - no HS Code printed,,,,Anthracite,11650.00,INR,HIGH,BOM Total (Complete Set),,
Hettich,Linear Drawer System: AvanTech YOU,AvanTech YOU Inlay - 450 mm (40 Kg) Full Extn. Silent,9257163,"Inlay Drawer Side Profile, Left",78,HIGH,HS Code: 94039910,,,,Anthracite,2565.00,INR,HIGH,"Qty: 1, Unit: Pc, PU: 1",,
Hettich,Linear Drawer System: AvanTech YOU,AvanTech YOU Inlay - 450 mm (40 Kg) Full Extn. Silent,9257164,"Inlay Drawer Side Profile, Right",78,HIGH,HS Code: 94039910,,,,Anthracite,2565.00,INR,HIGH,"Qty: 1, Unit: Pc, PU: 1",,
Hettich,Linear Drawer System: AvanTech YOU,AvanTech YOU Inlay - 450 mm (40 Kg) Full Extn. Silent,9257694,"Rear Panel Connector (Anthracite), Left",78,HIGH,HS Code: 83024200,,,,Anthracite,477.00,INR,HIGH,"Qty: 1, Unit: Pc, PU: 1",,
Hettich,Linear Drawer System: AvanTech YOU,AvanTech YOU Inlay - 450 mm (40 Kg) Full Extn. Silent,9257695,"Rear Panel Connector (Anthracite), Right",78,HIGH,HS Code: 83024200,,,,Anthracite,477.00,INR,HIGH,"Qty: 1, Unit: Pc, PU: 1",,
Hettich,Linear Drawer System: AvanTech YOU,AvanTech YOU Inlay - 450 mm (40 Kg) Full Extn. Silent,9257705,Branding clip with Hettich Logo (Anthracite),78,HIGH,HS Code: 39269099,,,,Anthracite,42.00,INR,HIGH,"Qty: 1, Unit: Pc, PU: 1",,
Hettich,Linear Drawer System: AvanTech YOU,AvanTech YOU Inlay - 450 mm (40 Kg) Full Extn. Silent,9417252,Complete Set (BOM Total),78,HIGH,BOM total row - no HS Code printed,,,,Anthracite,12000.00,INR,HIGH,BOM Total (Complete Set),,
Hettich,Linear Drawer System: AvanTech YOU,AvanTech YOU Inlay - 500 mm (40 Kg) Full Extn. Silent,9257165,"Inlay Drawer Side Profile, Left",79,HIGH,HS Code: 94039910,,,,Anthracite,2618.00,INR,HIGH,"Qty: 1, Unit: Pc, PU: 1",,
Hettich,Linear Drawer System: AvanTech YOU,AvanTech YOU Inlay - 500 mm (40 Kg) Full Extn. Silent,9257166,"Inlay Drawer Side Profile, Right",79,HIGH,HS Code: 94039910,,,,Anthracite,2618.00,INR,HIGH,"Qty: 1, Unit: Pc, PU: 1",,
Hettich,Linear Drawer System: AvanTech YOU,AvanTech YOU Inlay - 500 mm (40 Kg) Full Extn. Silent,9257694,"Rear Panel Connector (Anthracite), Left",79,HIGH,HS Code: 83024200,,,,Anthracite,477.00,INR,HIGH,"Qty: 1, Unit: Pc, PU: 1",,
Hettich,Linear Drawer System: AvanTech YOU,AvanTech YOU Inlay - 500 mm (40 Kg) Full Extn. Silent,9257695,"Rear Panel Connector (Anthracite), Right",79,HIGH,HS Code: 83024200,,,,Anthracite,477.00,INR,HIGH,"Qty: 1, Unit: Pc, PU: 1",,
Hettich,Linear Drawer System: AvanTech YOU,AvanTech YOU Inlay - 500 mm (40 Kg) Full Extn. Silent,9257705,Branding clip with Hettich Logo Anthracite,79,HIGH,HS Code: 39269099,,,,Anthracite,42.00,INR,HIGH,"Qty: 1, Unit: Pc, PU: 1",,
Hettich,Linear Drawer System: AvanTech YOU,AvanTech YOU Inlay - 500 mm (40 Kg) Full Extn. Silent,9417269,Complete Set (BOM Total),79,HIGH,BOM total row - no HS Code printed,,,,Anthracite,12150.00,INR,HIGH,BOM Total (Complete Set),,
Hettich,Linear Drawer System: AvanTech YOU,AvanTech YOU Inlay - 550 mm (40 Kg) Full Extn. Silent,9257167,"Inlay Drawer Side Profile, Left",79,HIGH,HS Code: 94039910,,,,Anthracite,2661.00,INR,HIGH,"Qty: 1, Unit: Pc, PU: 1",,
Hettich,Linear Drawer System: AvanTech YOU,AvanTech YOU Inlay - 550 mm (40 Kg) Full Extn. Silent,9257168,"Inlay Drawer Side Profile, Right",79,HIGH,HS Code: 94039910,,,,Anthracite,2661.00,INR,HIGH,"Qty: 1, Unit: Pc, PU: 1",,
Hettich,Linear Drawer System: AvanTech YOU,AvanTech YOU Inlay - 550 mm (40 Kg) Full Extn. Silent,9257694,"Rear Panel Connector (Anthracite), Left",79,HIGH,HS Code: 83024200,,,,Anthracite,477.00,INR,HIGH,"Qty: 1, Unit: Pc, PU: 1",,
Hettich,Linear Drawer System: AvanTech YOU,AvanTech YOU Inlay - 550 mm (40 Kg) Full Extn. Silent,9257695,"Rear Panel Connector (Anthracite), Right",79,HIGH,HS Code: 83024200,,,,Anthracite,477.00,INR,HIGH,"Qty: 1, Unit: Pc, PU: 1",,
Hettich,Linear Drawer System: AvanTech YOU,AvanTech YOU Inlay - 550 mm (40 Kg) Full Extn. Silent,9257705,Branding clip with Hettich Logo Anthracite,79,HIGH,HS Code: 39269099,,,,Anthracite,42.00,INR,HIGH,"Qty: 1, Unit: Pc, PU: 1",,
Hettich,Linear Drawer System: AvanTech YOU,AvanTech YOU Inlay - 550 mm (40 Kg) Full Extn. Silent,9417275,Complete Set (BOM Total),79,HIGH,BOM total row - no HS Code printed,,,,Anthracite,12480.00,INR,HIGH,BOM Total (Complete Set),,
Hettich,Linear Drawer System: AvanTech YOU,AvanTech YOU Inlay - 450 mm (70 Kg) Full Extn. Silent,9257163,"Inlay Drawer Side Profile, Left",79,HIGH,HS Code: 94039910,,,,Anthracite,2565.00,INR,HIGH,"Qty: 1, Unit: Pc, PU: 1",,
Hettich,Linear Drawer System: AvanTech YOU,AvanTech YOU Inlay - 450 mm (70 Kg) Full Extn. Silent,9257164,"Inlay Drawer Side Profile, Right",79,HIGH,HS Code: 94039910,,,,Anthracite,2565.00,INR,HIGH,"Qty: 1, Unit: Pc, PU: 1",,
Hettich,Linear Drawer System: AvanTech YOU,AvanTech YOU Inlay - 450 mm (70 Kg) Full Extn. Silent,9257694,"Rear Panel Connector (Anthracite), Left",79,HIGH,HS Code: 83024200,,,,Anthracite,477.00,INR,HIGH,"Qty: 1, Unit: Pc, PU: 1",,
Hettich,Linear Drawer System: AvanTech YOU,AvanTech YOU Inlay - 450 mm (70 Kg) Full Extn. Silent,9257695,"Rear Panel Connector (Anthracite), Right",79,HIGH,HS Code: 83024200,,,,Anthracite,477.00,INR,HIGH,"Qty: 1, Unit: Pc, PU: 1",,
Hettich,Linear Drawer System: AvanTech YOU,AvanTech YOU Inlay - 450 mm (70 Kg) Full Extn. Silent,9257705,Branding clip with Hettich Logo Anthracite,79,HIGH,HS Code: 39269099,,,,Anthracite,42.00,INR,HIGH,"Qty: 1, Unit: Pc, PU: 1",,
Hettich,Linear Drawer System: AvanTech YOU,AvanTech YOU Inlay - 450 mm (70 Kg) Full Extn. Silent,9417266,Complete Set (BOM Total),79,HIGH,BOM total row - no HS Code printed,,,,Anthracite,13146.00,INR,HIGH,BOM Total (Complete Set),,
Hettich,Linear Drawer System: AvanTech YOU,AvanTech YOU Inlay - 500 mm (70 Kg) Full Extn. Silent,9257165,"Inlay Drawer Side Profile, Left",79,HIGH,HS Code: 94039910,,,,Anthracite,2618.00,INR,HIGH,"Qty: 1, Unit: Pc, PU: 1",,
Hettich,Linear Drawer System: AvanTech YOU,AvanTech YOU Inlay - 500 mm (70 Kg) Full Extn. Silent,9257166,"Inlay Drawer Side Profile, Right",79,HIGH,HS Code: 94039910,,,,Anthracite,2618.00,INR,HIGH,"Qty: 1, Unit: Pc, PU: 1",,
Hettich,Linear Drawer System: AvanTech YOU,AvanTech YOU Inlay - 500 mm (70 Kg) Full Extn. Silent,9257694,"Rear Panel Connector (Anthracite), Left",79,HIGH,HS Code: 83024200,,,,Anthracite,477.00,INR,HIGH,"Qty: 1, Unit: Pc, PU: 1",,
Hettich,Linear Drawer System: AvanTech YOU,AvanTech YOU Inlay - 500 mm (70 Kg) Full Extn. Silent,9257695,"Rear Panel Connector (Anthracite), Right",79,HIGH,HS Code: 83024200,,,,Anthracite,477.00,INR,HIGH,"Qty: 1, Unit: Pc, PU: 1",,
Hettich,Linear Drawer System: AvanTech YOU,AvanTech YOU Inlay - 500 mm (70 Kg) Full Extn. Silent,9257705,Branding clip with Hettich Logo Anthracite,79,HIGH,HS Code: 39269099,,,,Anthracite,42.00,INR,HIGH,"Qty: 1, Unit: Pc, PU: 1",,
Hettich,Linear Drawer System: AvanTech YOU,AvanTech YOU Inlay - 500 mm (70 Kg) Full Extn. Silent,9417272,Complete Set (BOM Total),79,HIGH,BOM total row - no HS Code printed,,,,Anthracite,13312.00,INR,HIGH,BOM Total (Complete Set),,
Hettich,Linear Drawer System: AvanTech YOU,AvanTech YOU Inlay - 550 mm (70 Kg) Full Extn. Silent,9257167,"Inlay Drawer Side Profile, Left",80,HIGH,HS Code: 94039910,,,,Anthracite,2661.00,INR,HIGH,"Qty: 1, Unit: Pc, PU: 1",,
Hettich,Linear Drawer System: AvanTech YOU,AvanTech YOU Inlay - 550 mm (70 Kg) Full Extn. Silent,9257168,"Inlay Drawer Side Profile, Right",80,HIGH,HS Code: 94039910,,,,Anthracite,2661.00,INR,HIGH,"Qty: 1, Unit: Pc, PU: 1",,
Hettich,Linear Drawer System: AvanTech YOU,AvanTech YOU Inlay - 550 mm (70 Kg) Full Extn. Silent,9257694,"Rear Panel Connector (Anthracite), Left",80,HIGH,HS Code: 83024200,,,,Anthracite,477.00,INR,HIGH,"Qty: 1, Unit: Pc, PU: 1",,
Hettich,Linear Drawer System: AvanTech YOU,AvanTech YOU Inlay - 550 mm (70 Kg) Full Extn. Silent,9257695,"Rear Panel Connector (Anthracite), Right",80,HIGH,HS Code: 83024200,,,,Anthracite,477.00,INR,HIGH,"Qty: 1, Unit: Pc, PU: 1",,
Hettich,Linear Drawer System: AvanTech YOU,AvanTech YOU Inlay - 550 mm (70 Kg) Full Extn. Silent,9257705,Branding clip with Hettich Logo Anthracite,80,HIGH,HS Code: 39269099,,,,Anthracite,42.00,INR,HIGH,"Qty: 1, Unit: Pc, PU: 1",,
Hettich,Linear Drawer System: AvanTech YOU,AvanTech YOU Inlay - 550 mm (70 Kg) Full Extn. Silent,9417279,Complete Set (BOM Total),80,HIGH,BOM total row - no HS Code printed,,,,Anthracite,13650.00,INR,HIGH,BOM Total (Complete Set),,
Hettich,Linear Drawer System: AvanTech YOU,AvanTech YOU Narrow Pullout units NL 500 mm,9332321,AvanTech YOU Narrow Pullout (Height 101+187 mm)/ Anthracite/ 20 Kg/ Depth 500 mm,80,HIGH,HS Code: 94039010,,,,Anthracite,16686.00,INR,HIGH,"Qty: 1, Unit: Set, PU: 1",,
Hettich,Linear Drawer System: AvanTech YOU,AvanTech YOU Narrow Pullout units NL 500 mm,9332328,AvanTech YOU- Narrow Pullout (Height 101+251 mm)/ Anthracite/ 20 Kg/ Depth 500 mm,80,HIGH,HS Code: 94039010,,,,Anthracite,20590.00,INR,HIGH,"Qty: 1, Unit: Set, PU: 1",,
Hettich,Linear Drawer System: AvanTech YOU,AvanTech YOU - 350 mm (30 Kg) Full Extn. Silent,9255012,Drawer side profile (Silver)-Left,80,HIGH,HS Code: 94039010,,,,Silver,1623.00,INR,HIGH,"Qty: 1, Unit: Pc, PU: 1",,
Hettich,Linear Drawer System: AvanTech YOU,AvanTech YOU - 350 mm (30 Kg) Full Extn. Silent,9255013,Drawer side profile (Silver)-Right,80,HIGH,HS Code: 94039010,,,,Silver,1623.00,INR,HIGH,"Qty: 1, Unit: Pc, PU: 1",,
Hettich,Linear Drawer System: AvanTech YOU,AvanTech YOU - 350 mm (30 Kg) Full Extn. Silent,9255806,Design profile (Silver),80,HIGH,HS Code: 39169090,,,,Silver,282.00,INR,HIGH,"Qty: 2, Unit: Pc, PU: 2",,
Hettich,Linear Drawer System: AvanTech YOU,AvanTech YOU - 350 mm (30 Kg) Full Extn. Silent,9255835,Front connector for drawer side profile,80,HIGH,HS Code: 83024200,,,,Silver,894.00,INR,HIGH,"Qty: 2, Unit: Pc, PU: 2",,
Hettich,Linear Drawer System: AvanTech YOU,AvanTech YOU - 350 mm (30 Kg) Full Extn. Silent,9257666,"Rear Panel Connector (Silver), Left",80,HIGH,HS Code: 83024200,,,,Silver,339.00,INR,HIGH,"Qty: 1, Unit: Pc, PU: 1",,
Hettich,Linear Drawer System: AvanTech YOU,AvanTech YOU - 350 mm (30 Kg) Full Extn. Silent,9257667,"Rear panel connector (Silver), Right",80,HIGH,HS Code: 83024200,,,,Silver,339.00,INR,HIGH,"Qty: 1, Unit: Pc, PU: 1",,
Hettich,Linear Drawer System: AvanTech YOU,AvanTech YOU - 350 mm (30 Kg) Full Extn. Silent,9257702,Rear Panel stabilizer,80,HIGH,HS Code: 39263000,,,,Silver,42.00,INR,HIGH,"Qty: 3, Unit: Pc, PU: 3",,
Hettich,Linear Drawer System: AvanTech YOU,AvanTech YOU - 350 mm (30 Kg) Full Extn. Silent,9321561,Front stabiliser,80,HIGH,HS Code: 39263000,,,,Silver,460.00,INR,HIGH,"Qty: 1, Unit: Pc, PU: 1",,
Hettich,Linear Drawer System: AvanTech YOU,AvanTech YOU - 350 mm (30 Kg) Full Extn. Silent,9303738,"Quadro YOU Drawer runner-30kg, Left",80,HIGH,HS Code: 83024200,,,,Silver,1378.00,INR,HIGH,"Qty: 1, Unit: Pc, PU: 1",,
Hettich,Linear Drawer System: AvanTech YOU,AvanTech YOU - 350 mm (30 Kg) Full Extn. Silent,9303739,"Quadro YOU Drawer runner-30kg, Right",80,HIGH,HS Code: 83024200,,,,Silver,1378.00,INR,HIGH,"Qty: 1, Unit: Pc, PU: 1",,
Hettich,Linear Drawer System: AvanTech YOU,AvanTech YOU - 350 mm (30 Kg) Full Extn. Silent,9257703,Branding clip with Hettich Logo- Silver,80,HIGH,HS Code: 39269097,,,,Silver,42.00,INR,HIGH,"Qty: 1, Unit: Pc, PU: 1",,
Hettich,Linear Drawer System: AvanTech YOU,AvanTech YOU - 350 mm (30 Kg) Full Extn. Silent,9343361,Complete Set (BOM Total),80,HIGH,BOM total row - no HS Code printed,,,,Silver,8404.00,INR,HIGH,BOM Total (Complete Set),,
Hettich,Linear Drawer System: AvanTech YOU,AvanTech YOU - 400 mm (30 Kg) Full Extn. Silent,9255014,Drawer side profile (Silver)-Left,80,HIGH,HS Code: 94039010,,,,Silver,1490.00,INR,HIGH,"Qty: 1, Unit: Pc, PU: 1",,
Hettich,Linear Drawer System: AvanTech YOU,AvanTech YOU - 400 mm (30 Kg) Full Extn. Silent,9255015,Drawer side profile (Silver)-Right,80,HIGH,HS Code: 94039010,,,,Silver,1490.00,INR,HIGH,"Qty: 1, Unit: Pc, PU: 1",,
Hettich,Linear Drawer System: AvanTech YOU,AvanTech YOU - 400 mm (30 Kg) Full Extn. Silent,9255807,Design profile (Silver),80,HIGH,HS Code: 39169090,,,,Silver,310.00,INR,HIGH,"Qty: 2, Unit: Pc, PU: 2",,
Hettich,Linear Drawer System: AvanTech YOU,AvanTech YOU - 400 mm (30 Kg) Full Extn. Silent,9255835,Front connector for drawer side profile,80,HIGH,HS Code: 83024200,,,,Silver,894.00,INR,HIGH,"Qty: 2, Unit: Pc, PU: 2",,
Hettich,Linear Drawer System: AvanTech YOU,AvanTech YOU - 400 mm (30 Kg) Full Extn. Silent,9257666,"Rear Panel Connector (Silver), Left",80,HIGH,HS Code: 83024200,,,,Silver,339.00,INR,HIGH,"Qty: 1, Unit: Pc, PU: 1",,
Hettich,Linear Drawer System: AvanTech YOU,AvanTech YOU - 400 mm (30 Kg) Full Extn. Silent,9257667,"Rear panel connector (Silver), Right",80,HIGH,HS Code: 83024200,,,,Silver,339.00,INR,HIGH,"Qty: 1, Unit: Pc, PU: 1",,
Hettich,Linear Drawer System: AvanTech YOU,AvanTech YOU - 400 mm (30 Kg) Full Extn. Silent,9257702,Rear Panel stabilizer,80,HIGH,HS Code: 39263000,,,,Silver,42.00,INR,HIGH,"Qty: 3, Unit: Pc, PU: 3",,
Hettich,Linear Drawer System: AvanTech YOU,AvanTech YOU - 400 mm (30 Kg) Full Extn. Silent,9321561,Front stabiliser,80,HIGH,HS Code: 39263000,,,,Silver,464.00,INR,HIGH,"Qty: 1, Unit: Pc, PU: 1",,
Hettich,Linear Drawer System: AvanTech YOU,AvanTech YOU - 400 mm (30 Kg) Full Extn. Silent,9303772,"Quadro YOU Drawer runner-30kg, Left",80,HIGH,HS Code: 83024200,,,,Silver,1511.00,INR,HIGH,"Qty: 1, Unit: Pc, PU: 1",,
Hettich,Linear Drawer System: AvanTech YOU,AvanTech YOU - 400 mm (30 Kg) Full Extn. Silent,9303773,"Quadro YOU Drawer runner-30kg, Right",80,HIGH,HS Code: 83024200,,,,Silver,1511.00,INR,HIGH,"Qty: 1, Unit: Pc, PU: 1",,
Hettich,Linear Drawer System: AvanTech YOU,AvanTech YOU - 400 mm (30 Kg) Full Extn. Silent,9257703,Branding clip with Hettich Logo- Silver,80,HIGH,HS Code: 39269097,,,,Silver,42.00,INR,HIGH,"Qty: 1, Unit: Pc, PU: 1",,
Hettich,Linear Drawer System: AvanTech YOU,AvanTech YOU - 400 mm (30 Kg) Full Extn. Silent,9343370,Complete Set (BOM Total),80,HIGH,BOM total row - no HS Code printed,,,,Silver,8432.00,INR,HIGH,BOM Total (Complete Set),,
Hettich,Linear Drawer System: AvanTech YOU,AvanTech YOU – 450 mm (30 Kg) Full Extn. Silent — Height 101 mm,9255016,"Drawer Side Profile (Silver), Left",81,HIGH,HS Code: 94039010,,,,Silver,1648.00,INR,HIGH,"Qty: 1, Unit: Pc, PU: 1",,
Hettich,Linear Drawer System: AvanTech YOU,AvanTech YOU – 450 mm (30 Kg) Full Extn. Silent — Height 101 mm,9255017,"Drawer Side Profile (Silver), Right",81,HIGH,HS Code: 94039010,,,,Silver,1648.00,INR,HIGH,"Qty: 1, Unit: Pc, PU: 1",,
Hettich,Linear Drawer System: AvanTech YOU,AvanTech YOU – 450 mm (30 Kg) Full Extn. Silent — Height 101 mm,9255808,Design Profile (Silver),81,HIGH,HS Code: 39169090,,,,Silver,292.00,INR,HIGH,"Qty: 2, Unit: Pc, PU: 2",,
Hettich,Linear Drawer System: AvanTech YOU,AvanTech YOU – 450 mm (30 Kg) Full Extn. Silent — Height 101 mm,9255835,Front Panel Connector for drawer side profile,81,HIGH,HS Code: 39169090; HS Code: 83024200,,,,Silver,894.00,INR,HIGH,"Qty: 4, Unit: Pc, PU: 4",,
Hettich,Linear Drawer System: AvanTech YOU,AvanTech YOU – 450 mm (30 Kg) Full Extn. Silent — Height 101 mm,9255835,Front Panel Connector for drawer side profile,81,HIGH,HS Code: 39169090; HS Code: 83024200,,,,Anthracite,894.00,INR,HIGH,"Qty: 4, Unit: Pc, PU: 4",,
Hettich,Linear Drawer System: AvanTech YOU,AvanTech YOU – 450 mm (30 Kg) Full Extn. Silent — Height 101 mm,9257666,"Rear Panel Connector (Silver), Left",81,HIGH,HS Code: 83024200,,,,Silver,339.00,INR,HIGH,"Qty: 1, Unit: Pc, PU: 1",,
Hettich,Linear Drawer System: AvanTech YOU,AvanTech YOU – 450 mm (30 Kg) Full Extn. Silent — Height 101 mm,9257667,"Rear Panel Connector (Silver), Right",81,HIGH,HS Code: 83024200,,,,Silver,339.00,INR,HIGH,"Qty: 1, Unit: Pc, PU: 1",,
Hettich,Linear Drawer System: AvanTech YOU,AvanTech YOU – 450 mm (30 Kg) Full Extn. Silent — Height 101 mm,9257702,Rear Panel Stabilizer,81,HIGH,HS Code: 39263000; HS Code: 39263090,,,,Silver,42.00,INR,HIGH,"Qty: 3, Unit: Pc, PU: 3",,
Hettich,Linear Drawer System: AvanTech YOU,AvanTech YOU – 450 mm (30 Kg) Full Extn. Silent — Height 101 mm,9257702,Rear Panel Stabilizer,81,HIGH,HS Code: 39263000; HS Code: 39263090,,,,Anthracite,42.00,INR,HIGH,"Qty: 3, Unit: Pc, PU: 3",,
Hettich,Linear Drawer System: AvanTech YOU,AvanTech YOU – 450 mm (30 Kg) Full Extn. Silent — Height 101 mm,9321561,Front Stabilizer,81,HIGH,HS Code: 39263000; HS Code: 39263090,,,,Silver,464.00,INR,HIGH,"Qty: 1, Unit: Pc, PU: 1",,
Hettich,Linear Drawer System: AvanTech YOU,AvanTech YOU – 450 mm (30 Kg) Full Extn. Silent — Height 101 mm,9321561,Front Stabilizer,81,HIGH,HS Code: 39263000; HS Code: 39263090,,,,Anthracite,464.00,INR,HIGH,"Qty: 1, Unit: Pc, PU: 1",,
Hettich,Linear Drawer System: AvanTech YOU,AvanTech YOU – 450 mm (30 Kg) Full Extn. Silent — Height 101 mm,9303776,"Quadro YOU Drawer runner-30kg, Left",81,HIGH,HS Code: 83024200,,,,Silver,1574.00,INR,HIGH,"Qty: 1, Unit: Pc, PU: 1",,
Hettich,Linear Drawer System: AvanTech YOU,AvanTech YOU – 450 mm (30 Kg) Full Extn. Silent — Height 101 mm,9303776,"Quadro YOU Drawer runner-30kg, Left",81,HIGH,HS Code: 83024200,,,,Anthracite,1574.00,INR,HIGH,"Qty: 1, Unit: Pc, PU: 1",,
Hettich,Linear Drawer System: AvanTech YOU,AvanTech YOU – 450 mm (30 Kg) Full Extn. Silent — Height 101 mm,9303777,"Quadro YOU Drawer runner-30kg, Right",81,HIGH,HS Code: 83024200,,,,Silver,1574.00,INR,HIGH,"Qty: 1, Unit: Pc, PU: 1",,
Hettich,Linear Drawer System: AvanTech YOU,AvanTech YOU – 450 mm (30 Kg) Full Extn. Silent — Height 101 mm,9303777,"Quadro YOU Drawer runner-30kg, Right",81,HIGH,HS Code: 83024200,,,,Anthracite,1574.00,INR,HIGH,"Qty: 1, Unit: Pc, PU: 1",,
Hettich,Linear Drawer System: AvanTech YOU,AvanTech YOU – 450 mm (30 Kg) Full Extn. Silent — Height 101 mm,9257703,Branding clip with Hettich logo (silver),81,HIGH,HS Code: 39269097,,,,Silver,42.00,INR,HIGH,"Qty: 1, Unit: Pc, PU: 1",,
Hettich,Linear Drawer System: AvanTech YOU,AvanTech YOU – 500 mm (30 Kg) Full Extn. Silent — Height 101 mm,9255018,"Drawer Side Profile (Silver), Left",81,HIGH,HS Code: 94039910,,,,Silver,1685.00,INR,HIGH,"Qty: 1, Unit: Pc, PU: 1",,
Hettich,Linear Drawer System: AvanTech YOU,AvanTech YOU – 500 mm (30 Kg) Full Extn. Silent — Height 101 mm,9255019,"Drawer Side Profile (Silver), Right",81,HIGH,HS Code: 94039910,,,,Silver,1685.00,INR,HIGH,"Qty: 1, Unit: Pc, PU: 1",,
Hettich,Linear Drawer System: AvanTech YOU,AvanTech YOU – 500 mm (30 Kg) Full Extn. Silent — Height 101 mm,9255809,Design Profile (Silver),81,HIGH,HS Code: 83024200,,,,Silver,292.00,INR,HIGH,"Qty: 2, Unit: Pc, PU: 2",,
Hettich,Linear Drawer System: AvanTech YOU,AvanTech YOU – 500 mm (30 Kg) Full Extn. Silent — Height 101 mm,9255835,Front Panel Connector for drawer side profile,81,HIGH,HS Code: 39169090,,,,Silver,894.00,INR,HIGH,"Qty: 4, Unit: Pc, PU: 4",,
Hettich,Linear Drawer System: AvanTech YOU,AvanTech YOU – 500 mm (30 Kg) Full Extn. Silent — Height 101 mm,9255835,Front Panel Connector for drawer side profile,81,HIGH,HS Code: 39169090,,,,White,894.00,INR,HIGH,"Qty: 4, Unit: Pc, PU: 4",,
Hettich,Linear Drawer System: AvanTech YOU,AvanTech YOU – 500 mm (30 Kg) Full Extn. Silent — Height 101 mm,9255835,Front Panel Connector for drawer side profile,81,HIGH,HS Code: 39169090,,,,Anthracite,894.00,INR,HIGH,"Qty: 4, Unit: Pc, PU: 4",,
Hettich,Linear Drawer System: AvanTech YOU,AvanTech YOU – 500 mm (30 Kg) Full Extn. Silent — Height 101 mm,9257666,"Rear Panel Connector (Silver), Left",81,HIGH,HS Code: 83024200,,,,Silver,339.00,INR,HIGH,"Qty: 1, Unit: Pc, PU: 1",,
Hettich,Linear Drawer System: AvanTech YOU,AvanTech YOU – 500 mm (30 Kg) Full Extn. Silent — Height 101 mm,9257667,"Rear Panel Connector (Silver), Right",81,HIGH,HS Code: 83024200,,,,Silver,339.00,INR,HIGH,"Qty: 1, Unit: Pc, PU: 1",,
Hettich,Linear Drawer System: AvanTech YOU,AvanTech YOU – 500 mm (30 Kg) Full Extn. Silent — Height 101 mm,9257702,Rear Panel Stabilizer,81,HIGH,HS Code: 39263090,,,,Silver,42.00,INR,HIGH,"Qty: 3, Unit: Pc, PU: 3",,
Hettich,Linear Drawer System: AvanTech YOU,AvanTech YOU – 500 mm (30 Kg) Full Extn. Silent — Height 101 mm,9257702,Rear Panel Stabilizer,81,HIGH,HS Code: 39263090,,,,White,42.00,INR,HIGH,"Qty: 3, Unit: Pc, PU: 3",,
Hettich,Linear Drawer System: AvanTech YOU,AvanTech YOU – 500 mm (30 Kg) Full Extn. Silent — Height 101 mm,9257702,Rear Panel Stabilizer,81,HIGH,HS Code: 39263090,,,,Anthracite,42.00,INR,HIGH,"Qty: 3, Unit: Pc, PU: 3",,
Hettich,Linear Drawer System: AvanTech YOU,AvanTech YOU – 500 mm (30 Kg) Full Extn. Silent — Height 101 mm,9321561,Front Stabilizer,81,HIGH,HS Code: 39263090,,,,Silver,464.00,INR,HIGH,"Qty: 1, Unit: Pc, PU: 1",,
Hettich,Linear Drawer System: AvanTech YOU,AvanTech YOU – 500 mm (30 Kg) Full Extn. Silent — Height 101 mm,9321561,Front Stabilizer,81,HIGH,HS Code: 39263090,,,,White,464.00,INR,HIGH,"Qty: 1, Unit: Pc, PU: 1",,
Hettich,Linear Drawer System: AvanTech YOU,AvanTech YOU – 500 mm (30 Kg) Full Extn. Silent — Height 101 mm,9321561,Front Stabilizer,81,HIGH,HS Code: 39263090,,,,Anthracite,464.00,INR,HIGH,"Qty: 1, Unit: Pc, PU: 1",,
Hettich,Linear Drawer System: AvanTech YOU,AvanTech YOU – 500 mm (30 Kg) Full Extn. Silent — Height 101 mm,9303780,"Quadro YOU Drawer runner-30kg, Left",81,HIGH,HS Code: 83024200,,,,Silver,1638.00,INR,HIGH,"Qty: 1, Unit: Pc, PU: 1",,
Hettich,Linear Drawer System: AvanTech YOU,AvanTech YOU – 500 mm (30 Kg) Full Extn. Silent — Height 101 mm,9303780,"Quadro YOU Drawer runner-30kg, Left",81,HIGH,HS Code: 83024200,,,,White,1638.00,INR,HIGH,"Qty: 1, Unit: Pc, PU: 1",,
Hettich,Linear Drawer System: AvanTech YOU,AvanTech YOU – 500 mm (30 Kg) Full Extn. Silent — Height 101 mm,9303781,"Quadro YOU Drawer runner-30kg, Right",81,HIGH,HS Code: 83024200,,,,Silver,1638.00,INR,HIGH,"Qty: 1, Unit: Pc, PU: 1",,
Hettich,Linear Drawer System: AvanTech YOU,AvanTech YOU – 500 mm (30 Kg) Full Extn. Silent — Height 101 mm,9303781,"Quadro YOU Drawer runner-30kg, Right",81,HIGH,HS Code: 83024200,,,,White,1638.00,INR,HIGH,"Qty: 1, Unit: Pc, PU: 1",,
Hettich,Linear Drawer System: AvanTech YOU,AvanTech YOU – 500 mm (30 Kg) Full Extn. Silent — Height 101 mm,9257703,Branding clip with Hettich logo (silver),81,HIGH,HS Code: 39269099,,,,Silver,42.00,INR,HIGH,"Qty: 1, Unit: Pc, PU: 1",,
Hettich,Linear Drawer System: AvanTech YOU,AvanTech YOU – 550 mm (30 Kg) Full Extn. Silent — Height 101 mm,9255020,"Drawer Side Profile (Silver), Left",81,HIGH,HS Code: 94039910,,,,Silver,1711.00,INR,HIGH,"Qty: 1, Unit: Pc, PU: 1",,
Hettich,Linear Drawer System: AvanTech YOU,AvanTech YOU – 550 mm (30 Kg) Full Extn. Silent — Height 101 mm,9255021,"Drawer Side Profile (Silver), Right",81,HIGH,HS Code: 94039910,,,,Silver,1711.00,INR,HIGH,"Qty: 1, Unit: Pc, PU: 1",,
Hettich,Linear Drawer System: AvanTech YOU,AvanTech YOU – 550 mm (30 Kg) Full Extn. Silent — Height 101 mm,9255810,Design Profile (Silver),81,HIGH,HS Code: 83024200,,,,Silver,292.00,INR,HIGH,"Qty: 2, Unit: Pc, PU: 2",,
Hettich,Linear Drawer System: AvanTech YOU,AvanTech YOU – 550 mm (30 Kg) Full Extn. Silent — Height 101 mm,9255835,Front Panel Connector for drawer side profile,81,HIGH,HS Code: 39169090,,,,Silver,894.00,INR,HIGH,"Qty: 4, Unit: Pc, PU: 4",,
Hettich,Linear Drawer System: AvanTech YOU,AvanTech YOU – 550 mm (30 Kg) Full Extn. Silent — Height 101 mm,9255835,Front Panel Connector for drawer side profile,81,HIGH,HS Code: 39169090,,,,Anthracite,894.00,INR,HIGH,"Qty: 4, Unit: Pc, PU: 4",,
Hettich,Linear Drawer System: AvanTech YOU,AvanTech YOU – 550 mm (30 Kg) Full Extn. Silent — Height 101 mm,9257666,"Rear Panel Connector (Silver), Left",81,HIGH,HS Code: 83024200,,,,Silver,339.00,INR,HIGH,"Qty: 1, Unit: Pc, PU: 1",,
Hettich,Linear Drawer System: AvanTech YOU,AvanTech YOU – 550 mm (30 Kg) Full Extn. Silent — Height 101 mm,9257667,"Rear Panel Connector (Silver), Right",81,HIGH,HS Code: 83024200,,,,Silver,339.00,INR,HIGH,"Qty: 1, Unit: Pc, PU: 1",,
Hettich,Linear Drawer System: AvanTech YOU,AvanTech YOU – 550 mm (30 Kg) Full Extn. Silent — Height 101 mm,9257702,Rear Panel Stabilizer,81,HIGH,HS Code: 39263090,,,,Silver,42.00,INR,HIGH,"Qty: 3, Unit: Pc, PU: 3",,
Hettich,Linear Drawer System: AvanTech YOU,AvanTech YOU – 550 mm (30 Kg) Full Extn. Silent — Height 101 mm,9257702,Rear Panel Stabilizer,81,HIGH,HS Code: 39263090,,,,Anthracite,42.00,INR,HIGH,"Qty: 3, Unit: Pc, PU: 3",,
Hettich,Linear Drawer System: AvanTech YOU,AvanTech YOU – 550 mm (30 Kg) Full Extn. Silent — Height 101 mm,9321561,Front Stabilizer,81,HIGH,HS Code: 39263090,,,,Silver,464.00,INR,HIGH,"Qty: 1, Unit: Pc, PU: 1",,
Hettich,Linear Drawer System: AvanTech YOU,AvanTech YOU – 550 mm (30 Kg) Full Extn. Silent — Height 101 mm,9321561,Front Stabilizer,81,HIGH,HS Code: 39263090,,,,Anthracite,464.00,INR,HIGH,"Qty: 1, Unit: Pc, PU: 1",,
Hettich,Linear Drawer System: AvanTech YOU,AvanTech YOU – 550 mm (30 Kg) Full Extn. Silent — Height 101 mm,9303784,"Quadro YOU Drawer runner-30kg, Left",81,HIGH,HS Code: 83024200,,,,Silver,1765.00,INR,HIGH,"Qty: 1, Unit: Pc, PU: 1",,
Hettich,Linear Drawer System: AvanTech YOU,AvanTech YOU – 550 mm (30 Kg) Full Extn. Silent — Height 101 mm,9303784,"Quadro YOU Drawer runner-30kg, Left",81,HIGH,HS Code: 83024200,,,,Anthracite,1765.00,INR,HIGH,"Qty: 1, Unit: Pc, PU: 1",,
Hettich,Linear Drawer System: AvanTech YOU,AvanTech YOU – 550 mm (30 Kg) Full Extn. Silent — Height 101 mm,9303785,"Quadro YOU Drawer runner-30kg, Right",81,HIGH,HS Code: 83024200,,,,Silver,1765.00,INR,HIGH,"Qty: 1, Unit: Pc, PU: 1",,
Hettich,Linear Drawer System: AvanTech YOU,AvanTech YOU – 550 mm (30 Kg) Full Extn. Silent — Height 101 mm,9303785,"Quadro YOU Drawer runner-30kg, Right",81,HIGH,HS Code: 83024200,,,,Anthracite,1765.00,INR,HIGH,"Qty: 1, Unit: Pc, PU: 1",,
Hettich,Linear Drawer System: AvanTech YOU,AvanTech YOU – 550 mm (30 Kg) Full Extn. Silent — Height 101 mm,9257703,Branding clip with Hettich logo (silver),81,HIGH,HS Code: 39269099,,,,Silver,42.00,INR,HIGH,"Qty: 1, Unit: Pc, PU: 1",,
Hettich,Linear Drawer System: AvanTech YOU,AvanTech YOU – 350 mm (30 Kg) Full Extn. Silent — Height 187 mm,9255048,"Drawer Side Profile (Silver), Left",81,HIGH,HS Code: 94039010,,,,Silver,2560.00,INR,HIGH,"Qty: 1, Unit: Pc, PU: 1",,
Hettich,Linear Drawer System: AvanTech YOU,AvanTech YOU – 350 mm (30 Kg) Full Extn. Silent — Height 187 mm,9255049,"Drawer Side Profile (Silver), Right",81,HIGH,HS Code: 94039010,,,,Silver,2560.00,INR,HIGH,"Qty: 1, Unit: Pc, PU: 1",,
Hettich,Linear Drawer System: AvanTech YOU,AvanTech YOU – 350 mm (30 Kg) Full Extn. Silent — Height 187 mm,9255806,Design Profile (Silver),81,HIGH,HS Code: 39169090,,,,Silver,282.00,INR,HIGH,"Qty: 2, Unit: Pc, PU: 2",,
Hettich,Linear Drawer System: AvanTech YOU,AvanTech YOU – 350 mm (30 Kg) Full Extn. Silent — Height 187 mm,9255838,Front connector for drawer side profile,81,HIGH,HS Code: 83024200,,,,Silver,1586.00,INR,HIGH,"Qty: 2, Unit: Pc, PU: 2",,
Hettich,Linear Drawer System: AvanTech YOU,AvanTech YOU – 350 mm (30 Kg) Full Extn. Silent — Height 187 mm,9255838,Front connector for drawer side profile,81,HIGH,HS Code: 83024200,,,,Anthracite,1586.00,INR,HIGH,"Qty: 2, Unit: Pc, PU: 2",,
Hettich,Linear Drawer System: AvanTech YOU,AvanTech YOU – 350 mm (30 Kg) Full Extn. Silent — Height 187 mm,9257670,"Rear Panel Connector (Silver), Left",81,HIGH,HS Code: 83024200,,,,Silver,477.00,INR,HIGH,"Qty: 1, Unit: Pc, PU: 1",,
Hettich,Linear Drawer System: AvanTech YOU,AvanTech YOU – 350 mm (30 Kg) Full Extn. Silent — Height 187 mm,9257671,"Rear Panel Connector (Silver), Right",81,HIGH,HS Code: 83024200,,,,Silver,477.00,INR,HIGH,"Qty: 1, Unit: Pc, PU: 1",,
Hettich,Linear Drawer System: AvanTech YOU,AvanTech YOU – 350 mm (30 Kg) Full Extn. Silent — Height 187 mm,9257702,Rear Panel Stabilizer,81,HIGH,HS Code: 39263000; HS Code: 39263090,,,,Silver,42.00,INR,HIGH,"Qty: 3, Unit: Pc, PU: 3",,
Hettich,Linear Drawer System: AvanTech YOU,AvanTech YOU – 350 mm (30 Kg) Full Extn. Silent — Height 187 mm,9257702,Rear Panel Stabilizer,81,HIGH,HS Code: 39263000; HS Code: 39263090,,,,Anthracite,42.00,INR,HIGH,"Qty: 3, Unit: Pc, PU: 3",,
Hettich,Linear Drawer System: AvanTech YOU,AvanTech YOU – 350 mm (30 Kg) Full Extn. Silent — Height 187 mm,9321561,Front Stabilizer,81,HIGH,HS Code: 39263000; HS Code: 39263090,,,,Silver,460.00,INR,HIGH,"Qty: 1, Unit: Pc, PU: 1",,
Hettich,Linear Drawer System: AvanTech YOU,AvanTech YOU – 350 mm (30 Kg) Full Extn. Silent — Height 187 mm,9321561,Front Stabilizer,81,HIGH,HS Code: 39263000; HS Code: 39263090,,,,Anthracite,460.00,INR,HIGH,"Qty: 1, Unit: Pc, PU: 1",,
Hettich,Linear Drawer System: AvanTech YOU,AvanTech YOU – 350 mm (30 Kg) Full Extn. Silent — Height 187 mm,9303738,"Quadro YOU Drawer runner-30kg, Left",81,HIGH,HS Code: 83024200,,,,Silver,1378.00,INR,HIGH,"Qty: 1, Unit: Pc, PU: 1",,
Hettich,Linear Drawer System: AvanTech YOU,AvanTech YOU – 350 mm (30 Kg) Full Extn. Silent — Height 187 mm,9303738,"Quadro YOU Drawer runner-30kg, Left",81,HIGH,HS Code: 83024200,,,,Anthracite,1378.00,INR,HIGH,"Qty: 1, Unit: Pc, PU: 1",,
Hettich,Linear Drawer System: AvanTech YOU,AvanTech YOU – 350 mm (30 Kg) Full Extn. Silent — Height 187 mm,9303739,"Quadro YOU Drawer runner-30kg, Right",81,HIGH,HS Code: 83024200,,,,Silver,1378.00,INR,HIGH,"Qty: 1, Unit: Pc, PU: 1",,
Hettich,Linear Drawer System: AvanTech YOU,AvanTech YOU – 350 mm (30 Kg) Full Extn. Silent — Height 187 mm,9303739,"Quadro YOU Drawer runner-30kg, Right",81,HIGH,HS Code: 83024200,,,,Anthracite,1378.00,INR,HIGH,"Qty: 1, Unit: Pc, PU: 1",,
Hettich,Linear Drawer System: AvanTech YOU,AvanTech YOU – 350 mm (30 Kg) Full Extn. Silent — Height 187 mm,9257703,Branding clip with Hettich Logo Silver,81,HIGH,HS Code: 39269097,,,,Silver,42.00,INR,HIGH,"Qty: 1, Unit: Pc, PU: 1",,
Hettich,Linear Drawer System: AvanTech YOU,AvanTech YOU – 400 mm (30 Kg) Full Extn. Silent — Height 187 mm,9255050,"Drawer Side Profile (Silver), Left",82,HIGH,HS Code: 94039010,,,,Silver,2256.00,INR,HIGH,"Qty: 1, Unit: Pc, PU: 1",,
Hettich,Linear Drawer System: AvanTech YOU,AvanTech YOU – 400 mm (30 Kg) Full Extn. Silent — Height 187 mm,9255051,"Drawer Side Profile (Silver), Right",82,HIGH,HS Code: 94039010,,,,Silver,2256.00,INR,HIGH,"Qty: 1, Unit: Pc, PU: 1",,
Hettich,Linear Drawer System: AvanTech YOU,AvanTech YOU – 450 mm (30 Kg) Full Extn. Silent — Height 187 mm,9255052,"Drawer Side Profile (Silver), Left",82,HIGH,HS Code: 94039010,,,,Silver,2343.00,INR,HIGH,"Qty: 1, Unit: Pc, PU: 1",,
Hettich,Linear Drawer System: AvanTech YOU,AvanTech YOU – 450 mm (30 Kg) Full Extn. Silent — Height 187 mm,9255053,"Drawer Side Profile (Silver), Right",82,HIGH,HS Code: 94039010,,,,Silver,2343.00,INR,HIGH,"Qty: 1, Unit: Pc, PU: 1",,
Hettich,Linear Drawer System: AvanTech YOU,AvanTech YOU – 500 mm (30 Kg) Full Extn. Silent — Height 187 mm,9255054,"Drawer Side Profile (Silver), Left",82,HIGH,HS Code: 94039010,,,,Silver,2377.00,INR,HIGH,"Qty: 1, Unit: Pc, PU: 1",,
Hettich,Linear Drawer System: AvanTech YOU,AvanTech YOU – 500 mm (30 Kg) Full Extn. Silent — Height 187 mm,9255055,"Drawer Side Profile (Silver), Right",82,HIGH,HS Code: 94039010,,,,Silver,2377.00,INR,HIGH,"Qty: 1, Unit: Pc, PU: 1",,
Hettich,Linear Drawer System: AvanTech YOU,AvanTech YOU – 550 mm (30 Kg) Full Extn. Silent — Height 187 mm,9255056,"Drawer Side Profile (Silver), Left",82,HIGH,HS Code: 94039010,,,,Silver,2426.00,INR,HIGH,"Qty: 1, Unit: Pc, PU: 1",,
Hettich,Linear Drawer System: AvanTech YOU,AvanTech YOU – 550 mm (30 Kg) Full Extn. Silent — Height 187 mm,9255057,"Drawer Side Profile (Silver), Right",82,HIGH,HS Code: 94039010,,,,Silver,2426.00,INR,HIGH,"Qty: 1, Unit: Pc, PU: 1",,
Hettich,Linear Drawer System: AvanTech YOU,AvanTech YOU – 400 mm (30 Kg) Full Extn. Silent — Height 187 mm,9255807,Design Profile (Silver),82,HIGH,HS Code: 39169090,,,,Silver,310.00,INR,HIGH,"Qty: 2, Unit: Pc, PU: 2",,
Hettich,Linear Drawer System: AvanTech YOU,AvanTech YOU – 400 mm (30 Kg) Full Extn. Silent — Height 187 mm,9255838,Front Panel Connector for drawer side profile,82,HIGH,HS Code: 83024200,,,,Silver,1586.00,INR,HIGH,"Qty: 2, Unit: Pc, PU: 2",,
Hettich,Linear Drawer System: AvanTech YOU,AvanTech YOU – 400 mm (30 Kg) Full Extn. Silent — Height 187 mm,9255838,Front Panel Connector for drawer side profile,82,HIGH,HS Code: 83024200,,,,Anthracite,1586.00,INR,HIGH,"Qty: 2, Unit: Pc, PU: 2",,
Hettich,Linear Drawer System: AvanTech YOU,AvanTech YOU – 400 mm (30 Kg) Full Extn. Silent — Height 187 mm,9257670,"Rear Panel Connector (Silver), Left",82,HIGH,HS Code: 83024200,,,,Silver,477.00,INR,HIGH,"Qty: 1, Unit: Pc, PU: 1",,
Hettich,Linear Drawer System: AvanTech YOU,AvanTech YOU – 400 mm (30 Kg) Full Extn. Silent — Height 187 mm,9257671,"Rear Panel Connector (Silver), Right",82,HIGH,HS Code: 83024200,,,,Silver,477.00,INR,HIGH,"Qty: 1, Unit: Pc, PU: 1",,
Hettich,Linear Drawer System: AvanTech YOU,AvanTech YOU – 400 mm (30 Kg) Full Extn. Silent — Height 187 mm,9257702,Rear Panel Stabilizer,82,HIGH,HS Code: 39263000; HS Code: 39263090,,,,Silver,42.00,INR,HIGH,"Qty: 3, Unit: Pc, PU: 3",,
Hettich,Linear Drawer System: AvanTech YOU,AvanTech YOU – 400 mm (30 Kg) Full Extn. Silent — Height 187 mm,9257702,Rear Panel Stabilizer,82,HIGH,HS Code: 39263000; HS Code: 39263090,,,,Anthracite,42.00,INR,HIGH,"Qty: 3, Unit: Pc, PU: 3",,
Hettich,Linear Drawer System: AvanTech YOU,AvanTech YOU – 400 mm (30 Kg) Full Extn. Silent — Height 187 mm,9321561,Front Stabilizer,82,HIGH,HS Code: 39263000; HS Code: 39263090,,,,Silver,464.00,INR,HIGH,"Qty: 1, Unit: Pc, PU: 1",,
Hettich,Linear Drawer System: AvanTech YOU,AvanTech YOU – 400 mm (30 Kg) Full Extn. Silent — Height 187 mm,9321561,Front Stabilizer,82,HIGH,HS Code: 39263000; HS Code: 39263090,,,,Anthracite,464.00,INR,HIGH,"Qty: 1, Unit: Pc, PU: 1",,
Hettich,Linear Drawer System: AvanTech YOU,AvanTech YOU – 400 mm (30 Kg) Full Extn. Silent — Height 187 mm,9303772,"Quadro YOU Drawer runner-30kg, Left",82,HIGH,HS Code: 83024200,,,,Silver,1511.00,INR,HIGH,"Qty: 1, Unit: Pc, PU: 1",,
Hettich,Linear Drawer System: AvanTech YOU,AvanTech YOU – 400 mm (30 Kg) Full Extn. Silent — Height 187 mm,9303772,"Quadro YOU Drawer runner-30kg, Left",82,HIGH,HS Code: 83024200,,,,Anthracite,1511.00,INR,HIGH,"Qty: 1, Unit: Pc, PU: 1",,
Hettich,Linear Drawer System: AvanTech YOU,AvanTech YOU – 400 mm (30 Kg) Full Extn. Silent — Height 187 mm,9303773,"Quadro YOU Drawer runner-30kg, Right",82,HIGH,HS Code: 83024200,,,,Silver,1511.00,INR,HIGH,"Qty: 1, Unit: Pc, PU: 1",,
Hettich,Linear Drawer System: AvanTech YOU,AvanTech YOU – 400 mm (30 Kg) Full Extn. Silent — Height 187 mm,9303773,"Quadro YOU Drawer runner-30kg, Right",82,HIGH,HS Code: 83024200,,,,Anthracite,1511.00,INR,HIGH,"Qty: 1, Unit: Pc, PU: 1",,
Hettich,Linear Drawer System: AvanTech YOU,AvanTech YOU – 400 mm (30 Kg) Full Extn. Silent — Height 187 mm,9257703,Branding clip with Hettich logo (silver),82,HIGH,HS Code: 39269097,,,,Silver,42.00,INR,HIGH,"Qty: 1, Unit: Pc, PU: 1",,
Hettich,Linear Drawer System: AvanTech YOU,AvanTech YOU – 450 mm (30 Kg) Full Extn. Silent — Height 187 mm,9255808,Design Profile (Silver),82,HIGH,HS Code: 39169090,,,,Silver,292.00,INR,HIGH,"Qty: 2, Unit: Pc, PU: 2",,
Hettich,Linear Drawer System: AvanTech YOU,AvanTech YOU – 450 mm (30 Kg) Full Extn. Silent — Height 187 mm,9255838,Front Panel Connector for drawer side profile,82,HIGH,HS Code: 83024200,,,,Silver,1586.00,INR,HIGH,"Qty: 2, Unit: Pc, PU: 2",,
Hettich,Linear Drawer System: AvanTech YOU,AvanTech YOU – 450 mm (30 Kg) Full Extn. Silent — Height 187 mm,9255838,Front Panel Connector for drawer side profile,82,HIGH,HS Code: 83024200,,,,Anthracite,1586.00,INR,HIGH,"Qty: 2, Unit: Pc, PU: 2",,
Hettich,Linear Drawer System: AvanTech YOU,AvanTech YOU – 450 mm (30 Kg) Full Extn. Silent — Height 187 mm,9257670,"Rear Panel Connector (Silver), Left",82,HIGH,HS Code: 83024200,,,,Silver,477.00,INR,HIGH,"Qty: 1, Unit: Pc, PU: 1",,
Hettich,Linear Drawer System: AvanTech YOU,AvanTech YOU – 450 mm (30 Kg) Full Extn. Silent — Height 187 mm,9257671,"Rear Panel Connector (Silver), Right",82,HIGH,HS Code: 83024200,,,,Silver,477.00,INR,HIGH,"Qty: 1, Unit: Pc, PU: 1",,
Hettich,Linear Drawer System: AvanTech YOU,AvanTech YOU – 450 mm (30 Kg) Full Extn. Silent — Height 187 mm,9257702,Rear Panel Stabilizer,82,HIGH,HS Code: 39263000; HS Code: 39263090,,,,Silver,42.00,INR,HIGH,"Qty: 3, Unit: Pc, PU: 3",,
Hettich,Linear Drawer System: AvanTech YOU,AvanTech YOU – 450 mm (30 Kg) Full Extn. Silent — Height 187 mm,9257702,Rear Panel Stabilizer,82,HIGH,HS Code: 39263000; HS Code: 39263090,,,,Anthracite,42.00,INR,HIGH,"Qty: 3, Unit: Pc, PU: 3",,
Hettich,Linear Drawer System: AvanTech YOU,AvanTech YOU – 450 mm (30 Kg) Full Extn. Silent — Height 187 mm,9321561,Front Stabilizer,82,HIGH,HS Code: 39263000; HS Code: 39263090,,,,Silver,464.00,INR,HIGH,"Qty: 1, Unit: Pc, PU: 1",,
Hettich,Linear Drawer System: AvanTech YOU,AvanTech YOU – 450 mm (30 Kg) Full Extn. Silent — Height 187 mm,9321561,Front Stabilizer,82,HIGH,HS Code: 39263000; HS Code: 39263090,,,,Anthracite,464.00,INR,HIGH,"Qty: 1, Unit: Pc, PU: 1",,
Hettich,Linear Drawer System: AvanTech YOU,AvanTech YOU – 450 mm (30 Kg) Full Extn. Silent — Height 187 mm,9303776,"Quadro YOU Drawer runner-30kg, Left",82,HIGH,HS Code: 83024200,,,,Silver,1574.00,INR,HIGH,"Qty: 1, Unit: Pc, PU: 1",,
Hettich,Linear Drawer System: AvanTech YOU,AvanTech YOU – 450 mm (30 Kg) Full Extn. Silent — Height 187 mm,9303776,"Quadro YOU Drawer runner-30kg, Left",82,HIGH,HS Code: 83024200,,,,Anthracite,1574.00,INR,HIGH,"Qty: 1, Unit: Pc, PU: 1",,
Hettich,Linear Drawer System: AvanTech YOU,AvanTech YOU – 450 mm (30 Kg) Full Extn. Silent — Height 187 mm,9303777,"Quadro YOU Drawer runner-30kg, Right",82,HIGH,HS Code: 83024200,,,,Silver,1574.00,INR,HIGH,"Qty: 1, Unit: Pc, PU: 1",,
Hettich,Linear Drawer System: AvanTech YOU,AvanTech YOU – 450 mm (30 Kg) Full Extn. Silent — Height 187 mm,9303777,"Quadro YOU Drawer runner-30kg, Right",82,HIGH,HS Code: 83024200,,,,Anthracite,1574.00,INR,HIGH,"Qty: 1, Unit: Pc, PU: 1",,
Hettich,Linear Drawer System: AvanTech YOU,AvanTech YOU – 450 mm (30 Kg) Full Extn. Silent — Height 187 mm,9257703,Branding clip with Hettich logo (silver),82,HIGH,HS Code: 39269097,,,,Silver,42.00,INR,HIGH,"Qty: 1, Unit: Pc, PU: 1",,
Hettich,Linear Drawer System: AvanTech YOU,AvanTech YOU – 500 mm (30 Kg) Full Extn. Silent — Height 187 mm,9255809,Design Profile (Silver),82,HIGH,HS Code: 39169090,,,,Silver,292.00,INR,HIGH,"Qty: 2, Unit: Pc, PU: 2",,
Hettich,Linear Drawer System: AvanTech YOU,AvanTech YOU – 500 mm (30 Kg) Full Extn. Silent — Height 187 mm,9255838,Front Panel Connector for drawer side profile,82,HIGH,HS Code: 39169090; HS Code: 83024200,,,,Silver,1586.00,INR,HIGH,"Qty: 2, Unit: Pc, PU: 2",,
Hettich,Linear Drawer System: AvanTech YOU,AvanTech YOU – 500 mm (30 Kg) Full Extn. Silent — Height 187 mm,9255838,Front Panel Connector for drawer side profile,82,HIGH,HS Code: 39169090; HS Code: 83024200,,,,White,1586.00,INR,HIGH,"Qty: 4, Unit: Pc, PU: 4",,
Hettich,Linear Drawer System: AvanTech YOU,AvanTech YOU – 500 mm (30 Kg) Full Extn. Silent — Height 187 mm,9255838,Front Panel Connector for drawer side profile,82,HIGH,HS Code: 39169090; HS Code: 83024200,,,,Anthracite,1586.00,INR,HIGH,"Qty: 4, Unit: Pc, PU: 4",,
Hettich,Linear Drawer System: AvanTech YOU,AvanTech YOU – 500 mm (30 Kg) Full Extn. Silent — Height 187 mm,9257670,"Rear Panel Connector (Silver), Left",82,HIGH,HS Code: 83024200,,,,Silver,477.00,INR,HIGH,"Qty: 1, Unit: Pc, PU: 1",,
Hettich,Linear Drawer System: AvanTech YOU,AvanTech YOU – 500 mm (30 Kg) Full Extn. Silent — Height 187 mm,9257671,"Rear Panel Connector (Silver), Right",82,HIGH,HS Code: 83024200,,,,Silver,477.00,INR,HIGH,"Qty: 1, Unit: Pc, PU: 1",,
Hettich,Linear Drawer System: AvanTech YOU,AvanTech YOU – 500 mm (30 Kg) Full Extn. Silent — Height 187 mm,9257702,Rear Panel Stabilizer,82,HIGH,HS Code: 39263000; HS Code: 39263090,,,,Silver,42.00,INR,HIGH,"Qty: 3, Unit: Pc, PU: 3",,
Hettich,Linear Drawer System: AvanTech YOU,AvanTech YOU – 500 mm (30 Kg) Full Extn. Silent — Height 187 mm,9257702,Rear Panel Stabilizer,82,HIGH,HS Code: 39263000; HS Code: 39263090,,,,White,42.00,INR,HIGH,"Qty: 3, Unit: Pc, PU: 3",,
Hettich,Linear Drawer System: AvanTech YOU,AvanTech YOU – 500 mm (30 Kg) Full Extn. Silent — Height 187 mm,9257702,Rear Panel Stabilizer,82,HIGH,HS Code: 39263000; HS Code: 39263090,,,,Anthracite,42.00,INR,HIGH,"Qty: 3, Unit: Pc, PU: 3",,
Hettich,Linear Drawer System: AvanTech YOU,AvanTech YOU – 500 mm (30 Kg) Full Extn. Silent — Height 187 mm,9321561,Front Stabilizer,82,HIGH,HS Code: 39263000; HS Code: 39263090,,,,Silver,464.00,INR,HIGH,"Qty: 1, Unit: Pc, PU: 1",,
Hettich,Linear Drawer System: AvanTech YOU,AvanTech YOU – 500 mm (30 Kg) Full Extn. Silent — Height 187 mm,9321561,Front Stabilizer,82,HIGH,HS Code: 39263000; HS Code: 39263090,,,,White,464.00,INR,HIGH,"Qty: 1, Unit: Pc, PU: 1",,
Hettich,Linear Drawer System: AvanTech YOU,AvanTech YOU – 500 mm (30 Kg) Full Extn. Silent — Height 187 mm,9321561,Front Stabilizer,82,HIGH,HS Code: 39263000; HS Code: 39263090,,,,Anthracite,464.00,INR,HIGH,"Qty: 1, Unit: Pc, PU: 1",,
Hettich,Linear Drawer System: AvanTech YOU,AvanTech YOU – 500 mm (30 Kg) Full Extn. Silent — Height 187 mm,9303780,"Quadro YOU Drawer runner-30kg, Left",82,HIGH,HS Code: 83024200,,,,Silver,1638.00,INR,HIGH,"Qty: 1, Unit: Pc, PU: 1",,
Hettich,Linear Drawer System: AvanTech YOU,AvanTech YOU – 500 mm (30 Kg) Full Extn. Silent — Height 187 mm,9303780,"Quadro YOU Drawer runner-30kg, Left",82,HIGH,HS Code: 83024200,,,,White,1638.00,INR,HIGH,"Qty: 1, Unit: Pc, PU: 1",,
Hettich,Linear Drawer System: AvanTech YOU,AvanTech YOU – 500 mm (30 Kg) Full Extn. Silent — Height 187 mm,9303780,"Quadro YOU Drawer runner-30kg, Left",82,HIGH,HS Code: 83024200,,,,Anthracite,1638.00,INR,HIGH,"Qty: 1, Unit: Pc, PU: 1",,
Hettich,Linear Drawer System: AvanTech YOU,AvanTech YOU – 500 mm (30 Kg) Full Extn. Silent — Height 187 mm,9303781,"Quadro YOU Drawer runner-30kg, Right",82,HIGH,HS Code: 83024200,,,,Silver,1638.00,INR,HIGH,"Qty: 1, Unit: Pc, PU: 1",,
Hettich,Linear Drawer System: AvanTech YOU,AvanTech YOU – 500 mm (30 Kg) Full Extn. Silent — Height 187 mm,9303781,"Quadro YOU Drawer runner-30kg, Right",82,HIGH,HS Code: 83024200,,,,White,1638.00,INR,HIGH,"Qty: 1, Unit: Pc, PU: 1",,
Hettich,Linear Drawer System: AvanTech YOU,AvanTech YOU – 500 mm (30 Kg) Full Extn. Silent — Height 187 mm,9303781,"Quadro YOU Drawer runner-30kg, Right",82,HIGH,HS Code: 83024200,,,,Anthracite,1638.00,INR,HIGH,"Qty: 1, Unit: Pc, PU: 1",,
Hettich,Linear Drawer System: AvanTech YOU,AvanTech YOU – 500 mm (30 Kg) Full Extn. Silent — Height 187 mm,9257703,Branding clip with Hettich logo (silver),82,HIGH,HS Code: 39269097,,,,Silver,42.00,INR,HIGH,"Qty: 1, Unit: Pc, PU: 1",,
Hettich,Linear Drawer System: AvanTech YOU,AvanTech YOU – 550 mm (30 Kg) Full Extn. Silent — Height 187 mm,9255810,Design Profile (Silver),82,HIGH,HS Code: 39169090,,,,Silver,292.00,INR,HIGH,"Qty: 2, Unit: Pc, PU: 2",,
Hettich,Linear Drawer System: AvanTech YOU,AvanTech YOU – 550 mm (30 Kg) Full Extn. Silent — Height 187 mm,9255838,Front Panel Connector for drawer side profile,82,HIGH,HS Code: 39169090; HS Code: 83024200,,,,Silver,1586.00,INR,HIGH,"Qty: 2, Unit: Pc, PU: 2",,
Hettich,Linear Drawer System: AvanTech YOU,AvanTech YOU – 550 mm (30 Kg) Full Extn. Silent — Height 187 mm,9255838,Front Panel Connector for drawer side profile,82,HIGH,HS Code: 39169090; HS Code: 83024200,,,,Anthracite,1586.00,INR,HIGH,"Qty: 4, Unit: Pc, PU: 4",,
Hettich,Linear Drawer System: AvanTech YOU,AvanTech YOU – 550 mm (30 Kg) Full Extn. Silent — Height 187 mm,9257670,"Rear Panel Connector (Silver), Left",82,HIGH,HS Code: 83024200,,,,Silver,477.00,INR,HIGH,"Qty: 1, Unit: Pc, PU: 1",,
Hettich,Linear Drawer System: AvanTech YOU,AvanTech YOU – 550 mm (30 Kg) Full Extn. Silent — Height 187 mm,9257671,"Rear Panel Connector (Silver), Right",82,HIGH,HS Code: 83024200,,,,Silver,477.00,INR,HIGH,"Qty: 1, Unit: Pc, PU: 1",,
Hettich,Linear Drawer System: AvanTech YOU,AvanTech YOU – 550 mm (30 Kg) Full Extn. Silent — Height 187 mm,9257702,Rear Panel Stabilizer,82,HIGH,HS Code: 39263000; HS Code: 39263090,,,,Silver,42.00,INR,HIGH,"Qty: 3, Unit: Pc, PU: 3",,
Hettich,Linear Drawer System: AvanTech YOU,AvanTech YOU – 550 mm (30 Kg) Full Extn. Silent — Height 187 mm,9257702,Rear Panel Stabilizer,82,HIGH,HS Code: 39263000; HS Code: 39263090,,,,Anthracite,42.00,INR,HIGH,"Qty: 3, Unit: Pc, PU: 3",,
Hettich,Linear Drawer System: AvanTech YOU,AvanTech YOU – 550 mm (30 Kg) Full Extn. Silent — Height 187 mm,9321561,Front Stabilizer,82,HIGH,HS Code: 39263000; HS Code: 39263090,,,,Silver,464.00,INR,HIGH,"Qty: 1, Unit: Pc, PU: 1",,
Hettich,Linear Drawer System: AvanTech YOU,AvanTech YOU – 550 mm (30 Kg) Full Extn. Silent — Height 187 mm,9321561,Front Stabilizer,82,HIGH,HS Code: 39263000; HS Code: 39263090,,,,Anthracite,464.00,INR,HIGH,"Qty: 1, Unit: Pc, PU: 1",,
Hettich,Linear Drawer System: AvanTech YOU,AvanTech YOU – 550 mm (30 Kg) Full Extn. Silent — Height 187 mm,9303784,"Quadro YOU Drawer runner-30kg, Left",82,HIGH,HS Code: 83024200,,,,Silver,1765.00,INR,HIGH,"Qty: 1, Unit: Pc, PU: 1",,
Hettich,Linear Drawer System: AvanTech YOU,AvanTech YOU – 550 mm (30 Kg) Full Extn. Silent — Height 187 mm,9303784,"Quadro YOU Drawer runner-30kg, Left",82,HIGH,HS Code: 83024200,,,,Anthracite,1765.00,INR,HIGH,"Qty: 1, Unit: Pc, PU: 1",,
Hettich,Linear Drawer System: AvanTech YOU,AvanTech YOU – 550 mm (30 Kg) Full Extn. Silent — Height 187 mm,9303785,"Quadro YOU Drawer runner-30kg, Right",82,HIGH,HS Code: 83024200,,,,Silver,1765.00,INR,HIGH,"Qty: 1, Unit: Pc, PU: 1",,
Hettich,Linear Drawer System: AvanTech YOU,AvanTech YOU – 550 mm (30 Kg) Full Extn. Silent — Height 187 mm,9303785,"Quadro YOU Drawer runner-30kg, Right",82,HIGH,HS Code: 83024200,,,,Anthracite,1765.00,INR,HIGH,"Qty: 1, Unit: Pc, PU: 1",,
Hettich,Linear Drawer System: AvanTech YOU,AvanTech YOU – 550 mm (30 Kg) Full Extn. Silent — Height 187 mm,9257703,Branding clip with Hettich logo (silver),82,HIGH,HS Code: 39269097,,,,Silver,42.00,INR,HIGH,"Qty: 1, Unit: Pc, PU: 1",,
Hettich,Linear Drawer System: AvanTech YOU,AvanTech YOU – 350 mm (30 Kg) Full Extn. Silent — Height 251 mm,9255066,"Drawer Side Profile (Silver), Left",83,HIGH,HS Code: 94039010,,,,Silver,3504.00,INR,HIGH,"Qty: 1, Unit: Pc, PU: 1",,
Hettich,Linear Drawer System: AvanTech YOU,AvanTech YOU – 350 mm (30 Kg) Full Extn. Silent — Height 251 mm,9255067,"Drawer Side Profile (Silver), Right",83,HIGH,HS Code: 94039010,,,,Silver,3504.00,INR,HIGH,"Qty: 1, Unit: Pc, PU: 1",,
Hettich,Linear Drawer System: AvanTech YOU,AvanTech YOU – 350 mm (30 Kg) Full Extn. Silent — Height 251 mm,9255806,Design Profile (Silver),83,HIGH,HS Code: 39169090,,,,Silver,282.00,INR,HIGH,"Qty: 2, Unit: Pc, PU: 2",,
Hettich,Linear Drawer System: AvanTech YOU,AvanTech YOU – 350 mm (30 Kg) Full Extn. Silent — Height 251 mm,9255838,Front connector for drawer side profile,83,HIGH,HS Code: 83024200,,,,Silver,1586.00,INR,HIGH,"Qty: 2, Unit: Pc, PU: 2",,
Hettich,Linear Drawer System: AvanTech YOU,AvanTech YOU – 350 mm (30 Kg) Full Extn. Silent — Height 251 mm,9255838,Front connector for drawer side profile,83,HIGH,HS Code: 83024200,,,,Anthracite,1586.00,INR,HIGH,"Qty: 2, Unit: Pc, PU: 2",,
Hettich,Linear Drawer System: AvanTech YOU,AvanTech YOU – 350 mm (30 Kg) Full Extn. Silent — Height 251 mm,9257672,"Rear Panel Connector (Silver), Left",83,HIGH,HS Code: 83024200,,,,Silver,707.00,INR,HIGH,"Qty: 1, Unit: Pc, PU: 1",,
Hettich,Linear Drawer System: AvanTech YOU,AvanTech YOU – 350 mm (30 Kg) Full Extn. Silent — Height 251 mm,9257673,"Rear Panel Connector (Silver), Right",83,HIGH,HS Code: 83024200,,,,Silver,707.00,INR,HIGH,"Qty: 1, Unit: Pc, PU: 1",,
Hettich,Linear Drawer System: AvanTech YOU,AvanTech YOU – 350 mm (30 Kg) Full Extn. Silent — Height 251 mm,9257702,Rear Panel Stabilizer,83,HIGH,HS Code: 39263000,,,,Silver,42.00,INR,HIGH,"Qty: 3, Unit: Pc, PU: 3",,
Hettich,Linear Drawer System: AvanTech YOU,AvanTech YOU – 350 mm (30 Kg) Full Extn. Silent — Height 251 mm,9257702,Rear Panel Stabilizer,83,HIGH,HS Code: 39263000,,,,Anthracite,42.00,INR,HIGH,"Qty: 3, Unit: Pc, PU: 3",,
Hettich,Linear Drawer System: AvanTech YOU,AvanTech YOU – 350 mm (30 Kg) Full Extn. Silent — Height 251 mm,9321561,Front Stabilizer,83,HIGH,HS Code: 39263000,,,,Silver,460.00,INR,HIGH,"Qty: 1, Unit: Pc, PU: 1",,
Hettich,Linear Drawer System: AvanTech YOU,AvanTech YOU – 350 mm (30 Kg) Full Extn. Silent — Height 251 mm,9321561,Front Stabilizer,83,HIGH,HS Code: 39263000,,,,Anthracite,460.00,INR,HIGH,"Qty: 1, Unit: Pc, PU: 1",,
Hettich,Linear Drawer System: AvanTech YOU,AvanTech YOU – 350 mm (30 Kg) Full Extn. Silent — Height 251 mm,9303738,"Quadro YOU Drawer runner-30kg, Left",83,HIGH,HS Code: 83024200,,,,Silver,1378.00,INR,HIGH,"Qty: 1, Unit: Pc, PU: 1",,
Hettich,Linear Drawer System: AvanTech YOU,AvanTech YOU – 350 mm (30 Kg) Full Extn. Silent — Height 251 mm,9303738,"Quadro YOU Drawer runner-30kg, Left",83,HIGH,HS Code: 83024200,,,,Anthracite,1378.00,INR,HIGH,"Qty: 1, Unit: Pc, PU: 1",,
Hettich,Linear Drawer System: AvanTech YOU,AvanTech YOU – 350 mm (30 Kg) Full Extn. Silent — Height 251 mm,9303739,"Quadro YOU Drawer runner-30kg, Right",83,HIGH,HS Code: 83024200,,,,Silver,1378.00,INR,HIGH,"Qty: 1, Unit: Pc, PU: 1",,
Hettich,Linear Drawer System: AvanTech YOU,AvanTech YOU – 350 mm (30 Kg) Full Extn. Silent — Height 251 mm,9303739,"Quadro YOU Drawer runner-30kg, Right",83,HIGH,HS Code: 83024200,,,,Anthracite,1378.00,INR,HIGH,"Qty: 1, Unit: Pc, PU: 1",,
Hettich,Linear Drawer System: AvanTech YOU,AvanTech YOU – 350 mm (30 Kg) Full Extn. Silent — Height 251 mm,9257703,Branding clip with Hettich logo (Silver),83,HIGH,HS Code: 39269097,,,,Silver,42.00,INR,HIGH,"Qty: 1, Unit: Pc, PU: 1",,
Hettich,Linear Drawer System: AvanTech YOU,AvanTech YOU – 350 mm (30 Kg) Full Extn. Silent — Height 251 mm,9257887,"Drawer front connector side profile, stabiliser",83,HIGH,HS Code: 39269097,,,,Silver,148.00,INR,HIGH,"Qty: 2, Unit: Pc, PU: 2",,
Hettich,Linear Drawer System: AvanTech YOU,AvanTech YOU – 350 mm (30 Kg) Full Extn. Silent — Height 251 mm,9257887,"Drawer front connector side profile, stabiliser",83,HIGH,HS Code: 39269097,,,,Anthracite,148.00,INR,HIGH,"Qty: 2, Unit: Pc, PU: 2",,
Hettich,Linear Drawer System: AvanTech YOU,AvanTech YOU – 400 mm (30 Kg) Full Extn. Silent — Height 251 mm,9255068,"Drawer Side Profile (Silver), Left",83,HIGH,HS Code: 94039010,,,,Silver,4109.00,INR,HIGH,"Qty: 1, Unit: Pc, PU: 1",,
Hettich,Linear Drawer System: AvanTech YOU,AvanTech YOU – 400 mm (30 Kg) Full Extn. Silent — Height 251 mm,9255069,"Drawer Side Profile (Silver), Right",83,HIGH,HS Code: 94039010,,,,Silver,4109.00,INR,HIGH,"Qty: 1, Unit: Pc, PU: 1",,
Hettich,Linear Drawer System: AvanTech YOU,AvanTech YOU – 400 mm (30 Kg) Full Extn. Silent — Height 251 mm,9255807,Design Profile (Silver),83,HIGH,HS Code: 39169090,,,,Silver,310.00,INR,HIGH,"Qty: 2, Unit: Pc, PU: 2",,
Hettich,Linear Drawer System: AvanTech YOU,AvanTech YOU – 400 mm (30 Kg) Full Extn. Silent — Height 251 mm,9255838,Front Panel Connector for drawer side profile,83,HIGH,HS Code: 83024200,,,,Silver,1586.00,INR,HIGH,"Qty: 2, Unit: Pc, PU: 2",,
Hettich,Linear Drawer System: AvanTech YOU,AvanTech YOU – 400 mm (30 Kg) Full Extn. Silent — Height 251 mm,9255838,Front Panel Connector for drawer side profile,83,HIGH,HS Code: 83024200,,,,Anthracite,1586.00,INR,HIGH,"Qty: 2, Unit: Pc, PU: 2",,
Hettich,Linear Drawer System: AvanTech YOU,AvanTech YOU – 400 mm (30 Kg) Full Extn. Silent — Height 251 mm,9257672,"Rear Panel Connector (Silver), Left",83,HIGH,HS Code: 83024200,,,,Silver,707.00,INR,HIGH,"Qty: 1, Unit: Pc, PU: 1",,
Hettich,Linear Drawer System: AvanTech YOU,AvanTech YOU – 400 mm (30 Kg) Full Extn. Silent — Height 251 mm,9257673,"Rear Panel Connector (Silver), Right",83,HIGH,HS Code: 83024200,,,,Silver,707.00,INR,HIGH,"Qty: 1, Unit: Pc, PU: 1",,
Hettich,Linear Drawer System: AvanTech YOU,AvanTech YOU – 400 mm (30 Kg) Full Extn. Silent — Height 251 mm,9257702,Rear Panel Stabilizer,83,HIGH,HS Code: 39263000,,,,Silver,42.00,INR,HIGH,"Qty: 3, Unit: Pc, PU: 3",,
Hettich,Linear Drawer System: AvanTech YOU,AvanTech YOU – 400 mm (30 Kg) Full Extn. Silent — Height 251 mm,9257702,Rear Panel Stabilizer,83,HIGH,HS Code: 39263000,,,,Anthracite,42.00,INR,HIGH,"Qty: 3, Unit: Pc, PU: 3",,
Hettich,Linear Drawer System: AvanTech YOU,AvanTech YOU – 400 mm (30 Kg) Full Extn. Silent — Height 251 mm,9321561,Front Stabilizer,83,HIGH,HS Code: 39263000,,,,Silver,464.00,INR,HIGH,"Qty: 1, Unit: Pc, PU: 1",,
Hettich,Linear Drawer System: AvanTech YOU,AvanTech YOU – 400 mm (30 Kg) Full Extn. Silent — Height 251 mm,9321561,Front Stabilizer,83,HIGH,HS Code: 39263000,,,,Anthracite,464.00,INR,HIGH,"Qty: 1, Unit: Pc, PU: 1",,
Hettich,Linear Drawer System: AvanTech YOU,AvanTech YOU – 400 mm (30 Kg) Full Extn. Silent — Height 251 mm,9303772,"Quadro YOU Drawer runner-30kg, Left",83,HIGH,HS Code: 83024200,,,,Silver,1511.00,INR,HIGH,"Qty: 1, Unit: Pc, PU: 1",,
Hettich,Linear Drawer System: AvanTech YOU,AvanTech YOU – 400 mm (30 Kg) Full Extn. Silent — Height 251 mm,9303772,"Quadro YOU Drawer runner-30kg, Left",83,HIGH,HS Code: 83024200,,,,Anthracite,1511.00,INR,HIGH,"Qty: 1, Unit: Pc, PU: 1",,
Hettich,Linear Drawer System: AvanTech YOU,AvanTech YOU – 400 mm (30 Kg) Full Extn. Silent — Height 251 mm,9303773,"Quadro YOU Drawer runner-30kg, Right",83,HIGH,HS Code: 83024200,,,,Silver,1511.00,INR,HIGH,"Qty: 1, Unit: Pc, PU: 1",,
Hettich,Linear Drawer System: AvanTech YOU,AvanTech YOU – 400 mm (30 Kg) Full Extn. Silent — Height 251 mm,9303773,"Quadro YOU Drawer runner-30kg, Right",83,HIGH,HS Code: 83024200,,,,Anthracite,1511.00,INR,HIGH,"Qty: 1, Unit: Pc, PU: 1",,
Hettich,Linear Drawer System: AvanTech YOU,AvanTech YOU – 400 mm (30 Kg) Full Extn. Silent — Height 251 mm,9257703,Branding clip with Hettich logo (Silver),83,HIGH,HS Code: 39269097,,,,Silver,42.00,INR,HIGH,"Qty: 1, Unit: Pc, PU: 1",,
Hettich,Linear Drawer System: AvanTech YOU,AvanTech YOU – 400 mm (30 Kg) Full Extn. Silent — Height 251 mm,9257887,"Drawer front connector side profile, stabiliser",83,HIGH,HS Code: 39269097,,,,Silver,148.00,INR,HIGH,"Qty: 2, Unit: Pc, PU: 2",,
Hettich,Linear Drawer System: AvanTech YOU,AvanTech YOU – 400 mm (30 Kg) Full Extn. Silent — Height 251 mm,9257887,"Drawer front connector side profile, stabiliser",83,HIGH,HS Code: 39269097,,,,Anthracite,148.00,INR,HIGH,"Qty: 2, Unit: Pc, PU: 2",,
Hettich,Linear Drawer System: AvanTech YOU,AvanTech YOU – 450 mm (30 Kg) Full Extn. Silent — Height 251 mm,9255070,"Drawer Side Profile (Silver), Left",83,HIGH,HS Code: 94039010,,,,Silver,3964.00,INR,HIGH,"Qty: 1, Unit: Pc, PU: 1",,
Hettich,Linear Drawer System: AvanTech YOU,AvanTech YOU – 450 mm (30 Kg) Full Extn. Silent — Height 251 mm,9255071,"Drawer Side Profile (Silver), Right",83,HIGH,HS Code: 94039010,,,,Silver,3964.00,INR,HIGH,"Qty: 1, Unit: Pc, PU: 1",,
Hettich,Linear Drawer System: AvanTech YOU,AvanTech YOU – 450 mm (30 Kg) Full Extn. Silent — Height 251 mm,9255808,Design Profile (Silver),83,HIGH,HS Code: 39169090,,,,Silver,292.00,INR,HIGH,"Qty: 2, Unit: Pc, PU: 2",,
Hettich,Linear Drawer System: AvanTech YOU,AvanTech YOU – 450 mm (30 Kg) Full Extn. Silent — Height 251 mm,9255838,Front Panel Connector for drawer side profile,83,HIGH,HS Code: 83024200,,,,Silver,1586.00,INR,HIGH,"Qty: 2, Unit: Pc, PU: 2",,
Hettich,Linear Drawer System: AvanTech YOU,AvanTech YOU – 450 mm (30 Kg) Full Extn. Silent — Height 251 mm,9255838,Front Panel Connector for drawer side profile,83,HIGH,HS Code: 83024200,,,,Anthracite,1586.00,INR,HIGH,"Qty: 4, Unit: Pc, PU: 4",,
Hettich,Linear Drawer System: AvanTech YOU,AvanTech YOU – 450 mm (30 Kg) Full Extn. Silent — Height 251 mm,9257672,"Rear Panel Connector (Silver), Left",83,HIGH,HS Code: 83024200,,,,Silver,707.00,INR,HIGH,"Qty: 1, Unit: Pc, PU: 1",,
Hettich,Linear Drawer System: AvanTech YOU,AvanTech YOU – 450 mm (30 Kg) Full Extn. Silent — Height 251 mm,9257673,"Rear Panel Connector (Silver), Right",83,HIGH,HS Code: 83024200,,,,Silver,707.00,INR,HIGH,"Qty: 1, Unit: Pc, PU: 1",,
Hettich,Linear Drawer System: AvanTech YOU,AvanTech YOU – 450 mm (30 Kg) Full Extn. Silent — Height 251 mm,9257702,Rear Panel Stabilizer,83,HIGH,HS Code: 39263000,,,,Silver,42.00,INR,HIGH,"Qty: 3, Unit: Pc, PU: 3",,
Hettich,Linear Drawer System: AvanTech YOU,AvanTech YOU – 450 mm (30 Kg) Full Extn. Silent — Height 251 mm,9257702,Rear Panel Stabilizer,83,HIGH,HS Code: 39263000,,,,Anthracite,42.00,INR,HIGH,"Qty: 3, Unit: Pc, PU: 3",,
Hettich,Linear Drawer System: AvanTech YOU,AvanTech YOU – 450 mm (30 Kg) Full Extn. Silent — Height 251 mm,9321561,Front Stabilizer,83,HIGH,HS Code: 39263000,,,,Silver,464.00,INR,HIGH,"Qty: 1, Unit: Pc, PU: 1",,
Hettich,Linear Drawer System: AvanTech YOU,AvanTech YOU – 450 mm (30 Kg) Full Extn. Silent — Height 251 mm,9321561,Front Stabilizer,83,HIGH,HS Code: 39263000,,,,Anthracite,464.00,INR,HIGH,"Qty: 1, Unit: Pc, PU: 1",,
Hettich,Linear Drawer System: AvanTech YOU,AvanTech YOU – 450 mm (30 Kg) Full Extn. Silent — Height 251 mm,9303776,"Quadro YOU Drawer runner-30kg, Left",83,HIGH,HS Code: 83024200,,,,Silver,1574.00,INR,HIGH,"Qty: 1, Unit: Pc, PU: 1",,
Hettich,Linear Drawer System: AvanTech YOU,AvanTech YOU – 450 mm (30 Kg) Full Extn. Silent — Height 251 mm,9303776,"Quadro YOU Drawer runner-30kg, Left",83,HIGH,HS Code: 83024200,,,,Anthracite,1574.00,INR,HIGH,"Qty: 1, Unit: Pc, PU: 1",,
Hettich,Linear Drawer System: AvanTech YOU,AvanTech YOU – 450 mm (30 Kg) Full Extn. Silent — Height 251 mm,9303777,"Quadro YOU Drawer runner-30kg, Right",83,HIGH,HS Code: 83024200,,,,Silver,1574.00,INR,HIGH,"Qty: 1, Unit: Pc, PU: 1",,
Hettich,Linear Drawer System: AvanTech YOU,AvanTech YOU – 450 mm (30 Kg) Full Extn. Silent — Height 251 mm,9303777,"Quadro YOU Drawer runner-30kg, Right",83,HIGH,HS Code: 83024200,,,,Anthracite,1574.00,INR,HIGH,"Qty: 1, Unit: Pc, PU: 1",,
Hettich,Linear Drawer System: AvanTech YOU,AvanTech YOU – 450 mm (30 Kg) Full Extn. Silent — Height 251 mm,9257703,Branding clip with Hettich logo (Silver),83,HIGH,HS Code: 39269097,,,,Silver,42.00,INR,HIGH,"Qty: 1, Unit: Pc, PU: 1",,
Hettich,Linear Drawer System: AvanTech YOU,AvanTech YOU – 450 mm (30 Kg) Full Extn. Silent — Height 251 mm,9257887,"Drawer front connector side profile, stabiliser",83,HIGH,HS Code: 39269097,,,,Silver,148.00,INR,HIGH,"Qty: 2, Unit: Pc, PU: 2",,
Hettich,Linear Drawer System: AvanTech YOU,AvanTech YOU – 450 mm (30 Kg) Full Extn. Silent — Height 251 mm,9257887,"Drawer front connector side profile, stabiliser",83,HIGH,HS Code: 39269097,,,,Anthracite,148.00,INR,HIGH,"Qty: 2, Unit: Pc, PU: 2",,
Hettich,Linear Drawer System: AvanTech YOU,AvanTech YOU – 500 mm (30 Kg) Full Extn. Silent — Height 251 mm,9255072,"Drawer Side Profile (Silver), Left",84,HIGH,HS Code: 94039010,,,,Silver,4025.00,INR,HIGH,"Qty: 1, Unit: Pc, PU: 1",,
Hettich,Linear Drawer System: AvanTech YOU,AvanTech YOU – 500 mm (30 Kg) Full Extn. Silent — Height 251 mm,9255073,"Drawer Side Profile (Silver), Right",84,HIGH,HS Code: 94039010,,,,Silver,4025.00,INR,HIGH,"Qty: 1, Unit: Pc, PU: 1",,
Hettich,Linear Drawer System: AvanTech YOU,AvanTech YOU – 500 mm (30 Kg) Full Extn. Silent — Height 251 mm,9255809,Design Profile (Silver),84,HIGH,HS Code: 39169090,,,,Silver,292.00,INR,HIGH,"Qty: 2, Unit: Pc, PU: 2",,
Hettich,Linear Drawer System: AvanTech YOU,AvanTech YOU – 500 mm (30 Kg) Full Extn. Silent — Height 251 mm,9255838,Front Panel Connector for drawer side profile,84,HIGH,HS Code: 83024200,,,,Silver,1586.00,INR,HIGH,"Qty: 2, Unit: Pc, PU: 2",,
Hettich,Linear Drawer System: AvanTech YOU,AvanTech YOU – 500 mm (30 Kg) Full Extn. Silent — Height 251 mm,9255838,Front Panel Connector for drawer side profile,84,HIGH,HS Code: 83024200,,,,White,1586.00,INR,HIGH,"Qty: 2, Unit: Pc, PU: 2",,
Hettich,Linear Drawer System: AvanTech YOU,AvanTech YOU – 500 mm (30 Kg) Full Extn. Silent — Height 251 mm,9255838,Front Panel Connector for drawer side profile,84,HIGH,HS Code: 83024200,,,,Anthracite,1586.00,INR,HIGH,"Qty: 4, Unit: Pc, PU: 4",,
Hettich,Linear Drawer System: AvanTech YOU,AvanTech YOU – 500 mm (30 Kg) Full Extn. Silent — Height 251 mm,9257672,"Rear Panel Connector (Silver), Left",84,HIGH,HS Code: 83024200,,,,Silver,707.00,INR,HIGH,"Qty: 1, Unit: Pc, PU: 1",,
Hettich,Linear Drawer System: AvanTech YOU,AvanTech YOU – 500 mm (30 Kg) Full Extn. Silent — Height 251 mm,9257673,"Rear Panel Connector (Silver), Right",84,HIGH,HS Code: 83024200,,,,Silver,707.00,INR,HIGH,"Qty: 1, Unit: Pc, PU: 1",,
Hettich,Linear Drawer System: AvanTech YOU,AvanTech YOU – 500 mm (30 Kg) Full Extn. Silent — Height 251 mm,9257702,Rear Panel Stabilizer,84,HIGH,HS Code: 39263000,,,,Silver,42.00,INR,HIGH,"Qty: 3, Unit: Pc, PU: 3",,
Hettich,Linear Drawer System: AvanTech YOU,AvanTech YOU – 500 mm (30 Kg) Full Extn. Silent — Height 251 mm,9257702,Rear Panel Stabilizer,84,HIGH,HS Code: 39263000,,,,White,42.00,INR,HIGH,"Qty: 3, Unit: Pc, PU: 3",,
Hettich,Linear Drawer System: AvanTech YOU,AvanTech YOU – 500 mm (30 Kg) Full Extn. Silent — Height 251 mm,9257702,Rear Panel Stabilizer,84,HIGH,HS Code: 39263000,,,,Anthracite,42.00,INR,HIGH,"Qty: 3, Unit: Pc, PU: 3",,
Hettich,Linear Drawer System: AvanTech YOU,AvanTech YOU – 500 mm (30 Kg) Full Extn. Silent — Height 251 mm,9321561,Front Stabilizer,84,HIGH,HS Code: 39263000,,,,Silver,464.00,INR,HIGH,"Qty: 1, Unit: Pc, PU: 1",,
Hettich,Linear Drawer System: AvanTech YOU,AvanTech YOU – 500 mm (30 Kg) Full Extn. Silent — Height 251 mm,9321561,Front Stabilizer,84,HIGH,HS Code: 39263000,,,,White,464.00,INR,HIGH,"Qty: 1, Unit: Pc, PU: 1",,
Hettich,Linear Drawer System: AvanTech YOU,AvanTech YOU – 500 mm (30 Kg) Full Extn. Silent — Height 251 mm,9321561,Front Stabilizer,84,HIGH,HS Code: 39263000,,,,Anthracite,464.00,INR,HIGH,"Qty: 1, Unit: Pc, PU: 1",,
Hettich,Linear Drawer System: AvanTech YOU,AvanTech YOU – 500 mm (30 Kg) Full Extn. Silent — Height 251 mm,9303780,"Quadro YOU Drawer runner-30kg, Left",84,HIGH,HS Code: 83024200,,,,Silver,1638.00,INR,HIGH,"Qty: 1, Unit: Pc, PU: 1",,
Hettich,Linear Drawer System: AvanTech YOU,AvanTech YOU – 500 mm (30 Kg) Full Extn. Silent — Height 251 mm,9303780,"Quadro YOU Drawer runner-30kg, Left",84,HIGH,HS Code: 83024200,,,,White,1638.00,INR,HIGH,"Qty: 1, Unit: Pc, PU: 1",,
Hettich,Linear Drawer System: AvanTech YOU,AvanTech YOU – 500 mm (30 Kg) Full Extn. Silent — Height 251 mm,9303780,"Quadro YOU Drawer runner-30kg, Left",84,HIGH,HS Code: 83024200,,,,Anthracite,1638.00,INR,HIGH,"Qty: 1, Unit: Pc, PU: 1",,
Hettich,Linear Drawer System: AvanTech YOU,AvanTech YOU – 500 mm (30 Kg) Full Extn. Silent — Height 251 mm,9303781,"Quadro YOU Drawer runner-30kg, Right",84,HIGH,HS Code: 83024200,,,,Silver,1638.00,INR,HIGH,"Qty: 1, Unit: Pc, PU: 1",,
Hettich,Linear Drawer System: AvanTech YOU,AvanTech YOU – 500 mm (30 Kg) Full Extn. Silent — Height 251 mm,9303781,"Quadro YOU Drawer runner-30kg, Right",84,HIGH,HS Code: 83024200,,,,White,1638.00,INR,HIGH,"Qty: 1, Unit: Pc, PU: 1",,
Hettich,Linear Drawer System: AvanTech YOU,AvanTech YOU – 500 mm (30 Kg) Full Extn. Silent — Height 251 mm,9303781,"Quadro YOU Drawer runner-30kg, Right",84,HIGH,HS Code: 83024200,,,,Anthracite,1638.00,INR,HIGH,"Qty: 1, Unit: Pc, PU: 1",,
Hettich,Linear Drawer System: AvanTech YOU,AvanTech YOU – 500 mm (30 Kg) Full Extn. Silent — Height 251 mm,9257703,Branding clip with Hettich logo (silver),84,HIGH,HS Code: 39269097,,,,Silver,42.00,INR,HIGH,"Qty: 1, Unit: Pc, PU: 1",,
Hettich,Linear Drawer System: AvanTech YOU,AvanTech YOU – 500 mm (30 Kg) Full Extn. Silent — Height 251 mm,9257887,"Drawer front connector side profile, stabiliser",84,HIGH,HS Code: 39269097,,,,Silver,148.00,INR,HIGH,"Qty: 2, Unit: Pc, PU: 2",,
Hettich,Linear Drawer System: AvanTech YOU,AvanTech YOU – 500 mm (30 Kg) Full Extn. Silent — Height 251 mm,9257887,"Drawer front connector side profile, stabiliser",84,HIGH,HS Code: 39269097,,,,White,148.00,INR,HIGH,"Qty: 2, Unit: Pc, PU: 2",,
Hettich,Linear Drawer System: AvanTech YOU,AvanTech YOU – 500 mm (30 Kg) Full Extn. Silent — Height 251 mm,9257887,"Drawer front connector side profile, stabiliser",84,HIGH,HS Code: 39269097,,,,Anthracite,148.00,INR,HIGH,"Qty: 2, Unit: Pc, PU: 2",,
Hettich,Linear Drawer System: AvanTech YOU,AvanTech YOU – 550 mm (30 Kg) Full Extn. Silent — Height 251 mm,9255074,"Drawer Side Profile (Silver), Left",84,HIGH,HS Code: 94039010,,,,Silver,4097.00,INR,HIGH,"Qty: 1, Unit: Pc, PU: 1",,
Hettich,Linear Drawer System: AvanTech YOU,AvanTech YOU – 550 mm (30 Kg) Full Extn. Silent — Height 251 mm,9255075,"Drawer Side Profile (Silver), Right",84,HIGH,HS Code: 94039010,,,,Silver,4097.00,INR,HIGH,"Qty: 1, Unit: Pc, PU: 1",,
Hettich,Linear Drawer System: AvanTech YOU,AvanTech YOU – 550 mm (30 Kg) Full Extn. Silent — Height 251 mm,9255810,Design Profile (Silver),84,HIGH,HS Code: 39169090,,,,Silver,292.00,INR,HIGH,"Qty: 2, Unit: Pc, PU: 2",,
Hettich,Linear Drawer System: AvanTech YOU,AvanTech YOU – 550 mm (30 Kg) Full Extn. Silent — Height 251 mm,9255838,Front Panel Connector for drawer side profile,84,HIGH,HS Code: 83024200,,,,Silver,1586.00,INR,HIGH,"Qty: 2, Unit: Pc, PU: 2",,
Hettich,Linear Drawer System: AvanTech YOU,AvanTech YOU – 550 mm (30 Kg) Full Extn. Silent — Height 251 mm,9255838,Front Panel Connector for drawer side profile,84,HIGH,HS Code: 83024200,,,,Anthracite,1586.00,INR,HIGH,"Qty: 4, Unit: Pc, PU: 4",,
Hettich,Linear Drawer System: AvanTech YOU,AvanTech YOU – 550 mm (30 Kg) Full Extn. Silent — Height 251 mm,9257672,"Rear Panel Connector (Silver), Left",84,HIGH,HS Code: 83024200,,,,Silver,707.00,INR,HIGH,"Qty: 1, Unit: Pc, PU: 1",,
Hettich,Linear Drawer System: AvanTech YOU,AvanTech YOU – 550 mm (30 Kg) Full Extn. Silent — Height 251 mm,9257673,"Rear Panel Connector (Silver), Right",84,HIGH,HS Code: 83024200,,,,Silver,707.00,INR,HIGH,"Qty: 1, Unit: Pc, PU: 1",,
Hettich,Linear Drawer System: AvanTech YOU,AvanTech YOU – 550 mm (30 Kg) Full Extn. Silent — Height 251 mm,9257702,Rear Panel Stabilizer,84,HIGH,HS Code: 39263000,,,,Silver,42.00,INR,HIGH,"Qty: 3, Unit: Pc, PU: 3",,
Hettich,Linear Drawer System: AvanTech YOU,AvanTech YOU – 550 mm (30 Kg) Full Extn. Silent — Height 251 mm,9257702,Rear Panel Stabilizer,84,HIGH,HS Code: 39263000,,,,Anthracite,42.00,INR,HIGH,"Qty: 3, Unit: Pc, PU: 3",,
Hettich,Linear Drawer System: AvanTech YOU,AvanTech YOU – 550 mm (30 Kg) Full Extn. Silent — Height 251 mm,9321561,Front Stabilizer,84,HIGH,HS Code: 39263000,,,,Silver,464.00,INR,HIGH,"Qty: 1, Unit: Pc, PU: 1",,
Hettich,Linear Drawer System: AvanTech YOU,AvanTech YOU – 550 mm (30 Kg) Full Extn. Silent — Height 251 mm,9321561,Front Stabilizer,84,HIGH,HS Code: 39263000,,,,Anthracite,464.00,INR,HIGH,"Qty: 1, Unit: Pc, PU: 1",,
Hettich,Linear Drawer System: AvanTech YOU,AvanTech YOU – 550 mm (30 Kg) Full Extn. Silent — Height 251 mm,9303784,"Quadro YOU Drawer runner-30kg, Left",84,HIGH,HS Code: 83024200,,,,Silver,1765.00,INR,HIGH,"Qty: 1, Unit: Pc, PU: 1",,
Hettich,Linear Drawer System: AvanTech YOU,AvanTech YOU – 550 mm (30 Kg) Full Extn. Silent — Height 251 mm,9303784,"Quadro YOU Drawer runner-30kg, Left",84,HIGH,HS Code: 83024200,,,,Anthracite,1765.00,INR,HIGH,"Qty: 1, Unit: Pc, PU: 1",,
Hettich,Linear Drawer System: AvanTech YOU,AvanTech YOU – 550 mm (30 Kg) Full Extn. Silent — Height 251 mm,9303785,"Quadro YOU Drawer runner-30kg, Right",84,HIGH,HS Code: 83024200,,,,Silver,1765.00,INR,HIGH,"Qty: 1, Unit: Pc, PU: 1",,
Hettich,Linear Drawer System: AvanTech YOU,AvanTech YOU – 550 mm (30 Kg) Full Extn. Silent — Height 251 mm,9303785,"Quadro YOU Drawer runner-30kg, Right",84,HIGH,HS Code: 83024200,,,,Anthracite,1765.00,INR,HIGH,"Qty: 1, Unit: Pc, PU: 1",,
Hettich,Linear Drawer System: AvanTech YOU,AvanTech YOU – 550 mm (30 Kg) Full Extn. Silent — Height 251 mm,9257703,Branding clip with Hettich logo (silver),84,HIGH,HS Code: 39269097,,,,Silver,42.00,INR,HIGH,"Qty: 1, Unit: Pc, PU: 1",,
Hettich,Linear Drawer System: AvanTech YOU,AvanTech YOU – 550 mm (30 Kg) Full Extn. Silent — Height 251 mm,9257887,"Drawer front connector side profile, stabiliser",84,HIGH,HS Code: 39269097,,,,Silver,148.00,INR,HIGH,"Qty: 2, Unit: Pc, PU: 2",,
Hettich,Linear Drawer System: AvanTech YOU,AvanTech YOU – 550 mm (30 Kg) Full Extn. Silent — Height 251 mm,9257887,"Drawer front connector side profile, stabiliser",84,HIGH,HS Code: 39269097,,,,Anthracite,148.00,INR,HIGH,"Qty: 2, Unit: Pc, PU: 2",,
Hettich,Linear Drawer System: AvanTech YOU,AvanTech YOU Inlay – 400 mm (30 Kg) Full Extn. Silent — Height 187 mm,9257133,"Inlay Drawer Side Profile, Left",85,HIGH,HS Code: 94039010,,,,Silver,2427.00,INR,HIGH,"Qty: 1, Unit: Pc, PU: 1",,
Hettich,Linear Drawer System: AvanTech YOU,AvanTech YOU Inlay – 400 mm (30 Kg) Full Extn. Silent — Height 187 mm,9257134,"Inlay Drawer Side Profile, Right",85,HIGH,HS Code: 94039010,,,,Silver,2427.00,INR,HIGH,"Qty: 1, Unit: Pc, PU: 1",,
Hettich,Linear Drawer System: AvanTech YOU,AvanTech YOU Inlay – 400 mm (30 Kg) Full Extn. Silent — Height 187 mm,9257257,Drawer front connector for inlay drawer side profile,85,HIGH,HS Code: 83024200,,,,Silver,886.00,INR,HIGH,"Qty: 2, Unit: Pc, PU: 2",,
Hettich,Linear Drawer System: AvanTech YOU,AvanTech YOU Inlay – 400 mm (30 Kg) Full Extn. Silent — Height 187 mm,9257257,Drawer front connector for inlay drawer side profile,85,HIGH,HS Code: 83024200,,,,Anthracite,886.00,INR,HIGH,"Qty: 2, Unit: Pc, PU: 2",,
Hettich,Linear Drawer System: AvanTech YOU,AvanTech YOU Inlay – 400 mm (30 Kg) Full Extn. Silent — Height 187 mm,9268677,Adapter for Inlay drawer side profile,85,HIGH,HS Code: 39169090,,,,Silver,772.00,INR,HIGH,"Qty: 4, Unit: Pc, PU: 4",,
Hettich,Linear Drawer System: AvanTech YOU,AvanTech YOU Inlay – 400 mm (30 Kg) Full Extn. Silent — Height 187 mm,9268677,Adapter for Inlay drawer side profile,85,HIGH,HS Code: 39169090,,,,Anthracite,772.00,INR,HIGH,"Qty: 4, Unit: Pc, PU: 4",,
Hettich,Linear Drawer System: AvanTech YOU,AvanTech YOU Inlay – 400 mm (30 Kg) Full Extn. Silent — Height 187 mm,9257670,"Rear Panel Connector (Silver), Left",85,HIGH,HS Code: 83024200,,,,Silver,477.00,INR,HIGH,"Qty: 1, Unit: Pc, PU: 1",,
Hettich,Linear Drawer System: AvanTech YOU,AvanTech YOU Inlay – 400 mm (30 Kg) Full Extn. Silent — Height 187 mm,9257671,"Rear Panel Connector (Silver), Right",85,HIGH,HS Code: 83024200,,,,Silver,477.00,INR,HIGH,"Qty: 1, Unit: Pc, PU: 1",,
Hettich,Linear Drawer System: AvanTech YOU,AvanTech YOU Inlay – 400 mm (30 Kg) Full Extn. Silent — Height 187 mm,9257702,Rear Panel Stabilizer,85,HIGH,HS Code: 39263090,,,,Silver,42.00,INR,HIGH,"Qty: 3, Unit: Pc, PU: 3",,
Hettich,Linear Drawer System: AvanTech YOU,AvanTech YOU Inlay – 400 mm (30 Kg) Full Extn. Silent — Height 187 mm,9257702,Rear Panel Stabilizer,85,HIGH,HS Code: 39263090,,,,Anthracite,42.00,INR,HIGH,"Qty: 3, Unit: Pc, PU: 3",,
Hettich,Linear Drawer System: AvanTech YOU,AvanTech YOU Inlay – 400 mm (30 Kg) Full Extn. Silent — Height 187 mm,9321561,Front Stabilizer,85,HIGH,HS Code: 39263090,,,,Silver,464.00,INR,HIGH,"Qty: 1, Unit: Pc, PU: 1",,
Hettich,Linear Drawer System: AvanTech YOU,AvanTech YOU Inlay – 400 mm (30 Kg) Full Extn. Silent — Height 187 mm,9321561,Front Stabilizer,85,HIGH,HS Code: 39263090,,,,Anthracite,464.00,INR,HIGH,"Qty: 1, Unit: Pc, PU: 1",,
Hettich,Linear Drawer System: AvanTech YOU,AvanTech YOU Inlay – 400 mm (30 Kg) Full Extn. Silent — Height 187 mm,9303772,"Quadro YOU Drawer runner-30kg, Left",85,HIGH,HS Code: 83024200,,,,Silver,1511.00,INR,HIGH,"Qty: 1, Unit: Pc, PU: 1",,
Hettich,Linear Drawer System: AvanTech YOU,AvanTech YOU Inlay – 400 mm (30 Kg) Full Extn. Silent — Height 187 mm,9303772,"Quadro YOU Drawer runner-30kg, Left",85,HIGH,HS Code: 83024200,,,,Anthracite,1511.00,INR,HIGH,"Qty: 1, Unit: Pc, PU: 1",,
Hettich,Linear Drawer System: AvanTech YOU,AvanTech YOU Inlay – 400 mm (30 Kg) Full Extn. Silent — Height 187 mm,9303773,"Quadro YOU Drawer runner-30kg, Right",85,HIGH,HS Code: 83024200,,,,Silver,1511.00,INR,HIGH,"Qty: 1, Unit: Pc, PU: 1",,
Hettich,Linear Drawer System: AvanTech YOU,AvanTech YOU Inlay – 400 mm (30 Kg) Full Extn. Silent — Height 187 mm,9303773,"Quadro YOU Drawer runner-30kg, Right",85,HIGH,HS Code: 83024200,,,,Anthracite,1511.00,INR,HIGH,"Qty: 1, Unit: Pc, PU: 1",,
Hettich,Linear Drawer System: AvanTech YOU,AvanTech YOU Inlay – 400 mm (30 Kg) Full Extn. Silent — Height 187 mm,9257703,Branding clip with Hettich logo (silver),85,HIGH,HS Code: 39269099,,,,Silver,42.00,INR,HIGH,"Qty: 1, Unit: Pc, PU: 1",,
Hettich,Linear Drawer System: AvanTech YOU,AvanTech YOU Inlay – 450 mm (30 Kg) Full Extn. Silent — Height 187 mm,9257135,"Inlay Drawer Side Profile, Left",85,HIGH,HS Code: 94039910,,,,Silver,2565.00,INR,HIGH,"Qty: 1, Unit: Pc, PU: 1",,
Hettich,Linear Drawer System: AvanTech YOU,AvanTech YOU Inlay – 450 mm (30 Kg) Full Extn. Silent — Height 187 mm,9257136,"Inlay Drawer Side Profile, Right",85,HIGH,HS Code: 94039910,,,,Silver,2565.00,INR,HIGH,"Qty: 1, Unit: Pc, PU: 1",,
Hettich,Linear Drawer System: AvanTech YOU,AvanTech YOU Inlay – 450 mm (30 Kg) Full Extn. Silent — Height 187 mm,9257257,Drawer front connector for inlay drawer side profile,85,HIGH,HS Code: 83024200,,,,Silver,886.00,INR,HIGH,"Qty: 2, Unit: Pc, PU: 2",,
Hettich,Linear Drawer System: AvanTech YOU,AvanTech YOU Inlay – 450 mm (30 Kg) Full Extn. Silent — Height 187 mm,9257257,Drawer front connector for inlay drawer side profile,85,HIGH,HS Code: 83024200,,,,Anthracite,886.00,INR,HIGH,"Qty: 2, Unit: Pc, PU: 2",,
Hettich,Linear Drawer System: AvanTech YOU,AvanTech YOU Inlay – 450 mm (30 Kg) Full Extn. Silent — Height 187 mm,9268677,Adapter for Inlay drawer side profile,85,HIGH,HS Code: 39169090,,,,Silver,772.00,INR,HIGH,"Qty: 4, Unit: Pc, PU: 4",,
Hettich,Linear Drawer System: AvanTech YOU,AvanTech YOU Inlay – 450 mm (30 Kg) Full Extn. Silent — Height 187 mm,9268677,Adapter for Inlay drawer side profile,85,HIGH,HS Code: 39169090,,,,Anthracite,772.00,INR,HIGH,"Qty: 4, Unit: Pc, PU: 4",,
Hettich,Linear Drawer System: AvanTech YOU,AvanTech YOU Inlay – 450 mm (30 Kg) Full Extn. Silent — Height 187 mm,9257670,"Rear Panel Connector (Silver), Left",85,HIGH,HS Code: 83024200,,,,Silver,477.00,INR,HIGH,"Qty: 1, Unit: Pc, PU: 1",,
Hettich,Linear Drawer System: AvanTech YOU,AvanTech YOU Inlay – 450 mm (30 Kg) Full Extn. Silent — Height 187 mm,9257671,"Rear Panel Connector (Silver), Right",85,HIGH,HS Code: 83024200,,,,Silver,477.00,INR,HIGH,"Qty: 1, Unit: Pc, PU: 1",,
Hettich,Linear Drawer System: AvanTech YOU,AvanTech YOU Inlay – 450 mm (30 Kg) Full Extn. Silent — Height 187 mm,9257702,Rear Panel Stabilizer,85,HIGH,HS Code: 39263090,,,,Silver,42.00,INR,HIGH,"Qty: 3, Unit: Pc, PU: 3",,
Hettich,Linear Drawer System: AvanTech YOU,AvanTech YOU Inlay – 450 mm (30 Kg) Full Extn. Silent — Height 187 mm,9257702,Rear Panel Stabilizer,85,HIGH,HS Code: 39263090,,,,Anthracite,42.00,INR,HIGH,"Qty: 3, Unit: Pc, PU: 3",,
Hettich,Linear Drawer System: AvanTech YOU,AvanTech YOU Inlay – 450 mm (30 Kg) Full Extn. Silent — Height 187 mm,9321561,Front Stabilizer,85,HIGH,HS Code: 39263090,,,,Silver,464.00,INR,HIGH,"Qty: 1, Unit: Pc, PU: 1",,
Hettich,Linear Drawer System: AvanTech YOU,AvanTech YOU Inlay – 450 mm (30 Kg) Full Extn. Silent — Height 187 mm,9321561,Front Stabilizer,85,HIGH,HS Code: 39263090,,,,Anthracite,464.00,INR,HIGH,"Qty: 1, Unit: Pc, PU: 1",,
Hettich,Linear Drawer System: AvanTech YOU,AvanTech YOU Inlay – 450 mm (30 Kg) Full Extn. Silent — Height 187 mm,9303776,"Quadro YOU Drawer runner-30kg, Left",85,HIGH,HS Code: 83024200,,,,Silver,1574.00,INR,HIGH,"Qty: 1, Unit: Pc, PU: 1",,
Hettich,Linear Drawer System: AvanTech YOU,AvanTech YOU Inlay – 450 mm (30 Kg) Full Extn. Silent — Height 187 mm,9303776,"Quadro YOU Drawer runner-30kg, Left",85,HIGH,HS Code: 83024200,,,,Anthracite,1574.00,INR,HIGH,"Qty: 1, Unit: Pc, PU: 1",,
Hettich,Linear Drawer System: AvanTech YOU,AvanTech YOU Inlay – 450 mm (30 Kg) Full Extn. Silent — Height 187 mm,9303777,"Quadro YOU Drawer runner-30kg, Right",85,HIGH,HS Code: 83024200,,,,Silver,1574.00,INR,HIGH,"Qty: 1, Unit: Pc, PU: 1",,
Hettich,Linear Drawer System: AvanTech YOU,AvanTech YOU Inlay – 450 mm (30 Kg) Full Extn. Silent — Height 187 mm,9303777,"Quadro YOU Drawer runner-30kg, Right",85,HIGH,HS Code: 83024200,,,,Anthracite,1574.00,INR,HIGH,"Qty: 1, Unit: Pc, PU: 1",,
Hettich,Linear Drawer System: AvanTech YOU,AvanTech YOU Inlay – 450 mm (30 Kg) Full Extn. Silent — Height 187 mm,9257703,Branding clip with Hettich logo (silver),85,HIGH,HS Code: 39269099,,,,Silver,42.00,INR,HIGH,"Qty: 1, Unit: Pc, PU: 1",,
Hettich,Linear Drawer System: AvanTech YOU,AvanTech YOU Inlay – 500 mm (30 Kg) Full Extn. Silent — Height 187 mm,9257137,"Inlay Drawer Side Profile, Left",85,HIGH,HS Code: 94039910,,,,Silver,2618.00,INR,HIGH,"Qty: 1, Unit: Pc, PU: 1",,
Hettich,Linear Drawer System: AvanTech YOU,AvanTech YOU Inlay – 500 mm (30 Kg) Full Extn. Silent — Height 187 mm,9257138,"Inlay Drawer Side Profile, Right",85,HIGH,HS Code: 94039910,,,,Silver,2618.00,INR,HIGH,"Qty: 1, Unit: Pc, PU: 1",,
Hettich,Linear Drawer System: AvanTech YOU,AvanTech YOU Inlay – 500 mm (30 Kg) Full Extn. Silent — Height 187 mm,9257257,Drawer front connector for inlay drawer side profile,85,HIGH,HS Code: 83024200,,,,Silver,886.00,INR,HIGH,"Qty: 2, Unit: Pc, PU: 2",,
Hettich,Linear Drawer System: AvanTech YOU,AvanTech YOU Inlay – 500 mm (30 Kg) Full Extn. Silent — Height 187 mm,9257257,Drawer front connector for inlay drawer side profile,85,HIGH,HS Code: 83024200,,,,White,886.00,INR,HIGH,"Qty: 2, Unit: Pc, PU: 2",,
Hettich,Linear Drawer System: AvanTech YOU,AvanTech YOU Inlay – 500 mm (30 Kg) Full Extn. Silent — Height 187 mm,9257257,Drawer front connector for inlay drawer side profile,85,HIGH,HS Code: 83024200,,,,Anthracite,886.00,INR,HIGH,"Qty: 2, Unit: Pc, PU: 2",,
Hettich,Linear Drawer System: AvanTech YOU,AvanTech YOU Inlay – 500 mm (30 Kg) Full Extn. Silent — Height 187 mm,9268677,Adapter for Inlay drawer side profile,85,HIGH,HS Code: 39169090,,,,Silver,772.00,INR,HIGH,"Qty: 4, Unit: Pc, PU: 4",,
Hettich,Linear Drawer System: AvanTech YOU,AvanTech YOU Inlay – 500 mm (30 Kg) Full Extn. Silent — Height 187 mm,9268677,Adapter for Inlay drawer side profile,85,HIGH,HS Code: 39169090,,,,White,772.00,INR,HIGH,"Qty: 4, Unit: Pc, PU: 4",,
Hettich,Linear Drawer System: AvanTech YOU,AvanTech YOU Inlay – 500 mm (30 Kg) Full Extn. Silent — Height 187 mm,9268677,Adapter for Inlay drawer side profile,85,HIGH,HS Code: 39169090,,,,Anthracite,772.00,INR,HIGH,"Qty: 4, Unit: Pc, PU: 4",,
Hettich,Linear Drawer System: AvanTech YOU,AvanTech YOU Inlay – 500 mm (30 Kg) Full Extn. Silent — Height 187 mm,9257670,"Rear Panel Connector (Silver), Left",85,HIGH,HS Code: 83024200,,,,Silver,477.00,INR,HIGH,"Qty: 1, Unit: Pc, PU: 1",,
Hettich,Linear Drawer System: AvanTech YOU,AvanTech YOU Inlay – 500 mm (30 Kg) Full Extn. Silent — Height 187 mm,9257671,"Rear Panel Connector (Silver), Right",85,HIGH,HS Code: 83024200,,,,Silver,477.00,INR,HIGH,"Qty: 1, Unit: Pc, PU: 1",,
Hettich,Linear Drawer System: AvanTech YOU,AvanTech YOU Inlay – 500 mm (30 Kg) Full Extn. Silent — Height 187 mm,9257702,Rear Panel Stabilizer,85,HIGH,HS Code: 39263090,,,,Silver,42.00,INR,HIGH,"Qty: 3, Unit: Pc, PU: 3",,
Hettich,Linear Drawer System: AvanTech YOU,AvanTech YOU Inlay – 500 mm (30 Kg) Full Extn. Silent — Height 187 mm,9257702,Rear Panel Stabilizer,85,HIGH,HS Code: 39263090,,,,White,42.00,INR,HIGH,"Qty: 3, Unit: Pc, PU: 3",,
Hettich,Linear Drawer System: AvanTech YOU,AvanTech YOU Inlay – 500 mm (30 Kg) Full Extn. Silent — Height 187 mm,9257702,Rear Panel Stabilizer,85,HIGH,HS Code: 39263090,,,,Anthracite,42.00,INR,HIGH,"Qty: 3, Unit: Pc, PU: 3",,
Hettich,Linear Drawer System: AvanTech YOU,AvanTech YOU Inlay – 500 mm (30 Kg) Full Extn. Silent — Height 187 mm,9321561,Front Stabilizer,85,HIGH,HS Code: 39263090,,,,Silver,464.00,INR,HIGH,"Qty: 1, Unit: Pc, PU: 1",,
Hettich,Linear Drawer System: AvanTech YOU,AvanTech YOU Inlay – 500 mm (30 Kg) Full Extn. Silent — Height 187 mm,9321561,Front Stabilizer,85,HIGH,HS Code: 39263090,,,,White,464.00,INR,HIGH,"Qty: 1, Unit: Pc, PU: 1",,
Hettich,Linear Drawer System: AvanTech YOU,AvanTech YOU Inlay – 500 mm (30 Kg) Full Extn. Silent — Height 187 mm,9321561,Front Stabilizer,85,HIGH,HS Code: 39263090,,,,Anthracite,464.00,INR,HIGH,"Qty: 1, Unit: Pc, PU: 1",,
Hettich,Linear Drawer System: AvanTech YOU,AvanTech YOU Inlay – 500 mm (30 Kg) Full Extn. Silent — Height 187 mm,9303780,"Quadro YOU Drawer runner-30kg, Left",85,HIGH,HS Code: 83024200,,,,Silver,1638.00,INR,HIGH,"Qty: 1, Unit: Pc, PU: 1",,
Hettich,Linear Drawer System: AvanTech YOU,AvanTech YOU Inlay – 500 mm (30 Kg) Full Extn. Silent — Height 187 mm,9303780,"Quadro YOU Drawer runner-30kg, Left",85,HIGH,HS Code: 83024200,,,,White,1638.00,INR,HIGH,"Qty: 1, Unit: Pc, PU: 1",,
Hettich,Linear Drawer System: AvanTech YOU,AvanTech YOU Inlay – 500 mm (30 Kg) Full Extn. Silent — Height 187 mm,9303780,"Quadro YOU Drawer runner-30kg, Left",85,HIGH,HS Code: 83024200,,,,Anthracite,1638.00,INR,HIGH,"Qty: 1, Unit: Pc, PU: 1",,
Hettich,Linear Drawer System: AvanTech YOU,AvanTech YOU Inlay – 500 mm (30 Kg) Full Extn. Silent — Height 187 mm,9303781,"Quadro YOU Drawer runner-30kg, Right",85,HIGH,HS Code: 83024200,,,,Silver,1638.00,INR,HIGH,"Qty: 1, Unit: Pc, PU: 1",,
Hettich,Linear Drawer System: AvanTech YOU,AvanTech YOU Inlay – 500 mm (30 Kg) Full Extn. Silent — Height 187 mm,9303781,"Quadro YOU Drawer runner-30kg, Right",85,HIGH,HS Code: 83024200,,,,White,1638.00,INR,HIGH,"Qty: 1, Unit: Pc, PU: 1",,
Hettich,Linear Drawer System: AvanTech YOU,AvanTech YOU Inlay – 500 mm (30 Kg) Full Extn. Silent — Height 187 mm,9303781,"Quadro YOU Drawer runner-30kg, Right",85,HIGH,HS Code: 83024200,,,,Anthracite,1638.00,INR,HIGH,"Qty: 1, Unit: Pc, PU: 1",,
Hettich,Linear Drawer System: AvanTech YOU,AvanTech YOU Inlay – 500 mm (30 Kg) Full Extn. Silent — Height 187 mm,9257703,Branding clip with Hettich logo (silver),85,HIGH,HS Code: 39269099,,,,Silver,42.00,INR,HIGH,"Qty: 1, Unit: Pc, PU: 1",,
Hettich,Linear Drawer System: AvanTech YOU,AvanTech YOU Inlay – 550 mm (30 Kg) Full Extn. Silent — Height 187 mm,9257139,"Inlay Drawer Side Profile, Left",85,HIGH,HS Code: 94039910,,,,Silver,2661.00,INR,HIGH,"Qty: 1, Unit: Pc, PU: 1",,
Hettich,Linear Drawer System: AvanTech YOU,AvanTech YOU Inlay – 550 mm (30 Kg) Full Extn. Silent — Height 187 mm,9257140,"Inlay Drawer Side Profile, Right",85,HIGH,HS Code: 94039910,,,,Silver,2661.00,INR,HIGH,"Qty: 1, Unit: Pc, PU: 1",,
Hettich,Linear Drawer System: AvanTech YOU,AvanTech YOU Inlay – 550 mm (30 Kg) Full Extn. Silent — Height 187 mm,9257257,Drawer front connector for inlay drawer side profile,85,HIGH,HS Code: 83024200,,,,Silver,886.00,INR,HIGH,"Qty: 2, Unit: Pc, PU: 2",,
Hettich,Linear Drawer System: AvanTech YOU,AvanTech YOU Inlay – 550 mm (30 Kg) Full Extn. Silent — Height 187 mm,9257257,Drawer front connector for inlay drawer side profile,85,HIGH,HS Code: 83024200,,,,Anthracite,886.00,INR,HIGH,"Qty: 2, Unit: Pc, PU: 2",,
Hettich,Linear Drawer System: AvanTech YOU,AvanTech YOU Inlay – 550 mm (30 Kg) Full Extn. Silent — Height 187 mm,9268677,Adapter for Inlay drawer side profile,85,HIGH,HS Code: 39169090,,,,Silver,772.00,INR,HIGH,"Qty: 4, Unit: Pc, PU: 4",,
Hettich,Linear Drawer System: AvanTech YOU,AvanTech YOU Inlay – 550 mm (30 Kg) Full Extn. Silent — Height 187 mm,9268677,Adapter for Inlay drawer side profile,85,HIGH,HS Code: 39169090,,,,Anthracite,772.00,INR,HIGH,"Qty: 4, Unit: Pc, PU: 4",,
Hettich,Linear Drawer System: AvanTech YOU,AvanTech YOU Inlay – 550 mm (30 Kg) Full Extn. Silent — Height 187 mm,9257670,"Rear Panel Connector (Silver), Left",85,HIGH,HS Code: 83024200,,,,Silver,477.00,INR,HIGH,"Qty: 1, Unit: Pc, PU: 1",,
Hettich,Linear Drawer System: AvanTech YOU,AvanTech YOU Inlay – 550 mm (30 Kg) Full Extn. Silent — Height 187 mm,9257671,"Rear Panel Connector (Silver), Right",85,HIGH,HS Code: 83024200,,,,Silver,477.00,INR,HIGH,"Qty: 1, Unit: Pc, PU: 1",,
Hettich,Linear Drawer System: AvanTech YOU,AvanTech YOU Inlay – 550 mm (30 Kg) Full Extn. Silent — Height 187 mm,9257702,Rear Panel Stabilizer,85,HIGH,HS Code: 39263090,,,,Silver,42.00,INR,HIGH,"Qty: 3, Unit: Pc, PU: 3",,
Hettich,Linear Drawer System: AvanTech YOU,AvanTech YOU Inlay – 550 mm (30 Kg) Full Extn. Silent — Height 187 mm,9257702,Rear Panel Stabilizer,85,HIGH,HS Code: 39263090,,,,Anthracite,42.00,INR,HIGH,"Qty: 3, Unit: Pc, PU: 3",,
Hettich,Linear Drawer System: AvanTech YOU,AvanTech YOU Inlay – 550 mm (30 Kg) Full Extn. Silent — Height 187 mm,9321561,Front Stabilizer,85,HIGH,HS Code: 39263090,,,,Silver,464.00,INR,HIGH,"Qty: 1, Unit: Pc, PU: 1",,
Hettich,Linear Drawer System: AvanTech YOU,AvanTech YOU Inlay – 550 mm (30 Kg) Full Extn. Silent — Height 187 mm,9321561,Front Stabilizer,85,HIGH,HS Code: 39263090,,,,Anthracite,464.00,INR,HIGH,"Qty: 1, Unit: Pc, PU: 1",,
Hettich,Linear Drawer System: AvanTech YOU,AvanTech YOU Inlay – 550 mm (30 Kg) Full Extn. Silent — Height 187 mm,9303784,"Quadro YOU Drawer runner-30kg, Left",85,HIGH,HS Code: 83024200,,,,Silver,1765.00,INR,HIGH,"Qty: 1, Unit: Pc, PU: 1",,
Hettich,Linear Drawer System: AvanTech YOU,AvanTech YOU Inlay – 550 mm (30 Kg) Full Extn. Silent — Height 187 mm,9303784,"Quadro YOU Drawer runner-30kg, Left",85,HIGH,HS Code: 83024200,,,,Anthracite,1765.00,INR,HIGH,"Qty: 1, Unit: Pc, PU: 1",,
Hettich,Linear Drawer System: AvanTech YOU,AvanTech YOU Inlay – 550 mm (30 Kg) Full Extn. Silent — Height 187 mm,9303785,"Quadro YOU Drawer runner-30kg, Right",85,HIGH,HS Code: 83024200,,,,Silver,1765.00,INR,HIGH,"Qty: 1, Unit: Pc, PU: 1",,
Hettich,Linear Drawer System: AvanTech YOU,AvanTech YOU Inlay – 550 mm (30 Kg) Full Extn. Silent — Height 187 mm,9303785,"Quadro YOU Drawer runner-30kg, Right",85,HIGH,HS Code: 83024200,,,,Anthracite,1765.00,INR,HIGH,"Qty: 1, Unit: Pc, PU: 1",,
Hettich,Linear Drawer System: AvanTech YOU,AvanTech YOU Inlay – 550 mm (30 Kg) Full Extn. Silent — Height 187 mm,9257703,Branding clip with Hettich logo (silver),85,HIGH,HS Code: 39269099,,,,Silver,42.00,INR,HIGH,"Qty: 1, Unit: Pc, PU: 1",,
Hettich,Linear Drawer System: AvanTech YOU,AvanTech YOU – 500 mm (30 Kg) Full Extn. Silent — Height 101 mm,9255098,"Drawer Side Profile (White), Left",86,HIGH,HS Code: 94039910,,,,White,1685.00,INR,HIGH,"Qty: 1, Unit: Pc, PU: 1",,
Hettich,Linear Drawer System: AvanTech YOU,AvanTech YOU – 500 mm (30 Kg) Full Extn. Silent — Height 101 mm,9255099,"Drawer Side Profile (White), Right",86,HIGH,HS Code: 94039910,,,,White,1685.00,INR,HIGH,"Qty: 1, Unit: Pc, PU: 1",,
Hettich,Linear Drawer System: AvanTech YOU,AvanTech YOU – 500 mm (30 Kg) Full Extn. Silent — Height 101 mm,9255818,Design Profile (White),86,HIGH,HS Code: 83024200,,,,White,292.00,INR,HIGH,"Qty: 2, Unit: Pc, PU: 2",,
Hettich,Linear Drawer System: AvanTech YOU,AvanTech YOU – 500 mm (30 Kg) Full Extn. Silent — Height 101 mm,9257678,"Rear Panel Connector (White), Left",86,HIGH,HS Code: 83024200,,,,White,339.00,INR,HIGH,"Qty: 1, Unit: Pc, PU: 1",,
Hettich,Linear Drawer System: AvanTech YOU,AvanTech YOU – 500 mm (30 Kg) Full Extn. Silent — Height 101 mm,9257679,"Rear Panel Connector (White), Right",86,HIGH,HS Code: 83024200,,,,White,339.00,INR,HIGH,"Qty: 1, Unit: Pc, PU: 1",,
Hettich,Linear Drawer System: AvanTech YOU,AvanTech YOU – 500 mm (30 Kg) Full Extn. Silent — Height 101 mm,9257704,Branding clip with Hettich logo (White),86,HIGH,HS Code: 39269099,,,,White,42.00,INR,HIGH,"Qty: 1, Unit: Pc, PU: 1",,
Hettich,Linear Drawer System: AvanTech YOU,AvanTech YOU – 500 mm (30 Kg) Full Extn. Silent — Height 187 mm,9255134,"Drawer Side Profile (White), Left",86,HIGH,HS Code: 94039910,,,,White,2377.00,INR,HIGH,"Qty: 1, Unit: Pc, PU: 1",,
Hettich,Linear Drawer System: AvanTech YOU,AvanTech YOU – 500 mm (30 Kg) Full Extn. Silent — Height 187 mm,9255135,"Drawer Side Profile (White), Right",86,HIGH,HS Code: 94039910,,,,White,2377.00,INR,HIGH,"Qty: 1, Unit: Pc, PU: 1",,
Hettich,Linear Drawer System: AvanTech YOU,AvanTech YOU – 500 mm (30 Kg) Full Extn. Silent — Height 187 mm,9255818,Design Profile (White),86,HIGH,HS Code: 83024200,,,,White,292.00,INR,HIGH,"Qty: 2, Unit: Pc, PU: 2",,
Hettich,Linear Drawer System: AvanTech YOU,AvanTech YOU – 500 mm (30 Kg) Full Extn. Silent — Height 187 mm,9257682,"Rear Panel Connector (White), Left",86,HIGH,HS Code: 83024200,,,,White,477.00,INR,HIGH,"Qty: 1, Unit: Pc, PU: 1",,
Hettich,Linear Drawer System: AvanTech YOU,AvanTech YOU – 500 mm (30 Kg) Full Extn. Silent — Height 187 mm,9257683,"Rear Panel Connector (White), Right",86,HIGH,HS Code: 83024200,,,,White,477.00,INR,HIGH,"Qty: 1, Unit: Pc, PU: 1",,
Hettich,Linear Drawer System: AvanTech YOU,AvanTech YOU – 500 mm (30 Kg) Full Extn. Silent — Height 187 mm,9257704,Branding clip with Hettich logo (White),86,HIGH,HS Code: 39269099,,,,White,42.00,INR,HIGH,"Qty: 1, Unit: Pc, PU: 1",,
Hettich,Linear Drawer System: AvanTech YOU,AvanTech YOU – 500 mm (30 Kg) Full Extn. Silent — Height 251 mm,9255152,"Drawer Side Profile (White), Left",86,HIGH,HS Code: 94039010,,,,White,4025.00,INR,HIGH,"Qty: 1, Unit: Pc, PU: 1",,
Hettich,Linear Drawer System: AvanTech YOU,AvanTech YOU – 500 mm (30 Kg) Full Extn. Silent — Height 251 mm,9255153,"Drawer Side Profile (White), Right",86,HIGH,HS Code: 94039010,,,,White,4025.00,INR,HIGH,"Qty: 1, Unit: Pc, PU: 1",,
Hettich,Linear Drawer System: AvanTech YOU,AvanTech YOU – 500 mm (30 Kg) Full Extn. Silent — Height 251 mm,9255818,Design Profile (White),86,HIGH,HS Code: 83024200,,,,White,292.00,INR,HIGH,"Qty: 2, Unit: Pc, PU: 2",,
Hettich,Linear Drawer System: AvanTech YOU,AvanTech YOU – 500 mm (30 Kg) Full Extn. Silent — Height 251 mm,9257684,"Rear Panel Connector (White), Left",86,HIGH,HS Code: 83024200,,,,White,707.00,INR,HIGH,"Qty: 1, Unit: Pc, PU: 1",,
Hettich,Linear Drawer System: AvanTech YOU,AvanTech YOU – 500 mm (30 Kg) Full Extn. Silent — Height 251 mm,9257685,"Rear Panel Connector (White), Right",86,HIGH,HS Code: 83024200,,,,White,707.00,INR,HIGH,"Qty: 1, Unit: Pc, PU: 1",,
Hettich,Linear Drawer System: AvanTech YOU,AvanTech YOU – 500 mm (30 Kg) Full Extn. Silent — Height 251 mm,9257704,Branding clip with Hettich logo white,86,HIGH,HS Code: 39269097,,,,White,42.00,INR,HIGH,"Qty: 1, Unit: Pc, PU: 1",,
Hettich,Linear Drawer System: AvanTech YOU,AvanTech YOU Inlay – 500 mm (30 Kg) Full Extn. Silent — Height 187 mm,9257151,"Inlay Drawer Side Profile, Left",87,HIGH,HS Code: 94039910,,,,White,2618.00,INR,HIGH,"Qty: 1, Unit: Pc, PU: 1",,
Hettich,Linear Drawer System: AvanTech YOU,AvanTech YOU Inlay – 500 mm (30 Kg) Full Extn. Silent — Height 187 mm,9257152,"Inlay Drawer Side Profile, Right",87,HIGH,HS Code: 94039910,,,,White,2618.00,INR,HIGH,"Qty: 1, Unit: Pc, PU: 1",,
Hettich,Linear Drawer System: AvanTech YOU,AvanTech YOU Inlay – 500 mm (30 Kg) Full Extn. Silent — Height 187 mm,9257682,"Rear Panel Connector (White), Left",87,HIGH,HS Code: 83024200,,,,White,477.00,INR,HIGH,"Qty: 1, Unit: Pc, PU: 1",,
Hettich,Linear Drawer System: AvanTech YOU,AvanTech YOU Inlay – 500 mm (30 Kg) Full Extn. Silent — Height 187 mm,9257683,"Rear Panel Connector (White), Right",87,HIGH,HS Code: 83024200,,,,White,477.00,INR,HIGH,"Qty: 1, Unit: Pc, PU: 1",,
Hettich,Linear Drawer System: AvanTech YOU,AvanTech YOU Inlay – 500 mm (30 Kg) Full Extn. Silent — Height 187 mm,9257704,Branding clip with Hettich Logo White,87,HIGH,HS Code: 39269099,,,,White,42.00,INR,HIGH,"Qty: 1, Unit: Pc, PU: 1",,
Hettich,Linear Drawer System: AvanTech YOU,AvanTech YOU – 350 mm (30 Kg) Full Extn. Silent — Height 101 mm,9255172,"Drawer Side Profile (Anthracite), Left",88,HIGH,HS Code: 94039010,,,,Anthracite,1623.00,INR,HIGH,"Qty: 1, Unit: Pc, PU: 1",,
Hettich,Linear Drawer System: AvanTech YOU,AvanTech YOU – 350 mm (30 Kg) Full Extn. Silent — Height 101 mm,9255173,"Drawer Side Profile (Anthracite), Right",88,HIGH,HS Code: 94039010,,,,Anthracite,1623.00,INR,HIGH,"Qty: 1, Unit: Pc, PU: 1",,
Hettich,Linear Drawer System: AvanTech YOU,AvanTech YOU – 350 mm (30 Kg) Full Extn. Silent — Height 101 mm,9255824,Design Profile (Anthracite),88,HIGH,HS Code: 39169090,,,,Anthracite,282.00,INR,HIGH,"Qty: 2, Unit: Pc, PU: 2",,
Hettich,Linear Drawer System: AvanTech YOU,AvanTech YOU – 350 mm (30 Kg) Full Extn. Silent — Height 101 mm,9255835,Front connector for drawer side profile,88,HIGH,HS Code: 83024200,,,,Anthracite,894.00,INR,HIGH,"Qty: 2, Unit: Pc, PU: 2",,
Hettich,Linear Drawer System: AvanTech YOU,AvanTech YOU – 350 mm (30 Kg) Full Extn. Silent — Height 101 mm,9257690,"Rear Panel Connector (Anthracite), Left",88,HIGH,HS Code: 83024200,,,,Anthracite,339.00,INR,HIGH,"Qty: 1, Unit: Pc, PU: 1",,
Hettich,Linear Drawer System: AvanTech YOU,AvanTech YOU – 350 mm (30 Kg) Full Extn. Silent — Height 101 mm,9257691,"Rear Panel Connector (Anthracite), Right",88,HIGH,HS Code: 83024200,,,,Anthracite,339.00,INR,HIGH,"Qty: 1, Unit: Pc, PU: 1",,
Hettich,Linear Drawer System: AvanTech YOU,AvanTech YOU – 350 mm (30 Kg) Full Extn. Silent — Height 101 mm,9257702,Rear Panel Stabilizer,88,HIGH,HS Code: 39263000,,,,Anthracite,42.00,INR,HIGH,"Qty: 3, Unit: Pc, PU: 3",,
Hettich,Linear Drawer System: AvanTech YOU,AvanTech YOU – 350 mm (30 Kg) Full Extn. Silent — Height 101 mm,9321561,Front Stabilizer,88,HIGH,HS Code: 39263000,,,,Anthracite,460.00,INR,HIGH,"Qty: 1, Unit: Pc, PU: 1",,
Hettich,Linear Drawer System: AvanTech YOU,AvanTech YOU – 350 mm (30 Kg) Full Extn. Silent — Height 101 mm,9303738,"Quadro YOU Drawer runner-30 kg, Left",88,HIGH,HS Code: 83024200,,,,Anthracite,1378.00,INR,HIGH,"Qty: 1, Unit: Pc, PU: 1",,
Hettich,Linear Drawer System: AvanTech YOU,AvanTech YOU – 350 mm (30 Kg) Full Extn. Silent — Height 101 mm,9303739,"Quadro YOU Drawer runner-30 kg, Right",88,HIGH,HS Code: 83024200,,,,Anthracite,1378.00,INR,HIGH,"Qty: 1, Unit: Pc, PU: 1",,
Hettich,Linear Drawer System: AvanTech YOU,AvanTech YOU – 350 mm (30 Kg) Full Extn. Silent — Height 101 mm,9257705,Branding clip with Hettich Logo Anthracite,88,HIGH,HS Code: 39269097,,,,Anthracite,42.00,INR,HIGH,"Qty: 1, Unit: Pc, PU: 1",,
Hettich,Linear Drawer System: AvanTech YOU,AvanTech YOU – 400 mm (30 Kg) Full Extn. Silent — Height 101 mm,9255174,"Drawer Side Profile (Anthracite), Left",88,HIGH,HS Code: 94039910,,,,Anthracite,1490.00,INR,HIGH,"Qty: 1, Unit: Pc, PU: 1",,
Hettich,Linear Drawer System: AvanTech YOU,AvanTech YOU – 400 mm (30 Kg) Full Extn. Silent — Height 101 mm,9255175,"Drawer Side Profile (Anthracite), Right",88,HIGH,HS Code: 94039910,,,,Anthracite,1490.00,INR,HIGH,"Qty: 1, Unit: Pc, PU: 1",,
Hettich,Linear Drawer System: AvanTech YOU,AvanTech YOU – 400 mm (30 Kg) Full Extn. Silent — Height 101 mm,9255825,Design Profile (Anthracite),88,HIGH,HS Code: 83024200,,,,Anthracite,310.00,INR,HIGH,"Qty: 2, Unit: Pc, PU: 2",,
Hettich,Linear Drawer System: AvanTech YOU,AvanTech YOU – 400 mm (30 Kg) Full Extn. Silent — Height 101 mm,9255835,Front Panel Connector for drawer side profile,88,HIGH,HS Code: 39169090,,,,Anthracite,894.00,INR,HIGH,"Qty: 4, Unit: Pc, PU: 4",,
Hettich,Linear Drawer System: AvanTech YOU,AvanTech YOU – 400 mm (30 Kg) Full Extn. Silent — Height 101 mm,9257690,"Rear Panel Connector (Anthracite), Left",88,HIGH,HS Code: 83024200,,,,Anthracite,339.00,INR,HIGH,"Qty: 1, Unit: Pc, PU: 1",,
Hettich,Linear Drawer System: AvanTech YOU,AvanTech YOU – 400 mm (30 Kg) Full Extn. Silent — Height 101 mm,9257691,"Rear Panel Connector (Anthracite), Right",88,HIGH,HS Code: 83024200,,,,Anthracite,339.00,INR,HIGH,"Qty: 1, Unit: Pc, PU: 1",,
Hettich,Linear Drawer System: AvanTech YOU,AvanTech YOU – 400 mm (30 Kg) Full Extn. Silent — Height 101 mm,9257702,Rear Panel Stabilizer,88,HIGH,HS Code: 39263090,,,,Anthracite,42.00,INR,HIGH,"Qty: 3, Unit: Pc, PU: 3",,
Hettich,Linear Drawer System: AvanTech YOU,AvanTech YOU – 400 mm (30 Kg) Full Extn. Silent — Height 101 mm,9321561,Front Stabilizer,88,HIGH,HS Code: 39263090,,,,Anthracite,464.00,INR,HIGH,"Qty: 1, Unit: Pc, PU: 1",,
Hettich,Linear Drawer System: AvanTech YOU,AvanTech YOU – 400 mm (30 Kg) Full Extn. Silent — Height 101 mm,9303772,"Quadro YOU Drawer runner-30kg, Left",88,HIGH,HS Code: 83024200,,,,Anthracite,1511.00,INR,HIGH,"Qty: 1, Unit: Pc, PU: 1",,
Hettich,Linear Drawer System: AvanTech YOU,AvanTech YOU – 400 mm (30 Kg) Full Extn. Silent — Height 101 mm,9303773,"Quadro YOU Drawer runner-30kg, Right",88,HIGH,HS Code: 83024200,,,,Anthracite,1511.00,INR,HIGH,"Qty: 1, Unit: Pc, PU: 1",,
Hettich,Linear Drawer System: AvanTech YOU,AvanTech YOU – 400 mm (30 Kg) Full Extn. Silent — Height 101 mm,9257705,Branding clip with Hettich Logo Anthracite,88,HIGH,HS Code: 39269099,,,,Anthracite,42.00,INR,HIGH,"Qty: 1, Unit: Pc, PU: 1",,
Hettich,Linear Drawer System: AvanTech YOU,AvanTech YOU – 450 mm (30 Kg) Full Extn. Silent — Height 101 mm,9255176,"Inlay Drawer Side Profile, Left",88,LOW,"Article No. 9255177 (Right) shows the identical pattern (1,648 vs 1,685).",,,,Anthracite,1648.00,INR,LOW,"Article No. 9255177 (Right) shows the identical pattern (1,648 vs 1,685).",,
Hettich,Linear Drawer System: AvanTech YOU,AvanTech YOU – 450 mm (30 Kg) Full Extn. Silent — Height 101 mm,9255177,"Inlay Drawer Side Profile, Right",88,LOW,"Article No. 9255177 (Right) shows the identical pattern (1,648 vs 1,685).",,,,Anthracite,1648.00,INR,LOW,"Article No. 9255177 (Right) shows the identical pattern (1,648 vs 1,685).",,
Hettich,Linear Drawer System: AvanTech YOU,AvanTech YOU – 450 mm (30 Kg) Full Extn. Silent — Height 101 mm,9255826,Drawer front connector for inlay drawer side profile,88,HIGH,HS Code: 83024200,,,,Anthracite,292.00,INR,HIGH,"Qty: 2, Unit: Pc, PU: 2",,
Hettich,Linear Drawer System: AvanTech YOU,AvanTech YOU – 450 mm (30 Kg) Full Extn. Silent — Height 101 mm,9257690,"Rear Panel Connector (Anthracite), Left",88,HIGH,Corrected the colour label to Anthracite to match.,,,,Anthracite,339.00,INR,HIGH,Corrected the colour label to Anthracite to match.,,
Hettich,Linear Drawer System: AvanTech YOU,AvanTech YOU – 450 mm (30 Kg) Full Extn. Silent — Height 101 mm,9257691,"Rear Panel Connector (Anthracite), Right",88,HIGH,Corrected the colour label to Anthracite to match.,,,,Anthracite,339.00,INR,HIGH,Corrected the colour label to Anthracite to match.,,
Hettich,Linear Drawer System: AvanTech YOU,AvanTech YOU – 450 mm (30 Kg) Full Extn. Silent — Height 101 mm,9257705,Branding clip with Hettich Logo Anthracite,88,HIGH,Corrected the colour label to Anthracite to match.,,,,Anthracite,42.00,INR,HIGH,Corrected the colour label to Anthracite to match.,,
Hettich,Linear Drawer System: AvanTech YOU,AvanTech YOU – 500 mm (30 Kg) Full Extn. Silent — Height 101 mm,9255176,"Drawer Side Profile (Anthracite), Left",88,LOW,"Article No. 9255177 (Right) shows the identical pattern (1,648 vs 1,685).",,,,Anthracite,1685.00,INR,LOW,"Article No. 9255177 (Right) shows the identical pattern (1,648 vs 1,685).",,
Hettich,Linear Drawer System: AvanTech YOU,AvanTech YOU – 500 mm (30 Kg) Full Extn. Silent — Height 101 mm,9255177,"Drawer Side Profile (Anthracite), Right",88,LOW,"Article No. 9255177 (Right) shows the identical pattern (1,648 vs 1,685).",,,,Anthracite,1685.00,INR,LOW,"Article No. 9255177 (Right) shows the identical pattern (1,648 vs 1,685).",,
Hettich,Linear Drawer System: AvanTech YOU,AvanTech YOU – 500 mm (30 Kg) Full Extn. Silent — Height 101 mm,9255826,Design Profile (Anthracite),88,HIGH,HS Code: 83024200,,,,Anthracite,292.00,INR,HIGH,"Qty: 2, Unit: Pc, PU: 2",,
Hettich,Linear Drawer System: AvanTech YOU,AvanTech YOU – 500 mm (30 Kg) Full Extn. Silent — Height 101 mm,9257690,"Rear Panel Connector Anthracite, Left",88,HIGH,HS Code: 83024200,,,,Anthracite,339.00,INR,HIGH,"Qty: 1, Unit: Pc, PU: 1",,
Hettich,Linear Drawer System: AvanTech YOU,AvanTech YOU – 500 mm (30 Kg) Full Extn. Silent — Height 101 mm,9257691,"Rear Panel Connector (Anthracite), Right",88,HIGH,HS Code: 83024200,,,,Anthracite,339.00,INR,HIGH,"Qty: 1, Unit: Pc, PU: 1",,
Hettich,Linear Drawer System: AvanTech YOU,AvanTech YOU – 500 mm (30 Kg) Full Extn. Silent — Height 101 mm,9303776,"Quadro YOU Drawer runner-30kg, Left",88,HIGH,HS Code: 83024200,,,,Anthracite,1574.00,INR,HIGH,"Qty: 1, Unit: Pc, PU: 1",,
Hettich,Linear Drawer System: AvanTech YOU,AvanTech YOU – 500 mm (30 Kg) Full Extn. Silent — Height 101 mm,9303777,"Quadro YOU Drawer runner-30kg, Right",88,HIGH,HS Code: 83024200,,,,Anthracite,1574.00,INR,HIGH,"Qty: 1, Unit: Pc, PU: 1",,
Hettich,Linear Drawer System: AvanTech YOU,AvanTech YOU – 500 mm (30 Kg) Full Extn. Silent — Height 101 mm,9257705,Branding clip with Hettich logo (Anthracite),88,HIGH,HS Code: 39269099,,,,Anthracite,42.00,INR,HIGH,"Qty: 1, Unit: Pc, PU: 1",,
Hettich,Linear Drawer System: AvanTech YOU,AvanTech YOU – 550 mm (30 Kg) Full Extn. Silent — Height 101 mm,9255180,"Drawer Side Profile (Anthracite), Left",89,HIGH,HS Code: 94039910,,,,Anthracite,1711.00,INR,HIGH,"Qty: 1, Unit: Pc, PU: 1",,
Hettich,Linear Drawer System: AvanTech YOU,AvanTech YOU – 550 mm (30 Kg) Full Extn. Silent — Height 101 mm,9255181,"Drawer Side Profile (Anthracite), Right",89,HIGH,HS Code: 94039910,,,,Anthracite,1711.00,INR,HIGH,"Qty: 1, Unit: Pc, PU: 1",,
Hettich,Linear Drawer System: AvanTech YOU,AvanTech YOU – 550 mm (30 Kg) Full Extn. Silent — Height 101 mm,9255828,Design Profile (Anthracite),89,HIGH,HS Code: 83024200,,,,Anthracite,292.00,INR,HIGH,"Qty: 2, Unit: Pc, PU: 2",,
Hettich,Linear Drawer System: AvanTech YOU,AvanTech YOU – 550 mm (30 Kg) Full Extn. Silent — Height 101 mm,9257690,"Rear Panel Connector (Anthracite), Left",89,HIGH,HS Code: 83024200,,,,Anthracite,339.00,INR,HIGH,"Qty: 1, Unit: Pc, PU: 1",,
Hettich,Linear Drawer System: AvanTech YOU,AvanTech YOU – 550 mm (30 Kg) Full Extn. Silent — Height 101 mm,9257691,"Rear Panel Connector (Anthracite), Right",89,HIGH,HS Code: 83024200,,,,Anthracite,339.00,INR,HIGH,"Qty: 1, Unit: Pc, PU: 1",,
Hettich,Linear Drawer System: AvanTech YOU,AvanTech YOU – 550 mm (30 Kg) Full Extn. Silent — Height 101 mm,9257705,Branding clip with Hettich logo (Anthracite),89,HIGH,HS Code: 39269099,,,,Anthracite,42.00,INR,HIGH,"Qty: 1, Unit: Pc, PU: 1",,
Hettich,Linear Drawer System: AvanTech YOU,AvanTech YOU – 350 mm (30 Kg) Full Extn. Silent — Height 187 mm,9255208,"Drawer Side Profile (Anthracite), Left",89,HIGH,HS Code: 94039010,,,,Anthracite,2560.00,INR,HIGH,"Qty: 1, Unit: Pc, PU: 1",,
Hettich,Linear Drawer System: AvanTech YOU,AvanTech YOU – 350 mm (30 Kg) Full Extn. Silent — Height 187 mm,9255209,"Drawer Side Profile (Anthracite), Right",89,HIGH,HS Code: 94039010,,,,Anthracite,2560.00,INR,HIGH,"Qty: 1, Unit: Pc, PU: 1",,
Hettich,Linear Drawer System: AvanTech YOU,AvanTech YOU – 350 mm (30 Kg) Full Extn. Silent — Height 187 mm,9255824,Design Profile (Anthracite),89,HIGH,HS Code: 39169090,,,,Anthracite,282.00,INR,HIGH,"Qty: 2, Unit: Pc, PU: 2",,
Hettich,Linear Drawer System: AvanTech YOU,AvanTech YOU – 350 mm (30 Kg) Full Extn. Silent — Height 187 mm,9257694,"Rear Panel Connector (Anthracite), Left",89,HIGH,HS Code: 83024200,,,,Anthracite,477.00,INR,HIGH,"Qty: 1, Unit: Pc, PU: 1",,
Hettich,Linear Drawer System: AvanTech YOU,AvanTech YOU – 350 mm (30 Kg) Full Extn. Silent — Height 187 mm,9257695,"Rear Panel Connector (Anthracite), Right",89,HIGH,HS Code: 83024200,,,,Anthracite,477.00,INR,HIGH,"Qty: 1, Unit: Pc, PU: 1",,
Hettich,Linear Drawer System: AvanTech YOU,AvanTech YOU – 350 mm (30 Kg) Full Extn. Silent — Height 187 mm,9257705,Branding Clip Hettich Logo Anthracite,89,HIGH,HS Code: 39269097,,,,Anthracite,42.00,INR,HIGH,"Qty: 1, Unit: Pc, PU: 1",,
Hettich,Linear Drawer System: AvanTech YOU,AvanTech YOU – 400 mm (30 Kg) Full Extn. Silent — Height 187 mm,9255210,"Drawer Side Profile (Anthracite), Left",89,HIGH,HS Code: 94039010,,,,Anthracite,2256.00,INR,HIGH,"Qty: 1, Unit: Pc, PU: 1",,
Hettich,Linear Drawer System: AvanTech YOU,AvanTech YOU – 400 mm (30 Kg) Full Extn. Silent — Height 187 mm,9255211,"Drawer Side Profile (Anthracite), Right",89,HIGH,HS Code: 94039010,,,,Anthracite,2256.00,INR,HIGH,"Qty: 1, Unit: Pc, PU: 1",,
Hettich,Linear Drawer System: AvanTech YOU,AvanTech YOU – 400 mm (30 Kg) Full Extn. Silent — Height 187 mm,9255825,Design Profile (Anthracite),89,HIGH,HS Code: 39169090,,,,Anthracite,310.00,INR,HIGH,"Qty: 2, Unit: Pc, PU: 2",,
Hettich,Linear Drawer System: AvanTech YOU,AvanTech YOU – 400 mm (30 Kg) Full Extn. Silent — Height 187 mm,9257694,"Rear Panel Connector (Anthracite), Left",89,HIGH,HS Code: 83024200,,,,Anthracite,477.00,INR,HIGH,"Qty: 1, Unit: Pc, PU: 1",,
Hettich,Linear Drawer System: AvanTech YOU,AvanTech YOU – 400 mm (30 Kg) Full Extn. Silent — Height 187 mm,9257695,"Rear Panel Connector (Anthracite), Right",89,HIGH,HS Code: 83024200,,,,Anthracite,477.00,INR,HIGH,"Qty: 1, Unit: Pc, PU: 1",,
Hettich,Linear Drawer System: AvanTech YOU,AvanTech YOU – 400 mm (30 Kg) Full Extn. Silent — Height 187 mm,9257705,Branding Clip Hettich Logo Anthracite,89,HIGH,HS Code: 39269097,,,,Anthracite,42.00,INR,HIGH,"Qty: 1, Unit: Pc, PU: 1",,
Hettich,Linear Drawer System: AvanTech YOU,AvanTech YOU – 450 mm (30 Kg) Full Extn. Silent — Height 187 mm,9255212,"Drawer Side Profile (Anthracite), Left",89,HIGH,HS Code: 94039010,,,,Anthracite,2343.00,INR,HIGH,"Qty: 1, Unit: Pc, PU: 1",,
Hettich,Linear Drawer System: AvanTech YOU,AvanTech YOU – 450 mm (30 Kg) Full Extn. Silent — Height 187 mm,9255213,"Drawer Side Profile (Anthracite), Right",89,HIGH,HS Code: 94039010,,,,Anthracite,2343.00,INR,HIGH,"Qty: 1, Unit: Pc, PU: 1",,
Hettich,Linear Drawer System: AvanTech YOU,AvanTech YOU – 450 mm (30 Kg) Full Extn. Silent — Height 187 mm,9255826,Design Profile (Anthracite),89,HIGH,HS Code: 39169090,,,,Anthracite,292.00,INR,HIGH,"Qty: 2, Unit: Pc, PU: 2",,
Hettich,Linear Drawer System: AvanTech YOU,AvanTech YOU – 450 mm (30 Kg) Full Extn. Silent — Height 187 mm,9257694,"Rear Panel Connector (Anthracite), Left",89,HIGH,HS Code: 83024200,,,,Anthracite,477.00,INR,HIGH,"Qty: 1, Unit: Pc, PU: 1",,
Hettich,Linear Drawer System: AvanTech YOU,AvanTech YOU – 450 mm (30 Kg) Full Extn. Silent — Height 187 mm,9257695,"Rear Panel Connector (Anthracite), Right",89,HIGH,HS Code: 83024200,,,,Anthracite,477.00,INR,HIGH,"Qty: 1, Unit: Pc, PU: 1",,
Hettich,Linear Drawer System: AvanTech YOU,AvanTech YOU – 450 mm (30 Kg) Full Extn. Silent — Height 187 mm,9257705,Branding Clip Hettich Logo Anthracite,89,HIGH,HS Code: 39269097,,,,Anthracite,42.00,INR,HIGH,"Qty: 1, Unit: Pc, PU: 1",,
Hettich,Linear Drawer System: AvanTech YOU,AvanTech YOU – 500 mm (30 Kg) Full Extn. Silent — Height 187 mm,9255214,"Drawer Side Profile (Anthracite), Left",90,HIGH,HS Code: 94039010,,,,Anthracite,2377.00,INR,HIGH,"Qty: 1, Unit: Pc, PU: 1",,
Hettich,Linear Drawer System: AvanTech YOU,AvanTech YOU – 500 mm (30 Kg) Full Extn. Silent — Height 187 mm,9255215,"Drawer Side Profile (Anthracite), Right",90,HIGH,HS Code: 94039010,,,,Anthracite,2377.00,INR,HIGH,"Qty: 1, Unit: Pc, PU: 1",,
Hettich,Linear Drawer System: AvanTech YOU,AvanTech YOU – 500 mm (30 Kg) Full Extn. Silent — Height 187 mm,9255827,Design Profile (Anthracite),90,HIGH,HS Code: 83024200,,,,Anthracite,292.00,INR,HIGH,"Qty: 2, Unit: Pc, PU: 2",,
Hettich,Linear Drawer System: AvanTech YOU,AvanTech YOU – 500 mm (30 Kg) Full Extn. Silent — Height 187 mm,9257694,"Rear Panel Connector (Anthracite), Left",90,HIGH,HS Code: 83024200,,,,Anthracite,477.00,INR,HIGH,"Qty: 1, Unit: Pc, PU: 1",,
Hettich,Linear Drawer System: AvanTech YOU,AvanTech YOU – 500 mm (30 Kg) Full Extn. Silent — Height 187 mm,9257695,"Rear Panel Connector (Anthracite), Right",90,HIGH,HS Code: 83024200,,,,Anthracite,477.00,INR,HIGH,"Qty: 1, Unit: Pc, PU: 1",,
Hettich,Linear Drawer System: AvanTech YOU,AvanTech YOU – 500 mm (30 Kg) Full Extn. Silent — Height 187 mm,9257705,Branding clip with Hettich logo (Anthracite),90,HIGH,HS Code: 39269099,,,,Anthracite,42.00,INR,HIGH,"Qty: 1, Unit: Pc, PU: 1",,
Hettich,Linear Drawer System: AvanTech YOU,AvanTech YOU – 550 mm (30 Kg) Full Extn. Silent — Height 187 mm,9255216,"Drawer Side Profile (Anthracite), Left",90,HIGH,HS Code: 94039010,,,,Anthracite,2426.00,INR,HIGH,"Qty: 1, Unit: Pc, PU: 1",,
Hettich,Linear Drawer System: AvanTech YOU,AvanTech YOU – 550 mm (30 Kg) Full Extn. Silent — Height 187 mm,9255217,"Drawer Side Profile (Anthracite), Right",90,HIGH,HS Code: 94039010,,,,Anthracite,2426.00,INR,HIGH,"Qty: 1, Unit: Pc, PU: 1",,
Hettich,Linear Drawer System: AvanTech YOU,AvanTech YOU – 550 mm (30 Kg) Full Extn. Silent — Height 187 mm,9255828,Design Profile (Anthracite),90,HIGH,HS Code: 83024200,,,,Anthracite,292.00,INR,HIGH,"Qty: 2, Unit: Pc, PU: 2",,
Hettich,Linear Drawer System: AvanTech YOU,AvanTech YOU – 550 mm (30 Kg) Full Extn. Silent — Height 187 mm,9257694,"Rear Panel Connector (Anthracite), Left",90,HIGH,HS Code: 83024200,,,,Anthracite,477.00,INR,HIGH,"Qty: 1, Unit: Pc, PU: 1",,
Hettich,Linear Drawer System: AvanTech YOU,AvanTech YOU – 550 mm (30 Kg) Full Extn. Silent — Height 187 mm,9257695,"Rear Panel Connector (Anthracite), Right",90,HIGH,HS Code: 83024200,,,,Anthracite,477.00,INR,HIGH,"Qty: 1, Unit: Pc, PU: 1",,
Hettich,Linear Drawer System: AvanTech YOU,AvanTech YOU – 550 mm (30 Kg) Full Extn. Silent — Height 187 mm,9257705,Branding clip with Hettich logo (Anthracite),90,HIGH,HS Code: 39269099,,,,Anthracite,42.00,INR,HIGH,"Qty: 1, Unit: Pc, PU: 1",,
Hettich,Linear Drawer System: AvanTech YOU,AvanTech YOU – 350 mm (30 Kg) Full Extn. Silent — Height 251 mm,9255226,"Drawer Side Profile (Anthracite), Left",90,HIGH,HS Code: 94039010,,,,Anthracite,3504.00,INR,HIGH,"Qty: 1, Unit: Pc, PU: 1",,
Hettich,Linear Drawer System: AvanTech YOU,AvanTech YOU – 350 mm (30 Kg) Full Extn. Silent — Height 251 mm,9255227,"Drawer Side Profile (Anthracite), Right",90,HIGH,HS Code: 94039010,,,,Anthracite,3504.00,INR,HIGH,"Qty: 1, Unit: Pc, PU: 1",,
Hettich,Linear Drawer System: AvanTech YOU,AvanTech YOU – 350 mm (30 Kg) Full Extn. Silent — Height 251 mm,9255824,Design Profile (Anthracite),90,HIGH,HS Code: 39169090,,,,Anthracite,282.00,INR,HIGH,"Qty: 2, Unit: Pc, PU: 2",,
Hettich,Linear Drawer System: AvanTech YOU,AvanTech YOU – 350 mm (30 Kg) Full Extn. Silent — Height 251 mm,9257696,"Rear Panel Connector (Anthracite), Left",90,HIGH,HS Code: 83024200,,,,Anthracite,707.00,INR,HIGH,"Qty: 1, Unit: Pc, PU: 1",,
Hettich,Linear Drawer System: AvanTech YOU,AvanTech YOU – 350 mm (30 Kg) Full Extn. Silent — Height 251 mm,9257697,"Rear Panel Connector (Anthracite), Right",90,HIGH,HS Code: 83024200,,,,Anthracite,707.00,INR,HIGH,"Qty: 1, Unit: Pc, PU: 1",,
Hettich,Linear Drawer System: AvanTech YOU,AvanTech YOU – 350 mm (30 Kg) Full Extn. Silent — Height 251 mm,9257705,Branding clip with Hettich Logo Anthracite,90,HIGH,HS Code: 39269097,,,,Anthracite,42.00,INR,HIGH,"Qty: 1, Unit: Pc, PU: 1",,
Hettich,Linear Drawer System: AvanTech YOU,AvanTech YOU – 400 mm (30 Kg) Full Extn. Silent — Height 251 mm,9255228,"Drawer Side Profile (Anthracite), Left",90,HIGH,HS Code: 94039010,,,,Anthracite,4109.00,INR,HIGH,"Qty: 1, Unit: Pc, PU: 1",,
Hettich,Linear Drawer System: AvanTech YOU,AvanTech YOU – 400 mm (30 Kg) Full Extn. Silent — Height 251 mm,9255229,"Drawer Side Profile (Anthracite), Right",90,HIGH,HS Code: 94039010,,,,Anthracite,4109.00,INR,HIGH,"Qty: 1, Unit: Pc, PU: 1",,
Hettich,Linear Drawer System: AvanTech YOU,AvanTech YOU – 400 mm (30 Kg) Full Extn. Silent — Height 251 mm,9255825,Design Profile (Anthracite),90,HIGH,HS Code: 39169090,,,,Anthracite,310.00,INR,HIGH,"Qty: 2, Unit: Pc, PU: 2",,
Hettich,Linear Drawer System: AvanTech YOU,AvanTech YOU – 400 mm (30 Kg) Full Extn. Silent — Height 251 mm,9257696,"Rear Panel Connector (Anthracite), Left",90,HIGH,HS Code: 83024200,,,,Anthracite,707.00,INR,HIGH,"Qty: 1, Unit: Pc, PU: 1",,
Hettich,Linear Drawer System: AvanTech YOU,AvanTech YOU – 400 mm (30 Kg) Full Extn. Silent — Height 251 mm,9257697,"Rear Panel Connector (Anthracite), Right",90,HIGH,HS Code: 83024200,,,,Anthracite,707.00,INR,HIGH,"Qty: 1, Unit: Pc, PU: 1",,
Hettich,Linear Drawer System: AvanTech YOU,AvanTech YOU – 400 mm (30 Kg) Full Extn. Silent — Height 251 mm,9257705,Branding clip with Hettich Logo Anthracite,90,HIGH,HS Code: 39269097,,,,Anthracite,42.00,INR,HIGH,"Qty: 1, Unit: Pc, PU: 1",,
Hettich,Linear Drawer System: AvanTech YOU,AvanTech YOU – 450 mm (30 Kg) Full Extn. Silent — Height 251 mm,9255230,"Drawer Side Profile (Anthracite), Left",91,HIGH,HS Code: 94039010,,,,Anthracite,3964.00,INR,HIGH,"Qty: 1, Unit: Pc, PU: 1",,
Hettich,Linear Drawer System: AvanTech YOU,AvanTech YOU – 450 mm (30 Kg) Full Extn. Silent — Height 251 mm,9255231,"Drawer Side Profile (Anthracite), Right",91,HIGH,HS Code: 94039010,,,,Anthracite,3964.00,INR,HIGH,"Qty: 1, Unit: Pc, PU: 1",,
Hettich,Linear Drawer System: AvanTech YOU,AvanTech YOU – 450 mm (30 Kg) Full Extn. Silent — Height 251 mm,9255826,Design Profile (Anthracite),91,HIGH,HS Code: 39169090,,,,Anthracite,292.00,INR,HIGH,"Qty: 2, Unit: Pc, PU: 2",,
Hettich,Linear Drawer System: AvanTech YOU,AvanTech YOU – 450 mm (30 Kg) Full Extn. Silent — Height 251 mm,9257696,"Rear Panel Connector (Anthracite), Left",91,HIGH,HS Code: 83024200,,,,Anthracite,707.00,INR,HIGH,"Qty: 1, Unit: Pc, PU: 1",,
Hettich,Linear Drawer System: AvanTech YOU,AvanTech YOU – 450 mm (30 Kg) Full Extn. Silent — Height 251 mm,9257697,"Rear Panel Connector (Anthracite), Right",91,HIGH,HS Code: 83024200,,,,Anthracite,707.00,INR,HIGH,"Qty: 1, Unit: Pc, PU: 1",,
Hettich,Linear Drawer System: AvanTech YOU,AvanTech YOU – 450 mm (30 Kg) Full Extn. Silent — Height 251 mm,9257705,Branding clip with Hettich Logo Anthracite,91,HIGH,HS Code: 39269097,,,,Anthracite,42.00,INR,HIGH,"Qty: 1, Unit: Pc, PU: 1",,
Hettich,Linear Drawer System: AvanTech YOU,AvanTech YOU – 500 mm (30 Kg) Full Extn. Silent — Height 251 mm,9255232,"Drawer Side Profile (Anthracite), Left",91,HIGH,HS Code: 94039010,,,,Anthracite,4025.00,INR,HIGH,"Qty: 1, Unit: Pc, PU: 1",,
Hettich,Linear Drawer System: AvanTech YOU,AvanTech YOU – 500 mm (30 Kg) Full Extn. Silent — Height 251 mm,9255233,"Drawer Side Profile (Anthracite), Right",91,HIGH,HS Code: 94039010,,,,Anthracite,4025.00,INR,HIGH,"Qty: 1, Unit: Pc, PU: 1",,
Hettich,Linear Drawer System: AvanTech YOU,AvanTech YOU – 500 mm (30 Kg) Full Extn. Silent — Height 251 mm,9255827,Design Profile (Anthracite),91,HIGH,HS Code: 39169090,,,,Anthracite,292.00,INR,HIGH,"Qty: 2, Unit: Pc, PU: 2",,
Hettich,Linear Drawer System: AvanTech YOU,AvanTech YOU – 500 mm (30 Kg) Full Extn. Silent — Height 251 mm,9257696,"Rear Panel Connector (Anthracite), Left",91,HIGH,HS Code: 83024200,,,,Anthracite,707.00,INR,HIGH,"Qty: 1, Unit: Pc, PU: 1",,
Hettich,Linear Drawer System: AvanTech YOU,AvanTech YOU – 500 mm (30 Kg) Full Extn. Silent — Height 251 mm,9257697,"Rear Panel Connector (Anthracite), Right",91,HIGH,HS Code: 83024200,,,,Anthracite,707.00,INR,HIGH,"Qty: 1, Unit: Pc, PU: 1",,
Hettich,Linear Drawer System: AvanTech YOU,AvanTech YOU – 500 mm (30 Kg) Full Extn. Silent — Height 251 mm,9257705,Branding clip with Hettich Logo Anthracite,91,HIGH,HS Code: 39269097,,,,Anthracite,42.00,INR,HIGH,"Qty: 1, Unit: Pc, PU: 1",,
Hettich,Linear Drawer System: AvanTech YOU,AvanTech YOU – 550 mm (30 Kg) Full Extn. Silent — Height 251 mm,9255234,"Drawer Side Profile (Anthracite), Left",91,HIGH,HS Code: 94039010,,,,Anthracite,4097.00,INR,HIGH,"Qty: 1, Unit: Pc, PU: 1",,
Hettich,Linear Drawer System: AvanTech YOU,AvanTech YOU – 550 mm (30 Kg) Full Extn. Silent — Height 251 mm,9255235,"Drawer Side Profile (Anthracite), Right",91,HIGH,HS Code: 94039010,,,,Anthracite,4097.00,INR,HIGH,"Qty: 1, Unit: Pc, PU: 1",,
Hettich,Linear Drawer System: AvanTech YOU,AvanTech YOU – 550 mm (30 Kg) Full Extn. Silent — Height 251 mm,9255828,Design Profile (Anthracite),91,HIGH,HS Code: 39169090,,,,Anthracite,292.00,INR,HIGH,"Qty: 2, Unit: Pc, PU: 2",,
Hettich,Linear Drawer System: AvanTech YOU,AvanTech YOU – 550 mm (30 Kg) Full Extn. Silent — Height 251 mm,9257696,"Rear Panel Connector (Anthracite), Left",91,HIGH,HS Code: 83024200,,,,Anthracite,707.00,INR,HIGH,"Qty: 1, Unit: Pc, PU: 1",,
Hettich,Linear Drawer System: AvanTech YOU,AvanTech YOU – 550 mm (30 Kg) Full Extn. Silent — Height 251 mm,9257697,"Rear Panel Connector (Anthracite), Right",91,HIGH,HS Code: 83024200,,,,Anthracite,707.00,INR,HIGH,"Qty: 1, Unit: Pc, PU: 1",,
Hettich,Linear Drawer System: AvanTech YOU,AvanTech YOU – 550 mm (30 Kg) Full Extn. Silent — Height 251 mm,9257705,Branding clip with Hettich Logo Anthracite,91,HIGH,HS Code: 39269097,,,,Anthracite,42.00,INR,HIGH,"Qty: 1, Unit: Pc, PU: 1",,
Hettich,Linear Drawer System: AvanTech YOU,AvanTech YOU Inlay – 400 mm (30 Kg) Full Extn. Silent — Height 187 mm,9257161,"Inlay Drawer Side Profile, Left",92,HIGH,HS Code: 94039900,,,,Anthracite,2427.00,INR,HIGH,"Qty: 1, Unit: Pc, PU: 1",,
Hettich,Linear Drawer System: AvanTech YOU,AvanTech YOU Inlay – 400 mm (30 Kg) Full Extn. Silent — Height 187 mm,9257162,"Inlay Drawer Side Profile, Right",92,HIGH,HS Code: 94039900,,,,Anthracite,2427.00,INR,HIGH,"Qty: 1, Unit: Pc, PU: 1",,
Hettich,Linear Drawer System: AvanTech YOU,AvanTech YOU Inlay – 400 mm (30 Kg) Full Extn. Silent — Height 187 mm,9257694,"Rear Panel Connector (Anthracite), Left",92,HIGH,HS Code: 83024200,,,,Anthracite,477.00,INR,HIGH,"Qty: 1, Unit: Pc, PU: 1",,
Hettich,Linear Drawer System: AvanTech YOU,AvanTech YOU Inlay – 400 mm (30 Kg) Full Extn. Silent — Height 187 mm,9257695,"Rear Panel Connector (Anthracite), Right",92,HIGH,HS Code: 83024200,,,,Anthracite,477.00,INR,HIGH,"Qty: 1, Unit: Pc, PU: 1",,
Hettich,Linear Drawer System: AvanTech YOU,AvanTech YOU Inlay – 400 mm (30 Kg) Full Extn. Silent — Height 187 mm,9257705,Branding clip with Hettich Logo Anthracite,92,HIGH,HS Code: 39269099,,,,Anthracite,42.00,INR,HIGH,"Qty: 1, Unit: Pc, PU: 1",,
Hettich,Linear Drawer System: AvanTech YOU,AvanTech YOU Inlay – 450 mm (30 Kg) Full Extn. Silent — Height 187 mm,9257163,"Inlay Drawer Side Profile, Left",92,HIGH,HS Code: 94039900,,,,Anthracite,2565.00,INR,HIGH,"Qty: 1, Unit: Pc, PU: 1",,
Hettich,Linear Drawer System: AvanTech YOU,AvanTech YOU Inlay – 450 mm (30 Kg) Full Extn. Silent — Height 187 mm,9257164,"Inlay Drawer Side Profile, Right",92,HIGH,HS Code: 94039900,,,,Anthracite,2565.00,INR,HIGH,"Qty: 1, Unit: Pc, PU: 1",,
Hettich,Linear Drawer System: AvanTech YOU,AvanTech YOU Inlay – 450 mm (30 Kg) Full Extn. Silent — Height 187 mm,9257694,"Rear Panel Connector (Anthracite), Left",92,HIGH,HS Code: 83024200,,,,Anthracite,477.00,INR,HIGH,"Qty: 1, Unit: Pc, PU: 1",,
Hettich,Linear Drawer System: AvanTech YOU,AvanTech YOU Inlay – 450 mm (30 Kg) Full Extn. Silent — Height 187 mm,9257695,"Rear Panel Connector (Anthracite), Right",92,HIGH,HS Code: 83024200,,,,Anthracite,477.00,INR,HIGH,"Qty: 1, Unit: Pc, PU: 1",,
Hettich,Linear Drawer System: AvanTech YOU,AvanTech YOU Inlay – 450 mm (30 Kg) Full Extn. Silent — Height 187 mm,9257705,Branding clip with Hettich Logo Anthracite,92,HIGH,HS Code: 39269099,,,,Anthracite,42.00,INR,HIGH,"Qty: 1, Unit: Pc, PU: 1",,
Hettich,Linear Drawer System: AvanTech YOU,AvanTech YOU Inlay – 500 mm (30 Kg) Full Extn. Silent — Height 187 mm,9257165,"Inlay Drawer Side Profile, Left",92,HIGH,HS Code: 94039900,,,,Anthracite,2618.00,INR,HIGH,"Qty: 1, Unit: Pc, PU: 1",,
Hettich,Linear Drawer System: AvanTech YOU,AvanTech YOU Inlay – 500 mm (30 Kg) Full Extn. Silent — Height 187 mm,9257166,"Inlay Drawer Side Profile, Right",92,HIGH,HS Code: 94039900,,,,Anthracite,2618.00,INR,HIGH,"Qty: 1, Unit: Pc, PU: 1",,
Hettich,Linear Drawer System: AvanTech YOU,AvanTech YOU Inlay – 500 mm (30 Kg) Full Extn. Silent — Height 187 mm,9257694,"Rear Panel Connector (Anthracite), Left",92,HIGH,HS Code: 83024200,,,,Anthracite,477.00,INR,HIGH,"Qty: 1, Unit: Pc, PU: 1",,
Hettich,Linear Drawer System: AvanTech YOU,AvanTech YOU Inlay – 500 mm (30 Kg) Full Extn. Silent — Height 187 mm,9257695,"Rear Panel Connector (Anthracite), Right",92,HIGH,HS Code: 83024200,,,,Anthracite,477.00,INR,HIGH,"Qty: 1, Unit: Pc, PU: 1",,
Hettich,Linear Drawer System: AvanTech YOU,AvanTech YOU Inlay – 500 mm (30 Kg) Full Extn. Silent — Height 187 mm,9257705,Branding clip with Hettich Logo Anthracite,92,HIGH,HS Code: 39269099,,,,Anthracite,42.00,INR,HIGH,"Qty: 1, Unit: Pc, PU: 1",,
Hettich,Linear Drawer System: AvanTech YOU,AvanTech YOU Inlay – 550 mm (30 Kg) Full Extn. Silent — Height 187 mm,9257167,"Inlay Drawer Side Profile, Left",92,HIGH,HS Code: 94039900,,,,Anthracite,2661.00,INR,HIGH,"Qty: 1, Unit: Pc, PU: 1",,
Hettich,Linear Drawer System: AvanTech YOU,AvanTech YOU Inlay – 550 mm (30 Kg) Full Extn. Silent — Height 187 mm,9257168,"Inlay Drawer Side Profile, Right",92,HIGH,HS Code: 94039900,,,,Anthracite,2661.00,INR,HIGH,"Qty: 1, Unit: Pc, PU: 1",,
Hettich,Linear Drawer System: AvanTech YOU,AvanTech YOU Inlay – 550 mm (30 Kg) Full Extn. Silent — Height 187 mm,9257694,"Rear Panel Connector (Anthracite), Left",92,HIGH,HS Code: 83024200,,,,Anthracite,477.00,INR,HIGH,"Qty: 1, Unit: Pc, PU: 1",,
Hettich,Linear Drawer System: AvanTech YOU,AvanTech YOU Inlay – 550 mm (30 Kg) Full Extn. Silent — Height 187 mm,9257695,"Rear Panel Connector (Anthracite), Right",92,HIGH,HS Code: 83024200,,,,Anthracite,477.00,INR,HIGH,"Qty: 1, Unit: Pc, PU: 1",,
Hettich,Linear Drawer System: AvanTech YOU,AvanTech YOU Inlay – 550 mm (30 Kg) Full Extn. Silent — Height 187 mm,9257705,Branding clip with Hettich Logo Anthracite,92,HIGH,HS Code: 39269099,,,,Anthracite,42.00,INR,HIGH,"Qty: 1, Unit: Pc, PU: 1",,
Hettich,Linear Drawer System: AvanTech YOU,Front Panel with Aluminium (Internal Drawer),9257269,Aluminium front panel 2000 mm 101 mm Silver,93,HIGH,HS Code: 76042990,,,,Silver,9470.00,INR,HIGH,"Qty: 1, Unit: Pc, PU: 1",,
Hettich,Linear Drawer System: AvanTech YOU,Front Panel with Aluminium (Internal Drawer),9257271,Aluminium front panel 2000 mm 187 mm Silver,93,HIGH,HS Code: 76042990,,,,Silver,17461.00,INR,HIGH,"Qty: 1, Unit: Pc, PU: 1",,
Hettich,Linear Drawer System: AvanTech YOU,Front Panel with Aluminium (Internal Drawer),9257277,Aluminium front panel 2000 mm 101 mm Anthracite,93,HIGH,HS Code: 76042990,,,,Anthracite,11677.00,INR,HIGH,"Qty: 1, Unit: Pc, PU: 1",,
Hettich,Linear Drawer System: AvanTech YOU,Front Panel with Aluminium (Internal Drawer),9257279,Aluminium front panel 2000 mm 187 mm Anthracite,93,HIGH,HS Code: 76042990,,,,Anthracite,16360.00,INR,HIGH,"Qty: 1, Unit: Pc, PU: 1",,
Hettich,Linear Drawer System: AvanTech YOU,Front Panel with Aluminium (Internal Drawer),9257611,Connector for front panel 101 mm Silver,93,HIGH,HS Code: 83024200,,,,Silver,420.00,INR,HIGH,"Qty: 1, Unit: Set, PU: 1",,
Hettich,Linear Drawer System: AvanTech YOU,Front Panel with Aluminium (Internal Drawer),9257613,Connector for front panel 187 mm Silver,93,HIGH,HS Code: 83024200,,,,Silver,958.00,INR,HIGH,"Qty: 1, Unit: Set, PU: 1",,
Hettich,Linear Drawer System: AvanTech YOU,Front Panel with Aluminium (Internal Drawer),9257619,Connector for front panel 101 mm Anthracite,93,HIGH,HS Code: 83024200,,,,Anthracite,495.00,INR,HIGH,"Qty: 1, Unit: Set, PU: 1",,
Hettich,Linear Drawer System: AvanTech YOU,Front Panel with Aluminium (Internal Drawer),9257621,Connector for front panel 187 mm Anthracite,93,HIGH,HS Code: 83024200,,,,Anthracite,900.00,INR,HIGH,"Qty: 1, Unit: Set, PU: 1",,
Hettich,Linear Drawer System: AvanTech YOU,Front Panel with Glass (Internal Drawer) - Connectors to be used only with Inlay Drawer Side Profile,9257663,Support Profile front panel 2000 mm Silver,93,HIGH,HS Code: 76042990,,,,Silver,6820.00,INR,HIGH,"Qty: 1, Unit: Pc, PU: 1",,
Hettich,Linear Drawer System: AvanTech YOU,Front Panel with Glass (Internal Drawer) - Connectors to be used only with Inlay Drawer Side Profile,9257665,Support Profile front panel 2000 mm Anthracite,93,HIGH,HS Code: 76042990,,,,Anthracite,5839.00,INR,HIGH,"Qty: 1, Unit: Pc, PU: 1",,
Hettich,Linear Drawer System: AvanTech YOU,Front Panel with Glass (Internal Drawer) - Connectors to be used only with Inlay Drawer Side Profile,9257657,Connector for front panel 187 mm Silver,93,HIGH,HS Code: 83024200,,,,Silver,3585.00,INR,HIGH,"Qty: 1, Unit: Set, PU: 1",,
Hettich,Linear Drawer System: AvanTech YOU,Front Panel with Glass (Internal Drawer) - Connectors to be used only with Inlay Drawer Side Profile,9257659,Connector for front panel 187 mm Anthracite,93,HIGH,HS Code: 83024200,,,,Anthracite,3585.00,INR,HIGH,"Qty: 1, Unit: Set, PU: 1",,
Hettich,Linear Drawer System: AvanTech YOU,AvanTech YOU Drawer Side Profile,9255012,"Drawer side Profile- D350mm H101mm (Silver), Left",94,HIGH,HS Code: 94039010,,,,Silver,1623.00,INR,HIGH,"Qty: 1, Unit: Pc, PU: 1",,
Hettich,Linear Drawer System: AvanTech YOU,AvanTech YOU Drawer Side Profile,9255013,"Drawer side Profile- D350mm H101mm (Silver), Right",94,HIGH,HS Code: 94039010,,,,Silver,1623.00,INR,HIGH,"Qty: 1, Unit: Pc, PU: 1",,
Hettich,Linear Drawer System: AvanTech YOU,AvanTech YOU Drawer Side Profile,9255014,"Drawer side Profile- D400mm H101mm (Silver), Left",94,HIGH,HS Code: 94039010,,,,Silver,1490.00,INR,HIGH,"Qty: 1, Unit: Pc, PU: 1",,
Hettich,Linear Drawer System: AvanTech YOU,AvanTech YOU Drawer Side Profile,9255015,"Drawer side Profile- D400mm H101mm (Silver), Right",94,HIGH,HS Code: 94039010,,,,Silver,1490.00,INR,HIGH,"Qty: 1, Unit: Pc, PU: 1",,
Hettich,Linear Drawer System: AvanTech YOU,AvanTech YOU Drawer Side Profile,9255016,"Drawer side Profile- D450mm H101mm (Silver), Left",94,HIGH,HS Code: 94039010,,,,Silver,1648.00,INR,HIGH,"Qty: 1, Unit: Pc, PU: 1",,
Hettich,Linear Drawer System: AvanTech YOU,AvanTech YOU Drawer Side Profile,9255017,"Drawer side Profile- D450mm H101mm (Silver), Right",94,HIGH,HS Code: 94039010,,,,Silver,1648.00,INR,HIGH,"Qty: 1, Unit: Pc, PU: 1",,
Hettich,Linear Drawer System: AvanTech YOU,AvanTech YOU Drawer Side Profile,9255018,"Drawer side Profile- D500mm H101mm (Silver), Left",94,HIGH,HS Code: 94039010,,,,Silver,1685.00,INR,HIGH,"Qty: 1, Unit: Pc, PU: 1",,
Hettich,Linear Drawer System: AvanTech YOU,AvanTech YOU Drawer Side Profile,9255019,"Drawer side Profile- D500mm H101mm (Silver), Right",94,HIGH,HS Code: 94039010,,,,Silver,1685.00,INR,HIGH,"Qty: 1, Unit: Pc, PU: 1",,
Hettich,Linear Drawer System: AvanTech YOU,AvanTech YOU Drawer Side Profile,9255020,"Drawer side Profile- D550mm H101mm (Silver), Left",94,HIGH,HS Code: 94039010,,,,Silver,1711.00,INR,HIGH,"Qty: 1, Unit: Pc, PU: 1",,
Hettich,Linear Drawer System: AvanTech YOU,AvanTech YOU Drawer Side Profile,9255021,"Drawer side Profile- D550mm H101mm (Silver), Right",94,HIGH,HS Code: 94039010,,,,Silver,1711.00,INR,HIGH,"Qty: 1, Unit: Pc, PU: 1",,
Hettich,Linear Drawer System: AvanTech YOU,AvanTech YOU Drawer Side Profile,9255022,"Drawer side Profile- D600mm H101mm (Silver), Left",94,HIGH,HS Code: 94039010,,,,Silver,1749.00,INR,HIGH,"Qty: 1, Unit: Pc, PU: 1",,
Hettich,Linear Drawer System: AvanTech YOU,AvanTech YOU Drawer Side Profile,9255023,"Drawer side Profile- D600mm H101mm (Silver), Right",94,HIGH,HS Code: 94039010,,,,Silver,1749.00,INR,HIGH,"Qty: 1, Unit: Pc, PU: 1",,
Hettich,Linear Drawer System: AvanTech YOU,AvanTech YOU Drawer Side Profile,9255048,"Drawer side Profile-D350mm H187mm (Silver), Left",94,HIGH,HS Code: 94039010,,,,Silver,2560.00,INR,HIGH,"Qty: 1, Unit: Pc, PU: 1",,
Hettich,Linear Drawer System: AvanTech YOU,AvanTech YOU Drawer Side Profile,9255049,"Drawer side Profile-D350mm H187mm (Silver), Right",94,HIGH,HS Code: 94039010,,,,Silver,2560.00,INR,HIGH,"Qty: 1, Unit: Pc, PU: 1",,
Hettich,Linear Drawer System: AvanTech YOU,AvanTech YOU Drawer Side Profile,9255050,"Drawer Side Profile- D400mm H187mm, (Silver), Left",94,HIGH,,,,,Silver,2256.00,INR,HIGH,,,
Hettich,Linear Drawer System: AvanTech YOU,AvanTech YOU Drawer Side Profile,9255051,"Drawer Side Profile- D400mm H187mm, (Silver), Right",94,HIGH,,,,,Silver,2256.00,INR,HIGH,,,
Hettich,Linear Drawer System: AvanTech YOU,AvanTech YOU Drawer Side Profile,9255052,"Drawer Side Profile- D450mm H187mm, (Silver), Left",94,HIGH,,,,,Silver,2343.00,INR,HIGH,,,
Hettich,Linear Drawer System: AvanTech YOU,AvanTech YOU Drawer Side Profile,9255053,"Drawer Side Profile- D450mm H187mm, (Silver), Right",94,HIGH,,,,,Silver,2343.00,INR,HIGH,,,
Hettich,Linear Drawer System: AvanTech YOU,AvanTech YOU Drawer Side Profile,9255054,"Drawer Side Profile- D500mm H187mm, (Silver), Left",94,HIGH,,,,,Silver,2377.00,INR,HIGH,,,
Hettich,Linear Drawer System: AvanTech YOU,AvanTech YOU Drawer Side Profile,9255055,"Drawer Side Profile- D500mm H187mm, (Silver), Right",94,HIGH,,,,,Silver,2377.00,INR,HIGH,,,
Hettich,Linear Drawer System: AvanTech YOU,AvanTech YOU Drawer Side Profile,9255056,"Drawer Side Profile- D550mm H187mm, (Silver), Left",94,HIGH,,,,,Silver,2426.00,INR,HIGH,,,
Hettich,Linear Drawer System: AvanTech YOU,AvanTech YOU Drawer Side Profile,9255057,"Drawer Side Profile- D550mm H187mm, (Silver), Right",94,HIGH,,,,,Silver,2426.00,INR,HIGH,,,
Hettich,Linear Drawer System: AvanTech YOU,AvanTech YOU Drawer Side Profile,9255058,"Drawer side Profile-D600mm H187mm (Silver), Left",94,HIGH,HS Code: 94039010,,,,Silver,2638.00,INR,HIGH,"Qty: 1, Unit: Pc, PU: 1",,
Hettich,Linear Drawer System: AvanTech YOU,AvanTech YOU Drawer Side Profile,9255059,"Drawer side Profile-D600mm H187mm (Silver), Right",94,HIGH,HS Code: 94039010,,,,Silver,2638.00,INR,HIGH,"Qty: 1, Unit: Pc, PU: 1",,
Hettich,Linear Drawer System: AvanTech YOU,AvanTech YOU Drawer Side Profile,9255066,"Drawer side Profile-D350mm H251mm (Silver), Left",94,HIGH,HS Code: 94039010,,,,Silver,3504.00,INR,HIGH,"Qty: 1, Unit: Pc, PU: 1",,
Hettich,Linear Drawer System: AvanTech YOU,AvanTech YOU Drawer Side Profile,9255067,"Drawer side Profile-D350mm H251mm (Silver), Right",94,HIGH,HS Code: 94039010,,,,Silver,3504.00,INR,HIGH,"Qty: 1, Unit: Pc, PU: 1",,
Hettich,Linear Drawer System: AvanTech YOU,AvanTech YOU Drawer Side Profile,9255068,"Drawer side Profile-D400mm H251mm (Silver), Left",94,HIGH,HS Code: 94039010,,,,Silver,4109.00,INR,HIGH,"Qty: 1, Unit: Pc, PU: 1",,
Hettich,Linear Drawer System: AvanTech YOU,AvanTech YOU Drawer Side Profile,9255069,"Drawer side Profile-D400mm H251mm (Silver), Right",94,HIGH,HS Code: 94039010,,,,Silver,4109.00,INR,HIGH,"Qty: 1, Unit: Pc, PU: 1",,
Hettich,Linear Drawer System: AvanTech YOU,AvanTech YOU Drawer Side Profile,9255070,"Drawer side Profile-D450mm H251mm (Silver), Left",94,HIGH,HS Code: 94039010,,,,Silver,3964.00,INR,HIGH,"Qty: 1, Unit: Pc, PU: 1",,
Hettich,Linear Drawer System: AvanTech YOU,AvanTech YOU Drawer Side Profile,9255071,"Drawer side Profile-D450mm H251mm (Silver), Right",94,HIGH,HS Code: 94039010,,,,Silver,3964.00,INR,HIGH,"Qty: 1, Unit: Pc, PU: 1",,
Hettich,Linear Drawer System: AvanTech YOU,AvanTech YOU Drawer Side Profile,9255072,"Drawer side Profile-D500mm H251mm (Silver), Left",94,HIGH,HS Code: 94039010,,,,Silver,4025.00,INR,HIGH,"Qty: 1, Unit: Pc, PU: 1",,
Hettich,Linear Drawer System: AvanTech YOU,AvanTech YOU Drawer Side Profile,9255073,"Drawer side Profile-D500mm H251mm (Silver), Right",94,HIGH,HS Code: 94039010,,,,Silver,4025.00,INR,HIGH,"Qty: 1, Unit: Pc, PU: 1",,
Hettich,Linear Drawer System: AvanTech YOU,AvanTech YOU Drawer Side Profile,9255074,"Drawer side Profile-D550mm H251mm (Silver), Left",94,HIGH,HS Code: 94039010,,,,Silver,4097.00,INR,HIGH,"Qty: 1, Unit: Pc, PU: 1",,
Hettich,Linear Drawer System: AvanTech YOU,AvanTech YOU Drawer Side Profile,9255075,"Drawer side Profile-D550mm H251mm (Silver), Right",94,HIGH,HS Code: 94039010,,,,Silver,4097.00,INR,HIGH,"Qty: 1, Unit: Pc, PU: 1",,
Hettich,Linear Drawer System: AvanTech YOU,AvanTech YOU Drawer Side Profile,9255076,"Drawer side Profile-D600mm H251mm (Silver), Left",94,HIGH,HS Code: 94039010,,,,Silver,4194.00,INR,HIGH,"Qty: 1, Unit: Pc, PU: 1",,
Hettich,Linear Drawer System: AvanTech YOU,AvanTech YOU Drawer Side Profile,9255077,"Drawer side Profile-D600mm H251mm (Silver), Right",94,HIGH,HS Code: 94039010,,,,Silver,4194.00,INR,HIGH,"Qty: 1, Unit: Pc, PU: 1",,
Hettich,Linear Drawer System: AvanTech YOU,AvanTech YOU Drawer Side Profile,9255098,"Drawer Side Profile-D500mm H101mm (White), Left",94,HIGH,HS Code: 94039010,,,,White,1685.00,INR,HIGH,"Qty: 1, Unit: Pc, PU: 1",,
Hettich,Linear Drawer System: AvanTech YOU,AvanTech YOU Drawer Side Profile,9255099,"Drawer Side Profile-D500mm H101mm (White), Right",94,HIGH,HS Code: 94039010,,,,White,1685.00,INR,HIGH,"Qty: 1, Unit: Pc, PU: 1",,
Hettich,Linear Drawer System: AvanTech YOU,AvanTech YOU Drawer Side Profile,9255134,"Drawer Side Profile-D500mm H187mm (White), Left",94,HIGH,HS Code: 94039010,,,,White,2377.00,INR,HIGH,"Qty: 1, Unit: Pc, PU: 1",,
Hettich,Linear Drawer System: AvanTech YOU,AvanTech YOU Drawer Side Profile,9255135,"Drawer Side Profile-D500mm H187mm (White), Right",94,HIGH,HS Code: 94039010,,,,White,2377.00,INR,HIGH,"Qty: 1, Unit: Pc, PU: 1",,
Hettich,Linear Drawer System: AvanTech YOU,AvanTech YOU Drawer Side Profile,9255152,"Drawer Side Profile-D500mm H251mm (White), Left",94,HIGH,HS Code: 94039010,,,,White,4025.00,INR,HIGH,"Qty: 1, Unit: Pc, PU: 1",,
Hettich,Linear Drawer System: AvanTech YOU,AvanTech YOU Drawer Side Profile,9255153,"Drawer Side Profile-D500mm H251mm (White), Right",94,HIGH,HS Code: 94039010,,,,White,4025.00,INR,HIGH,"Qty: 1, Unit: Pc, PU: 1",,
Hettich,Linear Drawer System: AvanTech YOU,AvanTech YOU Drawer Side Profile,9255172,"Drawer side Profile-D350mm H101mm (Anthracite), Left",95,HIGH,HS Code: 94039010,,,,Anthracite,1623.00,INR,HIGH,"Qty: 1, Unit: Pc, PU: 1",,
Hettich,Linear Drawer System: AvanTech YOU,AvanTech YOU Drawer Side Profile,9255173,"Drawer side Profile-D350mm H101mm (Anthracite), Right",95,HIGH,HS Code: 94039010,,,,Anthracite,1623.00,INR,HIGH,"Qty: 1, Unit: Pc, PU: 1",,
Hettich,Linear Drawer System: AvanTech YOU,AvanTech YOU Drawer Side Profile,9255174,"Drawer side Profile-D400mm H101mm (Anthracite), Left",95,HIGH,HS Code: 94039010,,,,Anthracite,1490.00,INR,HIGH,"Qty: 1, Unit: Pc, PU: 1",,
Hettich,Linear Drawer System: AvanTech YOU,AvanTech YOU Drawer Side Profile,9255175,"Drawer side Profile-D400mm H101mm (Anthracite), Right",95,HIGH,HS Code: 94039010,,,,Anthracite,1490.00,INR,HIGH,"Qty: 1, Unit: Pc, PU: 1",,
Hettich,Linear Drawer System: AvanTech YOU,AvanTech YOU Drawer Side Profile,9255176,"Drawer side Profile-D450mm H101mm (Anthracite), Left",95,HIGH,HS Code: 94039010,,,,Anthracite,1648.00,INR,HIGH,"Qty: 1, Unit: Pc, PU: 1",,
Hettich,Linear Drawer System: AvanTech YOU,AvanTech YOU Drawer Side Profile,9255177,"Drawer side Profile-D450mm H101mm (Anthracite), Right",95,HIGH,HS Code: 94039010,,,,Anthracite,1648.00,INR,HIGH,"Qty: 1, Unit: Pc, PU: 1",,
Hettich,Linear Drawer System: AvanTech YOU,AvanTech YOU Drawer Side Profile,9255178,"Drawer side Profile-D500mm H101mm (Anthracite), Left",95,HIGH,HS Code: 94039010,,,,Anthracite,1685.00,INR,HIGH,"Qty: 1, Unit: Pc, PU: 1",,
Hettich,Linear Drawer System: AvanTech YOU,AvanTech YOU Drawer Side Profile,9255179,"Drawer side Profile-D500mm H101mm (Anthracite), Right",95,HIGH,HS Code: 94039010,,,,Anthracite,1685.00,INR,HIGH,"Qty: 1, Unit: Pc, PU: 1",,
Hettich,Linear Drawer System: AvanTech YOU,AvanTech YOU Drawer Side Profile,9255180,"Drawer side Profile-D550mm H101mm (Anthracite), Left",95,HIGH,HS Code: 94039010,,,,Anthracite,1711.00,INR,HIGH,"Qty: 1, Unit: Pc, PU: 1",,
Hettich,Linear Drawer System: AvanTech YOU,AvanTech YOU Drawer Side Profile,9255181,"Drawer side Profile-D550mm H101mm (Anthracite), Right",95,HIGH,HS Code: 94039010,,,,Anthracite,1711.00,INR,HIGH,"Qty: 1, Unit: Pc, PU: 1",,
Hettich,Linear Drawer System: AvanTech YOU,AvanTech YOU Drawer Side Profile,9255182,"Drawer side Profile-D600mm H101mm (Anthracite), Left",95,HIGH,HS Code: 94039010,,,,Anthracite,1749.00,INR,HIGH,"Qty: 1, Unit: Pc, PU: 1",,
Hettich,Linear Drawer System: AvanTech YOU,AvanTech YOU Drawer Side Profile,9255183,"Drawer side Profile-D600mm H101mm (Anthracite), Right",95,HIGH,HS Code: 94039010,,,,Anthracite,1749.00,INR,HIGH,"Qty: 1, Unit: Pc, PU: 1",,
Hettich,Linear Drawer System: AvanTech YOU,AvanTech YOU Drawer Side Profile,9255208,"Drawer Side Profile-D350mm H187mm (Anthracite), Left",95,HIGH,HS Code: 94039010,,,,Anthracite,2560.00,INR,HIGH,"Qty: 1, Unit: Pc, PU: 1",,
Hettich,Linear Drawer System: AvanTech YOU,AvanTech YOU Drawer Side Profile,9255209,"Drawer Side Profile-D350mm H187mm (Anthracite), Right",95,HIGH,HS Code: 94039010,,,,Anthracite,2560.00,INR,HIGH,"Qty: 1, Unit: Pc, PU: 1",,
Hettich,Linear Drawer System: AvanTech YOU,AvanTech YOU Drawer Side Profile,9255210,"Drawer Side Profile-D400mm H187mm (Anthracite), Left",95,HIGH,HS Code: 94039010,,,,Anthracite,2256.00,INR,HIGH,"Qty: 1, Unit: Pc, PU: 1",,
Hettich,Linear Drawer System: AvanTech YOU,AvanTech YOU Drawer Side Profile,9255211,"Drawer Side Profile-D400mm H187mm (Anthracite), Right",95,HIGH,HS Code: 94039010,,,,Anthracite,2256.00,INR,HIGH,"Qty: 1, Unit: Pc, PU: 1",,
Hettich,Linear Drawer System: AvanTech YOU,AvanTech YOU Drawer Side Profile,9255212,"Drawer Side Profile-D450mm H187mm (Anthracite), Left",95,HIGH,HS Code: 94039010,,,,Anthracite,2343.00,INR,HIGH,"Qty: 1, Unit: Pc, PU: 1",,
Hettich,Linear Drawer System: AvanTech YOU,AvanTech YOU Drawer Side Profile,9255213,"Drawer Side Profile-D450mm H187mm (Anthracite), Right",95,HIGH,HS Code: 94039010,,,,Anthracite,2343.00,INR,HIGH,"Qty: 1, Unit: Pc, PU: 1",,
Hettich,Linear Drawer System: AvanTech YOU,AvanTech YOU Drawer Side Profile,9255214,"Drawer Side Profile-D500mm H187mm (Anthracite), Left",95,HIGH,HS Code: 94039010,,,,Anthracite,2377.00,INR,HIGH,"Qty: 1, Unit: Pc, PU: 1",,
Hettich,Linear Drawer System: AvanTech YOU,AvanTech YOU Drawer Side Profile,9255215,"Drawer Side Profile-D500mm H187mm (Anthracite), Right",95,HIGH,HS Code: 94039010,,,,Anthracite,2377.00,INR,HIGH,"Qty: 1, Unit: Pc, PU: 1",,
Hettich,Linear Drawer System: AvanTech YOU,AvanTech YOU Drawer Side Profile,9255216,"Drawer Side Profile-D550mm H187mm (Anthracite), Left",95,HIGH,HS Code: 94039010,,,,Anthracite,2426.00,INR,HIGH,"Qty: 1, Unit: Pc, PU: 1",,
Hettich,Linear Drawer System: AvanTech YOU,AvanTech YOU Drawer Side Profile,9255217,"Drawer Side Profile-D550mm H187mm (Anthracite), Right",95,HIGH,HS Code: 94039010,,,,Anthracite,2426.00,INR,HIGH,"Qty: 1, Unit: Pc, PU: 1",,
Hettich,Linear Drawer System: AvanTech YOU,AvanTech YOU Drawer Side Profile,9255218,"Drawer Side Profile-D600mm H187mm (Anthracite), Left",95,HIGH,HS Code: 94039010,,,,Anthracite,2638.00,INR,HIGH,"Qty: 1, Unit: Pc, PU: 1",,
Hettich,Linear Drawer System: AvanTech YOU,AvanTech YOU Drawer Side Profile,9255219,"Drawer Side Profile-D600mm H187mm (Anthracite), Right",95,HIGH,HS Code: 94039010,,,,Anthracite,2638.00,INR,HIGH,"Qty: 1, Unit: Pc, PU: 1",,
Hettich,Linear Drawer System: AvanTech YOU,AvanTech YOU Drawer Side Profile,9255226,"Drawer Side Profile-D350mm H251mm (Anthracite), Left",95,HIGH,HS Code: 94039010,,,,Anthracite,3504.00,INR,HIGH,"Qty: 1, Unit: Pc, PU: 1",,
Hettich,Linear Drawer System: AvanTech YOU,AvanTech YOU Drawer Side Profile,9255227,"Drawer Side Profile-D350mm H251mm (Anthracite), Right",95,HIGH,HS Code: 94039010,,,,Anthracite,3504.00,INR,HIGH,"Qty: 1, Unit: Pc, PU: 1",,
Hettich,Linear Drawer System: AvanTech YOU,AvanTech YOU Drawer Side Profile,9255228,"Drawer Side Profile-D400mm H251mm (Anthracite), Left",95,HIGH,HS Code: 94039010,,,,Anthracite,4109.00,INR,HIGH,"Qty: 1, Unit: Pc, PU: 1",,
Hettich,Linear Drawer System: AvanTech YOU,AvanTech YOU Drawer Side Profile,9255229,"Drawer Side Profile-D400mm H251mm (Anthracite), Right",95,HIGH,HS Code: 94039010,,,,Anthracite,4109.00,INR,HIGH,"Qty: 1, Unit: Pc, PU: 1",,
Hettich,Linear Drawer System: AvanTech YOU,AvanTech YOU Drawer Side Profile,9255230,"Drawer Side Profile-D450mm H251mm (Anthracite), Left",95,HIGH,HS Code: 94039010,,,,Anthracite,3964.00,INR,HIGH,"Qty: 1, Unit: Pc, PU: 1",,
Hettich,Linear Drawer System: AvanTech YOU,AvanTech YOU Drawer Side Profile,9255231,"Drawer Side Profile-D450mm H251mm (Anthracite), Right",95,HIGH,HS Code: 94039010,,,,Anthracite,3964.00,INR,HIGH,"Qty: 1, Unit: Pc, PU: 1",,
Hettich,Linear Drawer System: AvanTech YOU,AvanTech YOU Drawer Side Profile,9255232,"Drawer Side Profile-D500mm H251mm (Anthracite), Left",95,HIGH,HS Code: 94039010,,,,Anthracite,4025.00,INR,HIGH,"Qty: 1, Unit: Pc, PU: 1",,
Hettich,Linear Drawer System: AvanTech YOU,AvanTech YOU Drawer Side Profile,9255233,"Drawer Side Profile-D500mm H251mm (Anthracite), Right",95,HIGH,HS Code: 94039010,,,,Anthracite,4025.00,INR,HIGH,"Qty: 1, Unit: Pc, PU: 1",,
Hettich,Linear Drawer System: AvanTech YOU,AvanTech YOU Drawer Side Profile,9255234,"Drawer Side Profile-D550mm H251mm (Anthracite), Left",95,HIGH,HS Code: 94039010,,,,Anthracite,4097.00,INR,HIGH,"Qty: 1, Unit: Pc, PU: 1",,
Hettich,Linear Drawer System: AvanTech YOU,AvanTech YOU Drawer Side Profile,9255235,"Drawer Side Profile-D550mm H251mm (Anthracite), Right",95,HIGH,HS Code: 94039010,,,,Anthracite,4097.00,INR,HIGH,"Qty: 1, Unit: Pc, PU: 1",,
Hettich,Linear Drawer System: AvanTech YOU,AvanTech YOU Drawer Side Profile,9255236,"Drawer Side Profile-D600mm H251mm (Anthracite), Left",95,HIGH,HS Code: 94039010,,,,Anthracite,4194.00,INR,HIGH,"Qty: 1, Unit: Pc, PU: 1",,
Hettich,Linear Drawer System: AvanTech YOU,AvanTech YOU Drawer Side Profile,9255237,"Drawer Side Profile-D600mm H251mm (Anthracite), Right",95,HIGH,HS Code: 94039010,,,,Anthracite,4194.00,INR,HIGH,"Qty: 1, Unit: Pc, PU: 1",,
Hettich,Linear Drawer System: AvanTech YOU,AvanTech YOU Inlay Drawer Side Profile,9257133,"Inlay Drawer Side Profile-D400mm H187mm (Silver), Left",96,HIGH,HS Code: 94039910,,,,Silver,2427.00,INR,HIGH,"Qty: 1, Unit: Pc, PU: 1",,
Hettich,Linear Drawer System: AvanTech YOU,AvanTech YOU Inlay Drawer Side Profile,9257134,"Inlay Drawer Side Profile-D400mm H187mm (Silver), Right",96,HIGH,HS Code: 94039910,,,,Silver,2427.00,INR,HIGH,"Qty: 1, Unit: Pc, PU: 1",,
Hettich,Linear Drawer System: AvanTech YOU,AvanTech YOU Inlay Drawer Side Profile,9257135,"Inlay Drawer Side Profile-D450mm H187mm (Silver), Left",96,HIGH,HS Code: 94039900,,,,Silver,2565.00,INR,HIGH,"Qty: 1, Unit: Pc, PU: 1",,
Hettich,Linear Drawer System: AvanTech YOU,AvanTech YOU Inlay Drawer Side Profile,9257136,"Inlay Drawer Side Profile-D450mm H187mm (Silver), Right",96,HIGH,HS Code: 94039900,,,,Silver,2565.00,INR,HIGH,"Qty: 1, Unit: Pc, PU: 1",,
Hettich,Linear Drawer System: AvanTech YOU,AvanTech YOU Inlay Drawer Side Profile,9257137,"Inlay Drawer Side Profile-D500mm H187mm (Silver), Left",96,HIGH,HS Code: 94039900,,,,Silver,2618.00,INR,HIGH,"Qty: 1, Unit: Pc, PU: 1",,
Hettich,Linear Drawer System: AvanTech YOU,AvanTech YOU Inlay Drawer Side Profile,9257138,"Inlay Drawer Side Profile-D500mm H187mm (Silver), Right",96,HIGH,HS Code: 94039010,,,,Silver,2618.00,INR,HIGH,"Qty: 1, Unit: Pc, PU: 1",,
Hettich,Linear Drawer System: AvanTech YOU,AvanTech YOU Inlay Drawer Side Profile,9257139,"Inlay Drawer Side Profile-D550mm H187mm (Silver), Left",96,HIGH,HS Code: 94039900,,,,Silver,2661.00,INR,HIGH,"Qty: 1, Unit: Pc, PU: 1",,
Hettich,Linear Drawer System: AvanTech YOU,AvanTech YOU Inlay Drawer Side Profile,9257140,"Inlay Drawer Side Profile-D550mm H187mm (Silver), Right",96,HIGH,HS Code: 94039900,,,,Silver,2661.00,INR,HIGH,"Qty: 1, Unit: Pc, PU: 1",,
Hettich,Linear Drawer System: AvanTech YOU,AvanTech YOU Inlay Drawer Side Profile,9257151,"Inlay Drawer Side Profile-D500mm H187mm (White), Left",96,HIGH,HS Code: 94039900,,,,White,2618.00,INR,HIGH,"Qty: 1, Unit: Pc, PU: 1",,
Hettich,Linear Drawer System: AvanTech YOU,AvanTech YOU Inlay Drawer Side Profile,9257152,"Inlay Drawer Side Profile-D500mm H187mm (White), Right",96,HIGH,HS Code: 94039900,,,,White,2618.00,INR,HIGH,"Qty: 1, Unit: Pc, PU: 1",,
Hettich,Linear Drawer System: AvanTech YOU,AvanTech YOU Inlay Drawer Side Profile,9257161,"Inlay Drawer Side Profile-D400mm H187mm (Anthracite), Left",96,HIGH,HS Code: 94039900,,,,Anthracite,2427.00,INR,HIGH,"Qty: 1, Unit: Pc, PU: 1",,
Hettich,Linear Drawer System: AvanTech YOU,AvanTech YOU Inlay Drawer Side Profile,9257162,"Inlay Drawer Side Profile-D400mm H187mm (Anthracite), Right",96,HIGH,HS Code: 94039900,,,,Anthracite,2427.00,INR,HIGH,"Qty: 1, Unit: Pc, PU: 1",,
Hettich,Linear Drawer System: AvanTech YOU,AvanTech YOU Inlay Drawer Side Profile,9257163,"Inlay Drawer Side Profile-D450mm H187mm (Anthracite), Left",96,HIGH,HS Code: 94039900,,,,Anthracite,2565.00,INR,HIGH,"Qty: 1, Unit: Pc, PU: 1",,
Hettich,Linear Drawer System: AvanTech YOU,AvanTech YOU Inlay Drawer Side Profile,9257164,"Inlay Drawer Side Profile-D450mm H187mm (Anthracite), Right",96,HIGH,HS Code: 94039900,,,,Anthracite,2565.00,INR,HIGH,"Qty: 1, Unit: Pc, PU: 1",,
Hettich,Linear Drawer System: AvanTech YOU,AvanTech YOU Inlay Drawer Side Profile,9257165,"Inlay Drawer Side Profile-D500mm H187mm (Anthracite), Left",96,HIGH,HS Code: 94039900,,,,Anthracite,2618.00,INR,HIGH,"Qty: 1, Unit: Pc, PU: 1",,
Hettich,Linear Drawer System: AvanTech YOU,AvanTech YOU Inlay Drawer Side Profile,9257166,"Inlay Drawer Side Profile-D500mm H187mm (Anthracite), Right",96,HIGH,HS Code: 94039900,,,,Anthracite,2618.00,INR,HIGH,"Qty: 1, Unit: Pc, PU: 1",,
Hettich,Linear Drawer System: AvanTech YOU,AvanTech YOU Inlay Drawer Side Profile,9257167,"Inlay Drawer Side Profile-D550mm H187mm (Anthracite), Left",96,HIGH,HS Code: 94039900,,,,Anthracite,2661.00,INR,HIGH,"Qty: 1, Unit: Pc, PU: 1",,
Hettich,Linear Drawer System: AvanTech YOU,AvanTech YOU Inlay Drawer Side Profile,9257168,"Inlay Drawer Side Profile-D550mm H187mm (Anthracite), Right",96,HIGH,HS Code: 94039900,,,,Anthracite,2661.00,INR,HIGH,"Qty: 1, Unit: Pc, PU: 1",,
Hettich,Linear Drawer System: AvanTech YOU Illumination,AvanTech YOU LED Profile Light – 400 mm (Regular Drawer),9336473,"AVT YOU LED profile, NW, D400MM, Finish Anthracite",97,HIGH,HS Code: 94054231,,,,Anthracite,5050.00,INR,HIGH,"Qty: 1, Unit: Set, PU: 1",,
Hettich,Linear Drawer System: AvanTech YOU Illumination,AvanTech YOU LED Profile Light – 400 mm (Regular Drawer),9336477,"AVT YOU Battery pack, wooden rear panel, USB rechargeable, 7.5 V DC, 3x cable clip",97,HIGH,HS Code: 85044055,,,,Standard,5550.00,INR,HIGH,"Qty: 1, Unit: Pc, PU: 1",,
Hettich,Linear Drawer System: AvanTech YOU Illumination,AvanTech YOU LED Profile Light – 400 mm (Regular Drawer),9336481,Magnet with chipboard screw,97,HIGH,HS Code: 85051990,,,,Standard,520.00,INR,HIGH,"Qty: 1, Unit: Pc, PU: 1",,
Hettich,Linear Drawer System: AvanTech YOU Illumination,AvanTech YOU LED Profile Light – 450 mm (Regular Drawer),9336474,"AVT YOU LED profile, NW, D450MM, Finish Anthracite",97,HIGH,HS Code: 94054231,,,,Anthracite,5100.00,INR,HIGH,"Qty: 1, Unit: Set, PU: 1",,
Hettich,Linear Drawer System: AvanTech YOU Illumination,AvanTech YOU LED Profile Light – 450 mm (Regular Drawer),9336477,"AVT YOU Battery pack, wooden rear panel, USB rechargeable, 7.5 V DC, 3x cable clip",97,HIGH,HS Code: 85044055,,,,Standard,5550.00,INR,HIGH,"Qty: 1, Unit: Pc, PU: 1",,
Hettich,Linear Drawer System: AvanTech YOU Illumination,AvanTech YOU LED Profile Light – 450 mm (Regular Drawer),9336481,Magnet with chipboard screw,97,HIGH,HS Code: 85051990,,,,Standard,520.00,INR,HIGH,"Qty: 1, Unit: Pc, PU: 1",,
Hettich,Linear Drawer System: AvanTech YOU Illumination,AvanTech YOU LED Profile Light – 500 mm (Regular Drawer),9336475,"AVT YOU LED profile, NW, D500MM, Finish Anthracite",97,HIGH,HS Code: 94054231,,,,Anthracite,5150.00,INR,HIGH,"Qty: 1, Unit: Set, PU: 1",,
Hettich,Linear Drawer System: AvanTech YOU Illumination,AvanTech YOU LED Profile Light – 500 mm (Regular Drawer),9336477,"AVT YOU Battery pack, wooden rear panel, USB rechargeable, 7.5 V DC, 3x cable clip",97,HIGH,HS Code: 85044055,,,,Standard,5550.00,INR,HIGH,"Qty: 1, Unit: Pc, PU: 1",,
Hettich,Linear Drawer System: AvanTech YOU Illumination,AvanTech YOU LED Profile Light – 500 mm (Regular Drawer),9336481,Magnet with chipboard screw,97,HIGH,HS Code: 85051990,,,,Standard,520.00,INR,HIGH,"Qty: 1, Unit: Pc, PU: 1",,
Hettich,Linear Drawer System: AvanTech YOU Illumination,AvanTech YOU LED Profile Light – 550 mm (Regular Drawer),9336476,"AVT YOU LED profile, NW, D550MM, Finish Anthracite",97,HIGH,HS Code: 94054231,,,,Anthracite,5200.00,INR,HIGH,"Qty: 1, Unit: Set, PU: 1",,
Hettich,Linear Drawer System: AvanTech YOU Illumination,AvanTech YOU LED Profile Light – 550 mm (Regular Drawer),9336477,"AVT YOU Battery pack, wooden rear panel, USB rechargeable, 7.5 V DC, 3x cable clip",97,HIGH,HS Code: 85044055,,,,Standard,5550.00,INR,HIGH,"Qty: 1, Unit: Pc, PU: 1",,
Hettich,Linear Drawer System: AvanTech YOU Illumination,AvanTech YOU LED Profile Light – 550 mm (Regular Drawer),9336481,Magnet with chipboard screw,97,HIGH,HS Code: 85051990,,,,Standard,520.00,INR,HIGH,"Qty: 1, Unit: Pc, PU: 1",,
Hettich,Linear Drawer System: AvanTech YOU Illumination,AvanTech YOU LED Profile Light – 400 mm (Internal Drawer),9336473,"AVT YOU LED profile, NW, D400MM, Finish Anthracite",97,HIGH,HS Code: 94054231,,,,Anthracite,5050.00,INR,HIGH,"Qty: 1, Unit: Set, PU: 1",,
Hettich,Linear Drawer System: AvanTech YOU Illumination,AvanTech YOU LED Profile Light – 400 mm (Internal Drawer),9336477,"AVT YOU Battery pack, wooden rear panel, USB rechargeable, 7.5 V DC, 3x cable clip",97,HIGH,HS Code: 85044055,,,,Standard,5550.00,INR,HIGH,"Qty: 1, Unit: Pc, PU: 1",,
Hettich,Linear Drawer System: AvanTech YOU Illumination,AvanTech YOU LED Profile Light – 400 mm (Internal Drawer),9336482,Magnet with 24mm distance for inside drawers with chipboard screw to press in,97,HIGH,HS Code: 85051990,,,,Standard,750.00,INR,HIGH,"Qty: 1, Unit: Pc, PU: 1",,
Hettich,Linear Drawer System: AvanTech YOU Illumination,AvanTech YOU LED Profile Light – 450 mm (Internal Drawer),9336474,"AVT YOU LED profile, NW, D450MM, Finish Anthracite",97,HIGH,HS Code: 94054231,,,,Anthracite,5100.00,INR,HIGH,"Qty: 1, Unit: Set, PU: 1",,
Hettich,Linear Drawer System: AvanTech YOU Illumination,AvanTech YOU LED Profile Light – 450 mm (Internal Drawer),9336477,"AVT YOU Battery pack, wooden rear panel, USB rechargeable, 7.5 V DC, 3x cable clip",97,HIGH,HS Code: 85044055,,,,Standard,5550.00,INR,HIGH,"Qty: 1, Unit: Pc, PU: 1",,
Hettich,Linear Drawer System: AvanTech YOU Illumination,AvanTech YOU LED Profile Light – 450 mm (Internal Drawer),9336482,Magnet with 24mm distance for inside drawers with chipboard screw to press in,97,HIGH,HS Code: 85051990,,,,Standard,750.00,INR,HIGH,"Qty: 1, Unit: Pc, PU: 1",,
Hettich,Linear Drawer System: AvanTech YOU Illumination,AvanTech YOU LED Profile Light – 500 mm (Internal Drawer),9336475,"AVT YOU LED profile, NW, D500MM, Finish Anthracite",98,HIGH,HS Code: 94054231,,,,Anthracite,5150.00,INR,HIGH,"Qty: 1, Unit: Set, PU: 1",,
Hettich,Linear Drawer System: AvanTech YOU Illumination,AvanTech YOU LED Profile Light – 500 mm (Internal Drawer),9336477,"AVT YOU Battery pack, wooden rear panel, USB rechargeable, 7.5 V DC, 3x cable clip",98,HIGH,HS Code: 85044055,,,,Standard,5550.00,INR,HIGH,"Qty: 1, Unit: Pc, PU: 1",,
Hettich,Linear Drawer System: AvanTech YOU Illumination,AvanTech YOU LED Profile Light – 500 mm (Internal Drawer),9336482,Magnet with 24mm distance for inside drawers with chipboard screw to press in,98,HIGH,HS Code: 85051990,,,,Standard,750.00,INR,HIGH,"Qty: 1, Unit: Pc, PU: 1",,
Hettich,Linear Drawer System: AvanTech YOU Illumination,AvanTech YOU LED Profile Light – 550 mm (Internal Drawer),9336476,"AVT YOU LED profile, NW, D550MM, Finish Anthracite",98,HIGH,HS Code: 94054231,,,,Anthracite,5200.00,INR,HIGH,"Qty: 1, Unit: Set, PU: 1",,
Hettich,Linear Drawer System: AvanTech YOU Illumination,AvanTech YOU LED Profile Light – 550 mm (Internal Drawer),9336477,"AVT YOU Battery pack, wooden rear panel, USB rechargeable, 7.5 V DC, 3x cable clip",98,HIGH,HS Code: 85044055,,,,Standard,5550.00,INR,HIGH,"Qty: 1, Unit: Pc, PU: 1",,
Hettich,Linear Drawer System: AvanTech YOU Illumination,AvanTech YOU LED Profile Light – 550 mm (Internal Drawer),9336482,Magnet with 24mm distance for inside drawers with chipboard screw to press in,98,HIGH,HS Code: 85051990,,,,Standard,750.00,INR,HIGH,"Qty: 1, Unit: Pc, PU: 1",,
Hettich,Linear Drawer System: AvanTech YOU Illumination,AvanTech YOU LED Inlay Profile Light (Regular Drawer),9336478,AVT YOU Inlay LED Set,98,HIGH,HS Code: 94054231,,,,Standard,4550.00,INR,HIGH,"Qty: 1, Unit: Set, PU: 1",,
Hettich,Linear Drawer System: AvanTech YOU Illumination,AvanTech YOU LED Inlay Profile Light (Regular Drawer),9336477,"AVT YOU Battery pack, wooden rear panel, USB rechargeable, 7.5 V DC, 3x cable clip",98,HIGH,HS Code: 85044055,,,,Standard,5550.00,INR,HIGH,"Qty: 1, Unit: Pc, PU: 1",,
Hettich,Linear Drawer System: AvanTech YOU Illumination,AvanTech YOU LED Inlay Profile Light (Regular Drawer),9336481,Magnet with chipboard screw,98,HIGH,HS Code: 85051990,,,,Standard,520.00,INR,HIGH,"Qty: 1, Unit: Pc, PU: 1",,
Hettich,Linear Drawer System: AvanTech YOU Illumination,AvanTech YOU LED Inlay Profile Light (Internal Drawer),9336478,AVT YOU Inlay LED Set,98,HIGH,HS Code: 94054231,,,,Standard,4550.00,INR,HIGH,"Qty: 1, Unit: Set, PU: 1",,
Hettich,Linear Drawer System: AvanTech YOU Illumination,AvanTech YOU LED Inlay Profile Light (Internal Drawer),9336477,"AVT YOU Battery pack, wooden rear panel, USB rechargeable, 7.5 V DC, 3x cable clip",98,HIGH,HS Code: 85044055,,,,Standard,5550.00,INR,HIGH,"Qty: 1, Unit: Pc, PU: 1",,
Hettich,Linear Drawer System: AvanTech YOU Illumination,AvanTech YOU LED Inlay Profile Light (Internal Drawer),9336482,Magnet with 24mm distance for inside drawers with chipboard screw to press in,98,HIGH,HS Code: 85051990,,,,Standard,750.00,INR,HIGH,"Qty: 1, Unit: Pc, PU: 1",,
Hettich,Linear Drawer System: AvanTech YOU Illumination,AvanTech YOU LED Profile Light,9336473,"AVT YOU LED profile, NW, D400MM",98,HIGH,HS Code: 94054231,,,,Anthracite,5050.00,INR,HIGH,"Qty: 1, Unit: Set, PU: 1",,
Hettich,Linear Drawer System: AvanTech YOU Illumination,AvanTech YOU LED Profile Light,9336474,"AVT YOU LED profile, NW, D450MM",98,HIGH,HS Code: 94054231,,,,Anthracite,5100.00,INR,HIGH,"Qty: 1, Unit: Set, PU: 1",,
Hettich,Linear Drawer System: AvanTech YOU Illumination,AvanTech YOU LED Profile Light,9336475,"AVT YOU LED profile, NW, D500MM",98,HIGH,HS Code: 94054231,,,,Anthracite,5150.00,INR,HIGH,"Qty: 1, Unit: Set, PU: 1",,
Hettich,Linear Drawer System: AvanTech YOU Illumination,AvanTech YOU LED Profile Light,9336476,"AVT YOU LED profile, NW, D550MM",98,HIGH,HS Code: 94054231,,,,Anthracite,5200.00,INR,HIGH,"Qty: 1, Unit: Set, PU: 1",,
Hettich,Linear Drawer System: AvanTech YOU Illumination,AvanTech YOU LED Inlay Profile Light,9336478,AVT YOU Inlay LED Set,98,HIGH,HS Code: 94054239,,,,Standard,4550.00,INR,HIGH,"Qty: 1, Unit: Set, PU: 1",,
Hettich,Linear Drawer System: AvanTech YOU,Accessories,9336477,AVT YOU Battery Pack,99,HIGH,HS Code: 85044055,,,,Standard,5550.00,INR,HIGH,"Qty: 1, Unit: Pc, PU: 1",,
Hettich,Linear Drawer System: AvanTech YOU,Accessories,9336479,AVT YOU Battery Pack Adapter,99,HIGH,HS Code: 39263000,,,,Standard,330.00,INR,HIGH,"Qty: 1, Unit: Pc, PU: 1",,
Hettich,Linear Drawer System: AvanTech YOU,Accessories,9336480,AVT YOU Charging Cable,99,HIGH,HS Code: 85444290,,,,Standard,210.00,INR,HIGH,"Qty: 1, Unit: Pc, PU: 1",,
Hettich,Linear Drawer System: AvanTech YOU,Accessories,9336481,AVT YOU Sensor Magnet,99,HIGH,HS Code: 85051990,,,,Standard,520.00,INR,HIGH,"Qty: 1, Unit: Pc, PU: 1",,
Hettich,Linear Drawer System: AvanTech YOU,Accessories,9336482,AVT YOU Sensor Magnet - Inside Drawer,99,HIGH,HS Code: 85051990,,,,Standard,750.00,INR,HIGH,"Qty: 1, Unit: Pc, PU: 1",,
Hettich,Linear Drawer System: AvanTech YOU,AvanTech YOU Front Panel Connector for drawer side profile,9255835,Front Panel Connector for 101 mm drawer side profile,99,HIGH,HS Code: 83024200,,,,Standard,447.00,INR,HIGH,"Qty: 1, Unit: Pc, PU: 1",,
Hettich,Linear Drawer System: AvanTech YOU,AvanTech YOU Front Panel Connector for drawer side profile,9255838,Front Panel Connector for 187/251 mm drawer side profile,99,HIGH,HS Code: 83024200,,,,Standard,793.00,INR,HIGH,"Qty: 1, Unit: Pc, PU: 1",,
Hettich,Linear Drawer System: AvanTech YOU,AvanTech YOU Front Panel Connector for Inlay drawer side profile,9257257,Drawer Front Connector for Inlay drawer side profile,99,HIGH,HS Code: 83024200,,,,Standard,443.00,INR,HIGH,"Qty: 1, Unit: Pc, PU: 1",,
Hettich,Linear Drawer System: AvanTech YOU,AvanTech YOU Adapter for Inlay drawer side profile,9268677,Adapter for Inlay drawer side profile (For using material thickness of 8mm),99,HIGH,HS Code: 39169090,,,,Standard,193.00,INR,HIGH,"Qty: 1, Unit: Pc, PU: 1",,
Hettich,Linear Drawer System: AvanTech YOU,AvanTech YOU Design Capes,9257643,Design Cape H101mm L2000mm Aluminium,100,HIGH,HS Code: 76042990,,,,Aluminium,11798.00,INR,HIGH,"Qty: 1, Unit: Pc, PU: 1",,
Hettich,Linear Drawer System: AvanTech YOU,AvanTech YOU Design Capes,9257645,Design Cape H187mm L2000mm Aluminium,100,HIGH,HS Code: 76042990,,,,Aluminium,19467.00,INR,HIGH,"Qty: 1, Unit: Pc, PU: 1",,
Hettich,Linear Drawer System: AvanTech YOU,AvanTech YOU Design Capes,9257647,Design cape H101mm L2000mm stainless steel,100,HIGH,HS Code: 76042990,,,,Stainless Steel,16830.00,INR,HIGH,"Qty: 1, Unit: Pc, PU: 1",,
Hettich,Linear Drawer System: AvanTech YOU,AvanTech YOU Design Capes,9257649,Design cape H187mm L2000mm stainless steel,100,HIGH,HS Code: 76042990,,,,Stainless Steel,23880.00,INR,HIGH,"Qty: 1, Unit: Pc, PU: 1",,
Hettich,Linear Drawer System: AvanTech YOU,AvanTech YOU Design Capes,9283217,Design Cape H101mm L2000mm Oak,100,HIGH,HS Code: 76042990,,,,Oak,18970.00,INR,HIGH,"Qty: 1, Unit: Pc, PU: 1",,
Hettich,Linear Drawer System: AvanTech YOU,AvanTech YOU Design Capes,9283221,Design Cape H187mm L2000mm Oak,100,HIGH,HS Code: 76042990,,,,Oak,32500.00,INR,HIGH,"Qty: 1, Unit: Pc, PU: 1",,
Hettich,Linear Drawer System: AvanTech YOU,AvanTech YOU Design Capes,9283218,Design Cape H101mm L2000mm Copper,100,HIGH,HS Code: 76042990,,,,Copper,12720.00,INR,HIGH,"Qty: 1, Unit: Pc, PU: 1",,
Hettich,Linear Drawer System: AvanTech YOU,AvanTech YOU Design Capes,9283223,Design Cape H187mm L2000mm Copper,100,HIGH,HS Code: 76042990,,,,Copper,19300.00,INR,HIGH,"Qty: 1, Unit: Pc, PU: 1",,
Hettich,Linear Drawer System: AvanTech YOU,AvanTech YOU Design Capes,9283219,Design Cape H101mm L2000mm Concrete,100,HIGH,HS Code: 76042990,,,,Concrete,15125.00,INR,HIGH,"Qty: 1, Unit: Pc, PU: 1",,
Hettich,Linear Drawer System: AvanTech YOU,AvanTech YOU Design Capes,9283224,Design Cape H187mm L2000mm Concrete,100,HIGH,HS Code: 76042990,,,,Concrete,13155.00,INR,HIGH,"Qty: 1, Unit: Pc, PU: 1",,
Hettich,Linear Drawer System: AvanTech YOU,AvanTech YOU Rear Panel Connector,9257666,"Rear Panel Connector-H101 mm, Left",101,HIGH,HS Code: 83024200,,,,Silver,339.00,INR,HIGH,"Qty: 1, Unit: Pc, PU: 1",,
Hettich,Linear Drawer System: AvanTech YOU,AvanTech YOU Rear Panel Connector,9257667,"Rear Panel Connector-H101 mm, Right",101,HIGH,HS Code: 83024200,,,,Silver,339.00,INR,HIGH,"Qty: 1, Unit: Pc, PU: 1",,
Hettich,Linear Drawer System: AvanTech YOU,AvanTech YOU Rear Panel Connector,9257670,"Rear Panel Connector-H187 mm, Left",101,HIGH,HS Code: 83024200,,,,Silver,477.00,INR,HIGH,"Qty: 1, Unit: Pc, PU: 1",,
Hettich,Linear Drawer System: AvanTech YOU,AvanTech YOU Rear Panel Connector,9257671,"Rear Panel Connector-H187 mm, Right",101,HIGH,HS Code: 83024200,,,,Silver,477.00,INR,HIGH,"Qty: 1, Unit: Pc, PU: 1",,
Hettich,Linear Drawer System: AvanTech YOU,AvanTech YOU Rear Panel Connector,9257672,"Rear Panel Connector-H251 mm, Left",101,HIGH,HS Code: 83024200,,,,Silver,707.00,INR,HIGH,"Qty: 1, Unit: Pc, PU: 1",,
Hettich,Linear Drawer System: AvanTech YOU,AvanTech YOU Rear Panel Connector,9257673,"Rear Panel Connector-H251, Right",101,HIGH,HS Code: 83024200,,,,Silver,707.00,INR,HIGH,"Qty: 1, Unit: Pc, PU: 1",,
Hettich,Linear Drawer System: AvanTech YOU,AvanTech YOU Rear Panel Connector,9257678,"Rear Panel Connector-H101 mm, Left",101,HIGH,HS Code: 83024200,,,,White,339.00,INR,HIGH,"Qty: 1, Unit: Pc, PU: 1",,
Hettich,Linear Drawer System: AvanTech YOU,AvanTech YOU Rear Panel Connector,9257679,"Rear Panel Connector-H101 mm, Right",101,HIGH,HS Code: 83024200,,,,White,339.00,INR,HIGH,"Qty: 1, Unit: Pc, PU: 1",,
Hettich,Linear Drawer System: AvanTech YOU,AvanTech YOU Rear Panel Connector,9257682,"Rear Panel Connector-H187 mm, Left",101,HIGH,HS Code: 83024200,,,,White,477.00,INR,HIGH,"Qty: 1, Unit: Pc, PU: 1",,
Hettich,Linear Drawer System: AvanTech YOU,AvanTech YOU Rear Panel Connector,9257683,"Rear Panel Connector-H187 mm, Right",101,HIGH,HS Code: 83024200,,,,White,477.00,INR,HIGH,"Qty: 1, Unit: Pc, PU: 1",,
Hettich,Linear Drawer System: AvanTech YOU,AvanTech YOU Rear Panel Connector,9257684,"Rear Panel Connector-H251 mm, Left",101,HIGH,HS Code: 83024200,,,,White,707.00,INR,HIGH,"Qty: 1, Unit: Pc, PU: 1",,
Hettich,Linear Drawer System: AvanTech YOU,AvanTech YOU Rear Panel Connector,9257685,"Rear Panel Connector-H251 mm, Right",101,HIGH,HS Code: 83024200,,,,White,707.00,INR,HIGH,"Qty: 1, Unit: Pc, PU: 1",,
Hettich,Linear Drawer System: AvanTech YOU,AvanTech YOU Rear Panel Connector,9257690,"Rear Panel Connector-H101 mm, Left",101,HIGH,HS Code: 83024200,,,,Anthracite,339.00,INR,HIGH,"Qty: 1, Unit: Pc, PU: 1",,
Hettich,Linear Drawer System: AvanTech YOU,AvanTech YOU Rear Panel Connector,9257691,"Rear Panel Connector-H101 mm, Right",101,HIGH,HS Code: 83024200,,,,Anthracite,339.00,INR,HIGH,"Qty: 1, Unit: Pc, PU: 1",,
Hettich,Linear Drawer System: AvanTech YOU,AvanTech YOU Rear Panel Connector,9257694,"Rear Panel Connector-H187 mm, Left",101,HIGH,HS Code: 83024200,,,,Anthracite,477.00,INR,HIGH,"Qty: 1, Unit: Pc, PU: 1",,
Hettich,Linear Drawer System: AvanTech YOU,AvanTech YOU Rear Panel Connector,9257695,"Rear Panel Connector-H187mm, Right",101,HIGH,HS Code: 83024200,,,,Anthracite,477.00,INR,HIGH,"Qty: 1, Unit: Pc, PU: 1",,
Hettich,Linear Drawer System: AvanTech YOU,AvanTech YOU Rear Panel Connector,9257696,"Rear Panel Connector-H251, Left",101,HIGH,HS Code: 83024200,,,,Anthracite,707.00,INR,HIGH,"Qty: 1, Unit: Pc, PU: 1",,
Hettich,Linear Drawer System: AvanTech YOU,AvanTech YOU Rear Panel Connector,9257697,"Rear Panel Connector-H251, Right",101,HIGH,HS Code: 83024200,,,,Anthracite,707.00,INR,HIGH,"Qty: 1, Unit: Pc, PU: 1",,
Hettich,Linear Drawer System: AvanTech YOU,Avantech YOU Design Profile,9255806,Design Profile- 350 mm,102,HIGH,HS Code: 39169090,,,,Silver,141.00,INR,HIGH,"Qty: 1, Unit: Pc, PU: 1",,
Hettich,Linear Drawer System: AvanTech YOU,Avantech YOU Design Profile,9255807,Design Profile- 400 mm,102,HIGH,HS Code: 39169090,,,,Silver,155.00,INR,HIGH,"Qty: 1, Unit: Pc, PU: 1",,
Hettich,Linear Drawer System: AvanTech YOU,Avantech YOU Design Profile,9255808,Design Profile- 450 mm,102,HIGH,HS Code: 39169090,,,,Silver,146.00,INR,HIGH,"Qty: 1, Unit: Pc, PU: 1",,
Hettich,Linear Drawer System: AvanTech YOU,Avantech YOU Design Profile,9255809,Design Profile- 500 mm,102,HIGH,HS Code: 39169090,,,,Silver,146.00,INR,HIGH,"Qty: 1, Unit: Pc, PU: 1",,
Hettich,Linear Drawer System: AvanTech YOU,Avantech YOU Design Profile,9255810,Design Profile- 550 mm,102,HIGH,HS Code: 39169090,,,,Silver,146.00,INR,HIGH,"Qty: 1, Unit: Pc, PU: 1",,
Hettich,Linear Drawer System: AvanTech YOU,Avantech YOU Design Profile,9255811,Design Profile- 600 mm,102,HIGH,HS Code: 39169090,,,,Silver,146.00,INR,HIGH,"Qty: 1, Unit: Pc, PU: 1",,
Hettich,Linear Drawer System: AvanTech YOU,Avantech YOU Design Profile,9255818,Design Profile- 500 mm,102,HIGH,HS Code: 39169090,,,,White,146.00,INR,HIGH,"Qty: 1, Unit: Pc, PU: 1",,
Hettich,Linear Drawer System: AvanTech YOU,Avantech YOU Design Profile,9255824,Design Profile- 350 mm,102,HIGH,HS Code: 39169090,,,,Anthracite,141.00,INR,HIGH,"Qty: 1, Unit: Pc, PU: 1",,
Hettich,Linear Drawer System: AvanTech YOU,Avantech YOU Design Profile,9255825,Design Profile- 400 mm,102,HIGH,HS Code: 39169090,,,,Anthracite,155.00,INR,HIGH,"Qty: 1, Unit: Pc, PU: 1",,
Hettich,Linear Drawer System: AvanTech YOU,Avantech YOU Design Profile,9255826,Design Profile- 450 mm,102,HIGH,HS Code: 39169090,,,,Anthracite,146.00,INR,HIGH,"Qty: 1, Unit: Pc, PU: 1",,
Hettich,Linear Drawer System: AvanTech YOU,Avantech YOU Design Profile,9255827,Design Profile- 500 mm,102,HIGH,HS Code: 39169090,,,,Anthracite,146.00,INR,HIGH,"Qty: 1, Unit: Pc, PU: 1",,
Hettich,Linear Drawer System: AvanTech YOU,Avantech YOU Design Profile,9255828,Design Profile- 550 mm,102,HIGH,HS Code: 39169090,,,,Anthracite,146.00,INR,HIGH,"Qty: 1, Unit: Pc, PU: 1",,
Hettich,Linear Drawer System: AvanTech YOU,Avantech YOU Design Profile,9255829,Design Profile- 600 mm,102,HIGH,HS Code: 39169090,,,,Anthracite,146.00,INR,HIGH,"Qty: 1, Unit: Pc, PU: 1",,
Hettich,Linear Drawer System: AvanTech YOU,AvanTech YOU Front Stabiliser,9321561,Front stabiliser,102,HIGH,HS Code: 39263000,,,,Standard,464.00,INR,HIGH,"Qty: 1, Unit: Pc, PU: 1",,
Hettich,Linear Drawer System: AvanTech YOU,AvanTech YOU Rear Panel Stabiliser,9257702,Rear Panel stabilizer,102,HIGH,HS Code: 39263000,,,,Standard,14.00,INR,HIGH,"Qty: 1, Unit: Pc, PU: 1",,
Hettich,Linear Drawer System: AvanTech YOU,AvanTech YOU Drawer front stabilizer for 251 mm drawer height,9257887,"Drawer front stabilizer for side profile, stabiliser",102,HIGH,HS Code: 39269097,,,,Standard,74.00,INR,HIGH,"Qty: 1, Unit: Pc, PU: 1",,
Hettich,Linear Drawer System: AvanTech YOU,AvanTech YOU Branding clip with Hettich Logo,9257703,Branding clip with Hettich Logo,102,HIGH,HS Code: 39269097,,,,Silver,42.00,INR,HIGH,"Qty: 1, Unit: Pc, PU: 1",,
Hettich,Linear Drawer System: AvanTech YOU,AvanTech YOU Branding clip with Hettich Logo,9257704,Branding clip with Hettich logo,102,HIGH,HS Code: 39269097,,,,White,42.00,INR,HIGH,"Qty: 1, Unit: Pc, PU: 1",,
Hettich,Linear Drawer System: AvanTech YOU,AvanTech YOU Branding clip with Hettich Logo,9257705,Branding clip with Hettich Logo,102,HIGH,HS Code: 39269097,,,,Anthracite,42.00,INR,HIGH,"Qty: 1, Unit: Pc, PU: 1",,
Hettich,Linear Drawer System: AvanTech YOU,AvanTech YOU Actro YOU Runner,9318173,"Actro YOU runner Left, 40 kg- 350 mm",102,HIGH,HS Code: 83024200,,,,Standard,2168.00,INR,HIGH,"Qty: 1, Unit: Pc, PU: 1",,
Hettich,Linear Drawer System: AvanTech YOU,AvanTech YOU Actro YOU Runner,9318174,"Actro YOU runner Right, 40 kg- 350 mm",102,HIGH,HS Code: 83024200,,,,Standard,2168.00,INR,HIGH,"Qty: 1, Unit: Pc, PU: 1",,
Hettich,Linear Drawer System: AvanTech YOU,AvanTech YOU Actro YOU Runner,9318175,"Actro YOU runner Left, 40 kg- 400 mm",102,HIGH,HS Code: 83024200,,,,Standard,1818.00,INR,HIGH,"Qty: 1, Unit: Pc, PU: 1",,
Hettich,Linear Drawer System: AvanTech YOU,AvanTech YOU Actro YOU Runner,9318176,"Actro YOU runner Right, 40 kg- 400 mm",102,HIGH,HS Code: 83024200,,,,Standard,1818.00,INR,HIGH,"Qty: 1, Unit: Pc, PU: 1",,
Hettich,Linear Drawer System: AvanTech YOU,AvanTech YOU Actro YOU Runner,9318177,"Actro YOU runner Left, 40 kg- 450 mm",102,HIGH,HS Code: 83024200,,,,Standard,1855.00,INR,HIGH,"Qty: 1, Unit: Pc, PU: 1",,
Hettich,Linear Drawer System: AvanTech YOU,AvanTech YOU Actro YOU Runner,9318178,"Actro YOU runner Right, 40 kg- 450 mm",102,HIGH,HS Code: 83024200,,,,Standard,1855.00,INR,HIGH,"Qty: 1, Unit: Pc, PU: 1",,
Hettich,Linear Drawer System: AvanTech YOU,AvanTech YOU Actro YOU Runner,9318179,"Actro YOU runner Left, 40 kg- 500 mm",102,HIGH,HS Code: 83024200,,,,Standard,1877.00,INR,HIGH,"Qty: 1, Unit: Pc, PU: 1",,
Hettich,Linear Drawer System: AvanTech YOU,AvanTech YOU Actro YOU Runner,9318180,"Actro YOU runner Right, 40 kg- 500 mm",102,HIGH,HS Code: 83024200,,,,Standard,1877.00,INR,HIGH,"Qty: 1, Unit: Pc, PU: 1",,
Hettich,Linear Drawer System: AvanTech YOU,AvanTech YOU Actro YOU Runner,9318181,"Actro YOU runner Left, 40 kg- 550 mm",102,HIGH,HS Code: 83024200,,,,Standard,1999.00,INR,HIGH,"Qty: 1, Unit: Pc, PU: 1",,
Hettich,Linear Drawer System: AvanTech YOU,AvanTech YOU Actro YOU Runner,9318182,"Actro YOU runner Right, 40 kg- 550 mm",102,HIGH,HS Code: 83024200,,,,Standard,1999.00,INR,HIGH,"Qty: 1, Unit: Pc, PU: 1",,
Hettich,Linear Drawer System: AvanTech YOU,AvanTech YOU Actro YOU Runner,9318183,"Actro YOU runner Left, 40 kg- 600 mm",102,HIGH,HS Code: 83024200,,,,Standard,2427.00,INR,HIGH,"Qty: 1, Unit: Pc, PU: 1",,
Hettich,Linear Drawer System: AvanTech YOU,AvanTech YOU Actro YOU Runner,9318184,"Actro YOU runner Right, 40 kg- 600 mm",102,HIGH,HS Code: 83024200,,,,Standard,2427.00,INR,HIGH,"Qty: 1, Unit: Pc, PU: 1",,
Hettich,Linear Drawer System: AvanTech YOU,AvanTech YOU Actro YOU Runner,9318198,"Actro YOU runner Left, 70 kg- 450 mm",102,HIGH,HS Code: 83024200,,,,Standard,2428.00,INR,HIGH,"Qty: 1, Unit: Pc, PU: 1",,
Hettich,Linear Drawer System: AvanTech YOU,AvanTech YOU Actro YOU Runner,9318199,"Actro YOU runner Right, 70 kg- 450 mm",102,HIGH,HS Code: 83024200,,,,Standard,2428.00,INR,HIGH,"Qty: 1, Unit: Pc, PU: 1",,
Hettich,Linear Drawer System: AvanTech YOU,AvanTech YOU Actro YOU Runner,9318201,"Actro YOU runner Left, 70 kg- 500 mm",102,HIGH,HS Code: 83024200,,,,Standard,2458.00,INR,HIGH,"Qty: 1, Unit: Pc, PU: 1",,
Hettich,Linear Drawer System: AvanTech YOU,AvanTech YOU Actro YOU Runner,9318203,"Actro YOU runner Right, 70 kg- 500 mm",102,HIGH,HS Code: 83024200,,,,Standard,2458.00,INR,HIGH,"Qty: 1, Unit: Pc, PU: 1",,
Hettich,Linear Drawer System: AvanTech YOU,AvanTech YOU Actro YOU Runner,9318208,"Actro YOU runner Left, 70 kg- 550 mm",102,HIGH,HS Code: 83024200,,,,Standard,2584.00,INR,HIGH,"Qty: 1, Unit: Pc, PU: 1",,
Hettich,Linear Drawer System: AvanTech YOU,AvanTech YOU Actro YOU Runner,9318209,"Actro YOU runner Right, 70 kg- 550 mm",102,HIGH,HS Code: 83024200,,,,Standard,2584.00,INR,HIGH,"Qty: 1, Unit: Pc, PU: 1",,
Hettich,Linear Drawer System: AvanTech YOU,AvanTech YOU Actro YOU Runner,9318211,"Actro YOU runner Left, 70 kg- 600 mm",102,HIGH,HS Code: 83024200,,,,Standard,2841.00,INR,HIGH,"Qty: 1, Unit: Pc, PU: 1",,
Hettich,Linear Drawer System: AvanTech YOU,AvanTech YOU Actro YOU Runner,9318212,"Actro YOU runner Right, 70 kg- 600 mm",102,HIGH,HS Code: 83024200,,,,Standard,2841.00,INR,HIGH,"Qty: 1, Unit: Pc, PU: 1",,
Hettich,Linear Drawer System: AvanTech YOU,AvanTech YOU Quadro YOU runner,9303738,"Quadro YOU runner Left, 30 kg- 350 mm",103,HIGH,HS Code: 83024200,,,,Standard,1378.00,INR,HIGH,"Qty: 1, Unit: Pc, PU: 1",,
Hettich,Linear Drawer System: AvanTech YOU,AvanTech YOU Quadro YOU runner,9303739,"Quadro YOU runner Right, 30 kg- 350 mm",103,HIGH,HS Code: 83024200,,,,Standard,1378.00,INR,HIGH,"Qty: 1, Unit: Pc, PU: 1",,
Hettich,Linear Drawer System: AvanTech YOU,AvanTech YOU Quadro YOU runner,9303772,"Quadro YOU runner Left, 30 kg- 400 mm",103,HIGH,HS Code: 83024200,,,,Standard,1511.00,INR,HIGH,"Qty: 1, Unit: Pc, PU: 1",,
Hettich,Linear Drawer System: AvanTech YOU,AvanTech YOU Quadro YOU runner,9303773,"Quadro YOU runner Right, 30 kg- 400 mm",103,HIGH,HS Code: 83024200,,,,Standard,1511.00,INR,HIGH,"Qty: 1, Unit: Pc, PU: 1",,
Hettich,Linear Drawer System: AvanTech YOU,AvanTech YOU Quadro YOU runner,9303776,"Quadro YOU runner Left, 30 kg- 450 mm",103,HIGH,HS Code: 83024200,,,,Standard,1574.00,INR,HIGH,"Qty: 1, Unit: Pc, PU: 1",,
Hettich,Linear Drawer System: AvanTech YOU,AvanTech YOU Quadro YOU runner,9303777,"Quadro YOU runner Right, 30 kg- 450 mm",103,HIGH,HS Code: 83024200,,,,Standard,1574.00,INR,HIGH,"Qty: 1, Unit: Pc, PU: 1",,
Hettich,Linear Drawer System: AvanTech YOU,AvanTech YOU Quadro YOU runner,9303780,"Quadro YOU runner Left, 30 kg- 500 mm",103,HIGH,HS Code: 83024200,,,,Standard,1638.00,INR,HIGH,"Qty: 1, Unit: Pc, PU: 1",,
Hettich,Linear Drawer System: AvanTech YOU,AvanTech YOU Quadro YOU runner,9303781,"Quadro YOU runner Right, 30 kg- 500 mm",103,HIGH,HS Code: 83024200,,,,Standard,1638.00,INR,HIGH,"Qty: 1, Unit: Pc, PU: 1",,
Hettich,Linear Drawer System: AvanTech YOU,AvanTech YOU Quadro YOU runner,9303784,"Quadro YOU runner Left, 30 kg- 550 mm",103,HIGH,HS Code: 83024200,,,,Standard,1765.00,INR,HIGH,"Qty: 1, Unit: Pc, PU: 1",,
Hettich,Linear Drawer System: AvanTech YOU,AvanTech YOU Quadro YOU runner,9303785,"Quadro YOU runner Right, 30 kg- 550 mm",103,HIGH,HS Code: 83024200,,,,Standard,1765.00,INR,HIGH,"Qty: 1, Unit: Pc, PU: 1",,
Hettich,Linear Drawer System: AvanTech YOU,AvanTech YOU Push to Open Silent Components,9257892,Push to Open Silent component for Actro YOU/ 40 Kg,103,HIGH,HS Code: 39263000,,,,Standard,4430.00,INR,HIGH,"Qty: 1, Unit: Set, PU: 1",,
Hettich,Linear Drawer System: AvanTech YOU,AvanTech YOU Push to Open Silent Components,9257893,Push to Open Silent component for Actro YOU/ 70 Kg,103,HIGH,HS Code: 39263000,,,,Standard,4430.00,INR,HIGH,"Qty: 1, Unit: Set, PU: 1",,
Hettich,Linear Drawer System: AvanTech YOU,AvanTech YOU Push to Open Silent Components,9236718,Synchronisation bar 2000 mm,103,HIGH,HS Code: 76042100,,,,Standard,731.00,INR,HIGH,"Qty: 1, Unit: Pc, PU: 1",,
Hettich,Linear Drawer System: AvanTech YOU,AvanTech YOU Push to Open Silent Components,9221295,Connector,103,HIGH,HS Code: 39269097,,,,Standard,105.00,INR,HIGH,"Qty: 1, Unit: Pc, PU: 1",,
Hettich,Linear Drawer System: AvanTech YOU,Anti-Slip Mat for AvanTech YOU,9209580,"Anti-slip mat - Classic (5 m roll), 500mm NL PVC",103,HIGH,HS Code: 39269097,,,,Anthracite,7111.00,INR,HIGH,"Qty: 1, Unit: Set, PU: 1",,
Hettich,Linear Drawer System: AvanTech YOU,Anti-Slip Mat for AvanTech YOU,9290041,"Anti-slip mat - Hard Chequered (5 m roll), W5000 D500",103,HIGH,HS Code: 39169090,,,,Silver,2140.00,INR,HIGH,"Qty: 1, Unit: Set, PU: 1",,
Hettich,Linear Drawer System: AvanTech YOU,Anti-Slip Mat for AvanTech YOU,9290042,"Anti-slip mat - Hard Chequered (5 m roll), W5000 D550",103,HIGH,HS Code: 39169090,,,,Silver,2420.00,INR,HIGH,"Qty: 1, Unit: Set, PU: 1",,
Hettich,Linear Drawer System: AvanTech YOU,Anti-Slip Mat for AvanTech YOU,9290053,"Anti-slip mat - Hard Chequered (5 m roll), W5000 D500",103,HIGH,HS Code: 39169090,,,,Anthracite,2140.00,INR,HIGH,"Qty: 1, Unit: Set, PU: 1",,
Hettich,Linear Drawer System: AvanTech YOU,Anti-Slip Mat for AvanTech YOU,9290054,"Anti-slip mat - Hard Chequered (5 m roll), W5000 D550",103,HIGH,HS Code: 39169090,,,,Anthracite,2450.00,INR,HIGH,"Qty: 1, Unit: Set, PU: 1",,
Hettich,Linear Drawer System: AvanTech YOU,Anti-Slip Mat for AvanTech YOU,9290045,"Anti-slip mat - Soft Fine Chequered (5 m roll), W5000 D500",103,HIGH,HS Code: 39169090,,,,Silver,5200.00,INR,HIGH,"Qty: 1, Unit: Set, PU: 1",,
Hettich,Linear Drawer System: AvanTech YOU,Anti-Slip Mat for AvanTech YOU,9290057,"Anti-slip mat - Soft Fine Chequered (5 m roll), W5000 D500",103,HIGH,HS Code: 39169090,,,,Anthracite,5200.00,INR,HIGH,"Qty: 1, Unit: Set, PU: 1",,
Hettich,Linear Drawer System: AvanTech YOU,Anti-Slip Mat for AvanTech YOU,9290058,"Anti-slip mat - Soft Fine Chequered (5 m roll), W5000 D550",103,HIGH,HS Code: 39169090,,,,Anthracite,5730.00,INR,HIGH,"Qty: 1, Unit: Set, PU: 1",,
Hettich,Linear Drawer System: AvanTech YOU,Anti-Slip Mat for AvanTech YOU,9290061,"Anti-slip mat - Big Dots (5 m roll), W5000 D500",103,HIGH,HS Code: 39169090,,,,Anthracite,4980.00,INR,HIGH,"Qty: 1, Unit: Set, PU: 1",,
Hettich,Linear Drawer System: AvanTech YOU,OrgaTray 630 (Powder Coated Steel Cutlery),9278315,OrgaTray 630 for 450 mm depth,104,HIGH,HS Code: 73239990,,,,Silver,5006.00,INR,HIGH,"Qty: 1, Unit: Pc, PU: 1",,
Hettich,Linear Drawer System: AvanTech YOU,OrgaTray 630 (Powder Coated Steel Cutlery),9278316,OrgaTray 630 for 500 mm depth,104,HIGH,HS Code: 73239990,,,,Silver,5203.00,INR,HIGH,"Qty: 1, Unit: Pc, PU: 1",,
Hettich,Linear Drawer System: AvanTech YOU,OrgaTray 630 (Powder Coated Steel Cutlery),9278317,OrgaTray 630 for 550 mm depth,104,HIGH,HS Code: 73239990,,,,Silver,5409.00,INR,HIGH,"Qty: 1, Unit: Pc, PU: 1",,
Hettich,Linear Drawer System: AvanTech YOU,OrgaTray 630 (Powder Coated Steel Cutlery),9278332,OrgaTray 630 for 500 mm depth,104,HIGH,HS Code: 73239990,,,,White,5203.00,INR,HIGH,"Qty: 1, Unit: Pc, PU: 1",,
Hettich,Linear Drawer System: AvanTech YOU,OrgaTray 630 (Powder Coated Steel Cutlery),9278318,OrgaTray 630 for 450 mm depth,104,HIGH,HS Code: 76042990,,,,Anthracite,5340.00,INR,HIGH,"Qty: 1, Unit: Pc, PU: 1",,
Hettich,Linear Drawer System: AvanTech YOU,OrgaTray 630 (Powder Coated Steel Cutlery),9278319,OrgaTray 630 for 500 mm depth,104,HIGH,HS Code: 94039900,,,,Anthracite,5550.00,INR,HIGH,"Qty: 1, Unit: Pc, PU: 1",,
Hettich,Linear Drawer System: AvanTech YOU,OrgaTray 630 (Powder Coated Steel Cutlery),9278320,OrgaTray 630 for 550 mm depth,104,HIGH,HS Code: 73239990,,,,Anthracite,5409.00,INR,HIGH,"Qty: 1, Unit: Pc, PU: 1",,
Hettich,Linear Drawer System: AvanTech YOU,OrgaTray 270,9278292,OrgaTray 270 Cutlery Tray for 500 mm depth,104,HIGH,HS Code: 44199090,,,,Standard,7241.00,INR,HIGH,"Qty: 1, Unit: Pc, PU: 1",,
Hettich,Linear Drawer System: AvanTech YOU,OrgaTray 270,9278294,OrgaTray 270 Multifunction Insert for 500 mm depth,104,HIGH,HS Code: 44199090,,,,Standard,4325.00,INR,HIGH,"Qty: 1, Unit: Pc, PU: 1",,
Hettich,Linear Drawer System: AvanTech YOU,OrgaTray 270,9278301,OrgaTray 270 Tray L 118 mm,104,HIGH,HS Code: 44199090,,,,Standard,3245.00,INR,HIGH,"Qty: 1, Unit: Pc, PU: 1",,
Hettich,Linear Drawer System: AvanTech YOU,OrgaTray 270,9278312,OrgaTray 270 Connecting Element,104,HIGH,HS Code: 76169990,,,,Standard,800.00,INR,HIGH,"Qty: 1, Unit: Set, PU: 1",,
Hettich,Linear Drawer System: AvanTech YOU,OrgaTray 270,9283426,OrgaTray 270 Knife Holder for 500 mm depth,104,HIGH,HS Code: 83024200,,,,Standard,11620.00,INR,HIGH,"Qty: 1, Unit: Pc, PU: 1",,
Hettich,Linear Drawer System: AvanTech YOU,OrgaTray 270,9283413,OrgaTray 270 Roll Holder for 500 mm depth,104,HIGH,HS Code: 83024200,,,,Standard,14370.00,INR,HIGH,"Qty: 1, Unit: Pc, PU: 1",,
Hettich,Linear Drawer System: AvanTech YOU,OrgaTray 270,9283414,OrgaTray 270 Spice Rack for 500 mm depth,104,HIGH,HS Code: 83024200,,,,Standard,9145.00,INR,HIGH,"Qty: 1, Unit: Pc, PU: 1",,
Hettich,Linear Drawer System: AvanTech YOU,OrgaTray 470,9207220,OrgaTray 470 for 500 mm depth,105,HIGH,HS Code: 39249090,,,,Silver,2012.00,INR,HIGH,"Qty: 1, Unit: Pc, PU: 1",,
Hettich,Linear Drawer System: AvanTech YOU,OrgaTray 470,9207227,OrgaTray 470 for 500 mm depth,105,HIGH,HS Code: 39249090,,,,Anthracite,2370.00,INR,HIGH,"Qty: 1, Unit: Pc, PU: 1",,
Hettich,Linear Drawer System: AvanTech YOU,OrgaStripe,9203466,OrgaStripe Profile 1100 mm length,105,HIGH,HS Code: 39169090,,,,Grey,520.00,INR,HIGH,"Qty: 1, Unit: Pc, PU: 30",,
Hettich,Linear Drawer System: AvanTech YOU,OrgaStripe,9203254,OrgaStripe Profile 1100 mm length,105,HIGH,HS Code: 39169090,,,,Black,673.00,INR,HIGH,"Qty: 1, Unit: Set, PU: 30",,
Hettich,Linear Drawer System: AvanTech YOU,OrgaStripe,9203469,OrgaStripe Clip,105,HIGH,HS Code: 39169090,,,,Grey,100.00,INR,HIGH,"Qty: 1, Unit: Pc, PU: 60",,
Hettich,Linear Drawer System: AvanTech YOU,OrgaStripe,9203467,OrgaStripe Clip,105,HIGH,HS Code: 39169090,,,,Black,124.00,INR,HIGH,"Qty: 1, Unit: Pc, PU: 60",,
Hettich,Linear Drawer System: AvanTech YOU,OrgaTray 740,9302719,OrgaTray 740 for 500 mm depth 600 mm width,106,HIGH,HS Code: 39249000,,,,Silver,3030.00,INR,HIGH,"Qty: 1, Unit: Pc, PU: 1",,
Hettich,Linear Drawer System: AvanTech YOU,OrgaTray 740,9302721,OrgaTray 740 for 500 mm depth 900 mm width,106,HIGH,HS Code: 39249000,,,,Silver,5925.00,INR,HIGH,"Qty: 1, Unit: Pc, PU: 1",,
Hettich,Linear Drawer System: AvanTech YOU,OrgaTray 740,9302723,OrgaTray 740 for 500 mm depth 1200 mm width,106,HIGH,HS Code: 39249000,,,,Silver,6645.00,INR,HIGH,"Qty: 1, Unit: Pc, PU: 1",,
Hettich,Linear Drawer System: AvanTech YOU,OrgaTray 740,9302773,OrgaTray 740 for 500 mm depth 600 mm width,106,HIGH,HS Code: 39249000,,,,Anthracite,3030.00,INR,HIGH,"Qty: 1, Unit: Pc, PU: 1",,
Hettich,Linear Drawer System: AvanTech YOU,OrgaTray 740,9302775,OrgaTray 740 for 500 mm depth 900 mm width,106,HIGH,HS Code: 39249000,,,,Anthracite,5925.00,INR,HIGH,"Qty: 1, Unit: Pc, PU: 1",,
Hettich,Linear Drawer System: AvanTech YOU,OrgaTray 740,9302777,OrgaTray 740 for 500 mm depth 1200 mm width,106,HIGH,HS Code: 39249000,,,,Anthracite,6645.00,INR,HIGH,"Qty: 1, Unit: Pc, PU: 1",,
Hettich,Linear Drawer System: AvanTech YOU,OrgaStore 270,9278309,OrgaStore 270 Box,106,HIGH,HS Code: 44199090,,,,Standard,9850.00,INR,HIGH,"Qty: 1, Unit: Pc, PU: 1",,
Hettich,Linear Drawer System: AvanTech YOU,OrgaStore 270,9278310,OrgaStore 270 Plate Holder,106,HIGH,HS Code: 44199090,,,,Standard,13014.00,INR,HIGH,"Qty: 1, Unit: Pc, PU: 1",,
Hettich,Linear Drawer System: AvanTech YOU,OrgaStore 830,9182247,OrgaStore 830 Profile 2000 mm length,107,HIGH,HS Code: 76042990,,,,Silver,9895.00,INR,HIGH,"Qty: 1, Unit: Pc, PU: 1",,
Hettich,Linear Drawer System: AvanTech YOU,OrgaStore 830,9182250,OrgaStore 830 Profile 2000 mm length,107,HIGH,HS Code: 76042990,,,,Anthracite,9895.00,INR,HIGH,"Qty: 1, Unit: Pc, PU: 1",,
Hettich,Linear Drawer System: AvanTech YOU,OrgaStore 830,9278248,OrgaStore 830 Adapter,107,HIGH,HS Code: 39269097,,,,Silver,1090.00,INR,HIGH,"Qty: 1, Unit: Pc, PU: 30",,
Hettich,Linear Drawer System: AvanTech YOU,OrgaStore 830,9230268,OrgaStore 830 Adapter,107,HIGH,HS Code: 39269097,,,,Anthracite,1216.00,INR,HIGH,"Qty: 1, Unit: Pc, PU: 30",,
Hettich,Linear Drawer System: AvanTech YOU,OrgaStore 830,9278250,OrgaStore 830 Lengthwise Divider,107,HIGH,HS Code: 39269097,,,,Silver,660.00,INR,HIGH,"Qty: 1, Unit: Pc, PU: 15",,
Hettich,Linear Drawer System: AvanTech YOU,OrgaStore 830,9278249,OrgaStore 830 Lengthwise Divider,107,HIGH,HS Code: 39269097,,,,Anthracite,740.00,INR,HIGH,"Qty: 1, Unit: Pc, PU: 15",,
Hettich,Linear Drawer System: ArciTech,ArciTech Drawer System,9243114,"ArciTech Silver NL-450 mm, Height 94 mm, 40 kg",108,HIGH,HS Code: 83021090,,,,Silver,6982.00,INR,HIGH,"Qty: 1, Unit: Set",,
Hettich,Linear Drawer System: ArciTech,ArciTech Drawer System,9243115,"ArciTech Silver NL-500 mm, Height 94 mm, 40 kg",108,HIGH,HS Code: 83021090,,,,Silver,6982.00,INR,HIGH,"Qty: 1, Unit: Set",,
Hettich,Linear Drawer System: ArciTech,ArciTech Drawer System,9243116,"ArciTech Silver NL-550 mm, Height 94 mm, 40 kg",108,HIGH,HS Code: 83021090,,,,Silver,7234.00,INR,HIGH,"Qty: 1, Unit: Set",,
Hettich,Linear Drawer System: ArciTech,ArciTech Drawer System,9243117,"ArciTech Silver NL-450 mm, Height 94 mm, 70 kg",108,HIGH,HS Code: 83021090,,,,Silver,8054.00,INR,HIGH,"Qty: 1, Unit: Set",,
Hettich,Linear Drawer System: ArciTech,ArciTech Drawer System,9243118,"ArciTech Silver NL-500 mm, Height 94 mm, 70 kg",108,HIGH,HS Code: 83021090,,,,Silver,8054.00,INR,HIGH,"Qty: 1, Unit: Set",,
Hettich,Linear Drawer System: ArciTech,ArciTech Drawer System,9243119,"ArciTech Silver NL-550 mm, Height 94 mm, 70 kg",108,HIGH,HS Code: 83021090,,,,Silver,8306.00,INR,HIGH,"Qty: 1, Unit: Set",,
Hettich,Linear Drawer System: ArciTech,ArciTech Drawer System,9243120,"ArciTech Silver NL-650 mm, Height 94 mm, 70 kg",108,HIGH,HS Code: 83021090,,,,Silver,8850.00,INR,HIGH,"Qty: 1, Unit: Set",,
Hettich,Linear Drawer System: ArciTech,ArciTech Drawer System,9243154,"ArciTech Silver NL-450 mm pot & pan with railing, Height 186 mm, 40 kg",108,HIGH,HS Code: 83021090,,,,Silver,8328.00,INR,HIGH,"Qty: 1, Unit: Set",,
Hettich,Linear Drawer System: ArciTech,ArciTech Drawer System,9243155,"ArciTech Silver NL-500 mm pot & pan with railing, Height 186 mm, 40 kg",108,HIGH,HS Code: 83021090,,,,Silver,8328.00,INR,HIGH,"Qty: 1, Unit: Set",,
Hettich,Linear Drawer System: ArciTech,ArciTech Drawer System,9243156,"ArciTech Silver NL-550 mm pot & pan with railing, Height 186 mm, 40 kg",108,HIGH,HS Code: 83021090,,,,Silver,8580.00,INR,HIGH,"Qty: 1, Unit: Set",,
Hettich,Linear Drawer System: ArciTech,ArciTech Drawer System,9243157,"ArciTech Silver NL-450 mm pot & pan with railing, Height 186 mm, 70 kg",108,HIGH,HS Code: 83021090,,,,Silver,9400.00,INR,HIGH,"Qty: 1, Unit: Set",,
Hettich,Linear Drawer System: ArciTech,ArciTech Drawer System,9243158,"ArciTech Silver NL-500 mm pot & pan with railing, Height 186 mm, 70 kg",108,HIGH,HS Code: 83021090,,,,Silver,9400.00,INR,HIGH,"Qty: 1, Unit: Set",,
Hettich,Linear Drawer System: ArciTech,ArciTech Drawer System,9243159,"ArciTech Silver NL-550 mm pot & pan with railing, Height 186 mm, 70 kg",108,HIGH,HS Code: 83021090,,,,Silver,9652.00,INR,HIGH,"Qty: 1, Unit: Set",,
Hettich,Linear Drawer System: ArciTech,ArciTech Drawer System,9243160,"ArciTech Silver NL-650 mm pot & pan with railing, Height 186 mm, 70 kg",108,HIGH,HS Code: 83021090,,,,Silver,10364.00,INR,HIGH,"Qty: 1, Unit: Set",,
Hettich,Linear Drawer System: ArciTech,ArciTech Drawer System,9332349,ArciTech Narrow Pullout (Height 94+186mm)/ 20 Kg/ Depth 500 mm,108,HIGH,HS Code: 83024200,,,,Silver,12592.00,INR,HIGH,"Qty: 1, Unit: Set",,
Hettich,Linear Drawer System: ArciTech,ArciTech Drawer System,9243124,"ArciTech White NL-450 mm, Height 94 mm, 40 kg",108,HIGH,HS Code: 83021090,,,,White,6982.00,INR,HIGH,"Qty: 1, Unit: Set",,
Hettich,Linear Drawer System: ArciTech,ArciTech Drawer System,9243125,"ArciTech White NL-500 mm, Height 94 mm, 40 kg",108,HIGH,HS Code: 83021090,,,,White,6982.00,INR,HIGH,"Qty: 1, Unit: Set",,
Hettich,Linear Drawer System: ArciTech,ArciTech Drawer System,9243126,"ArciTech White NL-550 mm, Height 94 mm, 40 kg",108,HIGH,HS Code: 83021090,,,,White,7234.00,INR,HIGH,"Qty: 1, Unit: Set",,
Hettich,Linear Drawer System: ArciTech,ArciTech Drawer System,9243127,"ArciTech White NL-450 mm, Height 94 mm, 70 kg",108,HIGH,HS Code: 83021090,,,,White,8054.00,INR,HIGH,"Qty: 1, Unit: Set",,
Hettich,Linear Drawer System: ArciTech,ArciTech Drawer System,9243128,"ArciTech White NL-500 mm, Height 94 mm, 70 kg",108,HIGH,HS Code: 83021090,,,,White,8054.00,INR,HIGH,"Qty: 1, Unit: Set",,
Hettich,Linear Drawer System: ArciTech,ArciTech Drawer System,9243129,"ArciTech White NL-550 mm, Height 94 mm, 70 kg",108,HIGH,HS Code: 83021090,,,,White,8306.00,INR,HIGH,"Qty: 1, Unit: Set",,
Hettich,Linear Drawer System: ArciTech,ArciTech Drawer System,9243164,"ArciTech White NL-450 mm pot & pan with railing, Height 186 mm, 40 kg",108,HIGH,HS Code: 83021090,,,,White,8328.00,INR,HIGH,"Qty: 1, Unit: Set",,
Hettich,Linear Drawer System: ArciTech,ArciTech Drawer System,9243165,"ArciTech White NL-500 mm pot & pan with railing, Height 186 mm, 40 kg",108,HIGH,HS Code: 83021090,,,,White,8328.00,INR,HIGH,"Qty: 1, Unit: Set",,
Hettich,Linear Drawer System: ArciTech,ArciTech Drawer System,9243166,"ArciTech White NL-550 mm pot & pan with railing, Height 186 mm, 40 kg",108,HIGH,HS Code: 83021090,,,,White,8580.00,INR,HIGH,"Qty: 1, Unit: Set",,
Hettich,Linear Drawer System: ArciTech,ArciTech Drawer System,9243167,"ArciTech White NL-450 mm pot & pan with railing, Height 186 mm, 70 kg",108,HIGH,HS Code: 83021090,,,,White,9400.00,INR,HIGH,"Qty: 1, Unit: Set",,
Hettich,Linear Drawer System: ArciTech,ArciTech Drawer System,9243168,"ArciTech White NL-500 mm pot & pan with railing, Height 186 mm, 70 kg",108,HIGH,HS Code: 83021090,,,,White,9400.00,INR,HIGH,"Qty: 1, Unit: Set",,
Hettich,Linear Drawer System: ArciTech,ArciTech Drawer System,9243169,"ArciTech White NL-550 mm pot & pan with railing, Height 186 mm, 70 kg",108,HIGH,HS Code: 83021090,,,,White,9652.00,INR,HIGH,"Qty: 1, Unit: Set",,
Hettich,Linear Drawer System: ArciTech,ArciTech Drawer System,9332371,ArciTech Narrow Pullout (Height 94+186mm)/ 20 Kg/ Depth 500 mm,108,HIGH,HS Code: 83024200,,,,White,12592.00,INR,HIGH,"Qty: 1, Unit: Set",,
Hettich,Linear Drawer System: ArciTech,ArciTech Drawer System,9243134,"ArciTech Anthracite NL-450 mm, Height 94 mm, 40 kg",108,HIGH,HS Code: 83021090,,,,Anthracite,6982.00,INR,HIGH,"Qty: 1, Unit: Set",,
Hettich,Linear Drawer System: ArciTech,ArciTech Drawer System,9243135,"ArciTech Anthracite NL-500 mm, Height 94 mm, 40 kg",108,HIGH,HS Code: 83021090,,,,Anthracite,6982.00,INR,HIGH,"Qty: 1, Unit: Set",,
Hettich,Linear Drawer System: ArciTech,ArciTech Drawer System,9243136,"ArciTech Anthracite NL-550 mm, Height 94 mm, 40 kg",108,HIGH,HS Code: 83021090,,,,Anthracite,7234.00,INR,HIGH,"Qty: 1, Unit: Set",,
Hettich,Linear Drawer System: ArciTech,ArciTech Drawer System,9243137,"ArciTech Anthracite NL-450 mm, Height 94 mm, 70 kg",108,HIGH,HS Code: 83021090,,,,Anthracite,8054.00,INR,HIGH,"Qty: 1, Unit: Set",,
Hettich,Linear Drawer System: ArciTech,ArciTech Drawer System,9243138,"ArciTech Anthracite NL-500 mm, Height 94 mm, 70 kg",108,HIGH,HS Code: 83021090,,,,Anthracite,8054.00,INR,HIGH,"Qty: 1, Unit: Set",,
Hettich,Linear Drawer System: ArciTech,ArciTech Drawer System,9243139,"ArciTech Anthracite NL-550 mm, Height 94 mm, 70 kg",108,HIGH,HS Code: 83021090,,,,Anthracite,8306.00,INR,HIGH,"Qty: 1, Unit: Set",,
Hettich,Linear Drawer System: ArciTech,ArciTech Drawer System,9243174,"ArciTech Anthracite NL-450 mm pot & pan with railing, Height 186 mm, 40 kg",108,HIGH,HS Code: 83021090,,,,Anthracite,8328.00,INR,HIGH,"Qty: 1, Unit: Set",,
Hettich,Linear Drawer System: ArciTech,ArciTech Drawer System,9243175,"ArciTech Anthracite NL-500 mm pot & pan with railing, Height 186 mm, 40 kg",108,HIGH,HS Code: 83021090,,,,Anthracite,8328.00,INR,HIGH,"Qty: 1, Unit: Set",,
Hettich,Linear Drawer System: ArciTech,ArciTech Drawer System,9243176,"ArciTech Anthracite NL-550 mm pot & pan with railing, Height 186 mm, 40 kg",108,HIGH,HS Code: 83021090,,,,Anthracite,8580.00,INR,HIGH,"Qty: 1, Unit: Set",,
Hettich,Linear Drawer System: ArciTech,ArciTech Drawer System,9243177,"ArciTech Anthracite NL-450 mm pot & pan with railing, Height 186 mm, 70 kg",108,HIGH,HS Code: 83021090,,,,Anthracite,9400.00,INR,HIGH,"Qty: 1, Unit: Set",,
Hettich,Linear Drawer System: ArciTech,ArciTech Drawer System,9243178,"ArciTech Anthracite NL-500 mm pot & pan with railing, Height 186 mm, 70 kg",108,HIGH,HS Code: 83021090,,,,Anthracite,9400.00,INR,HIGH,"Qty: 1, Unit: Set",,
Hettich,Linear Drawer System: ArciTech,ArciTech Drawer System,9243179,"ArciTech Anthracite NL-550 mm pot & pan with railing, Height 186 mm, 70 kg",108,HIGH,HS Code: 83021090,,,,Anthracite,9652.00,INR,HIGH,"Qty: 1, Unit: Set",,
Hettich,Linear Drawer System: ArciTech,ArciTech Drawer System,9332370,ArciTech Narrow Pullout (Height 94+186mm)/ 20 Kg/ Depth 500 mm,108,HIGH,HS Code: 83024200,,,,Anthracite,12592.00,INR,HIGH,"Qty: 1, Unit: Set",,
Hettich,Linear Drawer System: ArciTech,"ArciTech Anthracite 500 mm, Height 94 mm, 70 kg",9243138,Total Set,118,HIGH,HS Code: 83021090; BOM Total Set (component sub-rows priced separately on p.124-126 accessory pages),,,,Anthracite,8054.00,INR,HIGH,,500,
Hettich,Linear Drawer System: ArciTech,"ArciTech Anthracite 550 mm, Height 94 mm, 70 kg",9243139,Total Set,118,HIGH,HS Code: 83021090; BOM Total Set,,,,Anthracite,8306.00,INR,HIGH,,550,
Hettich,Linear Drawer System: ArciTech,ArciTech Narrow Pullout units NL 500 mm,9332370,ArciTech Narrow Pullout (Height 94+186mm)/ Anthracite/ 20 Kg/ Depth 500 mm,118,HIGH,HS Code: 83021090,,,,Anthracite,12592.00,INR,HIGH,,500,
Hettich,Linear Drawer System: ArciTech,"ArciTech Anthracite 450 mm pot & pan with railing, Height 186 mm, 40 kg",9243174,Total Set,119,HIGH,HS Code: 83021090; BOM Total Set,,,,Anthracite,8328.00,INR,HIGH,,450,
Hettich,Linear Drawer System: ArciTech,"ArciTech Anthracite 500 mm pot & pan with railing, Height 186 mm, 40 kg",9243175,Total Set,119,HIGH,HS Code: 83021090; BOM Total Set,,,,Anthracite,8328.00,INR,HIGH,,500,
Hettich,Linear Drawer System: ArciTech,"ArciTech Anthracite 550 mm pot & pan with railing, Height 186 mm, 40 kg",9243176,Total Set,119,HIGH,HS Code: 83021090; BOM Total Set,,,,Anthracite,8580.00,INR,HIGH,,550,
Hettich,Linear Drawer System: ArciTech,"ArciTech Anthracite 450 mm pot & pan with railing, Height 186 mm, 70 kg",9243177,Total Set,119,HIGH,HS Code: 83021090; BOM Total Set,,,,Anthracite,9400.00,INR,HIGH,,450,
Hettich,Linear Drawer System: ArciTech,"ArciTech Anthracite 500 mm pot & pan with railing, Height 186 mm, 70 kg",9243178,Total Set,120,HIGH,HS Code: 83021090; BOM Total Set; source page prints section heading as 'ArciTech Anhracite' (typo for Anthracite),,,,Anthracite,9400.00,INR,HIGH,,500,
Hettich,Linear Drawer System: ArciTech,"ArciTech Anthracite 550 mm pot & pan with railing, Height 186 mm, 70 kg",9243179,Total Set,120,HIGH,HS Code: 83021090; BOM Total Set,,,,Anthracite,9652.00,INR,HIGH,,550,
Hettich,Linear Drawer System: ArciTech,Accessories for ArciTech Silver 500 / 550 mm,9122920,ArciTech Topside- 500 mm,121,HIGH,HS Code: 73269098,,,,Silver,3320.00,INR,HIGH,Qty: 1; Unit: Set; PU: 1,500,
Hettich,Linear Drawer System: ArciTech,Accessories for ArciTech Silver 500 / 550 mm,9122988,ArciTech DesignSide- 500 mm,121,HIGH,HS Code: 70200080,,,,Silver,2440.00,INR,HIGH,Qty: 1; Unit: Set; PU: 1,500,
Hettich,Linear Drawer System: ArciTech,Accessories for ArciTech Silver 500 / 550 mm,9122989,ArciTech DesignSide- 550 mm,121,HIGH,HS Code: 70200080,,,,Silver,2480.00,INR,HIGH,Qty: 1; Unit: Set; PU: 1,550,
Hettich,Linear Drawer System: ArciTech,Accessories for ArciTech Silver 500 / 550 mm,9122973,ArciTech DesignSide Adapter,121,HIGH,HS Code: 83024200,,,,Silver,1860.00,INR,HIGH,Qty: 1; Unit: Set; PU: 1,,
Hettich,Linear Drawer System: ArciTech,Accessories for ArciTech Silver 500 / 550 mm,9122998,DesignSide Connectors,121,HIGH,HS Code: 83024200; same code 9122998 reused under White section,,,,Silver,1630.00,INR,HIGH,Qty: 1; Unit: Set; PU: 1,,
Hettich,Linear Drawer System: ArciTech,"ArciTech Silver, front panel, Internal Drawer height 94 / 186 mm",9122799,94 / 600 mm,121,HIGH,HS Code: 94039010,,,,Silver,3800.00,INR,HIGH,Qty: 1; Unit: Pc; PU: 15,,
Hettich,Linear Drawer System: ArciTech,"ArciTech Silver, front panel, Internal Drawer height 94 / 186 mm",9122853,186 / 600 mm,121,HIGH,HS Code: 94039010,,,,Silver,5120.00,INR,HIGH,Qty: 1; Unit: Pc; PU: 15,,
Hettich,Linear Drawer System: ArciTech,"ArciTech Silver, front panel, Internal Drawer height 94 / 186 mm",9122801,94 / 900 mm,121,HIGH,HS Code: 94039010,,,,Silver,5570.00,INR,HIGH,Qty: 1; Unit: Pc; PU: 15,,
Hettich,Linear Drawer System: ArciTech,"ArciTech Silver, front panel, Internal Drawer height 94 / 186 mm",9122855,186 / 900 mm,121,HIGH,HS Code: 94039010,,,,Silver,6890.00,INR,HIGH,Qty: 1; Unit: Pc; PU: 15,,
Hettich,Linear Drawer System: ArciTech,"ArciTech Silver, front panel, Internal Drawer height 94 / 186 mm",9192204,"Aluminium front panel, L 2000 mm",121,HIGH,HS Code: 76042990,,,,Silver,4990.00,INR,HIGH,Qty: 1; Unit: Pc; PU: 1,2000,
Hettich,Linear Drawer System: ArciTech,"ArciTech Silver, front panel, Internal Drawer height 94 / 186 mm",9182706,Railing for Aluminium front panel L 2000 mm,121,HIGH,HS Code: 73066192,,,,Silver,2982.00,INR,HIGH,Qty: 1; Unit: Pc; PU: 1,2000,
Hettich,Linear Drawer System: ArciTech,"ArciTech Silver, front panel, Internal Drawer height 94 / 186 mm",9123083,Front connector H 94,121,HIGH,HS Code: 83024200,,,,Silver,1860.00,INR,HIGH,Qty: 1; Unit: Set; PU: 15,94,
Hettich,Linear Drawer System: ArciTech,"ArciTech Silver, front panel, Internal Drawer height 94 / 186 mm",9123089,Front connector H 186,121,HIGH,HS Code: 83024200,,,,Silver,3070.00,INR,HIGH,Qty: 1; Unit: Set; PU: 15,186,
Hettich,Linear Drawer System: ArciTech,Accessories for ArciTech White 500 / 550 mm,9122988,ArciTech Design side- 500 mm,121,HIGH,HS Code: 70200080; same code 9122988 also listed under Silver section (identical price),,,,White,2440.00,INR,HIGH,Qty: 1; Unit: Set; PU: 1,500,
Hettich,Linear Drawer System: ArciTech,Accessories for ArciTech White 500 / 550 mm,9122989,ArciTech Design side- 550 mm,121,HIGH,HS Code: 70200080; same code 9122989 also listed under Silver section (identical price),,,,White,2480.00,INR,HIGH,Qty: 1; Unit: Set; PU: 1,550,
Hettich,Linear Drawer System: ArciTech,Accessories for ArciTech White 500 / 550 mm,9122975,ArciTech Design side Adapter,121,HIGH,HS Code: 83024200,,,,White,1860.00,INR,HIGH,Qty: 1; Unit: Set; PU: 15,,
Hettich,Linear Drawer System: ArciTech,Accessories for ArciTech White 500 / 550 mm,9122998,Design side Connectors,121,HIGH,HS Code: 83024200; same code 9122998 also listed under Silver section (identical price),,,,White,1630.00,INR,HIGH,Qty: 1; Unit: Set; PU: 1,,
Hettich,Linear Drawer System: ArciTech,Accessories for ArciTech Anthracite 500 / 550 mm,9122921,ArciTech Topside- 500 mm,121,HIGH,HS Code: 73269098,,,,Anthracite,3320.00,INR,HIGH,Qty: 1; Unit: Set; PU: 1,500,
Hettich,Linear Drawer System: ArciTech,Accessories for ArciTech Anthracite 500 / 550 mm,9122988,ArciTech DesignSide- 500 mm,121,HIGH,HS Code: 70200080; same code 9122988 also listed under Silver/White sections (identical price),,,,Anthracite,2440.00,INR,HIGH,Qty: 1; Unit: Set; PU: 1,500,
Hettich,Linear Drawer System: ArciTech,Accessories for ArciTech Anthracite 500 / 550 mm,9122989,ArciTech DesignSide- 550 mm,121,HIGH,HS Code: 70200080; same code 9122989 also listed under Silver/White sections (identical price),,,,Anthracite,2480.00,INR,HIGH,Qty: 1; Unit: Set; PU: 1,550,
Hettich,Linear Drawer System: ArciTech,Accessories for ArciTech Anthracite 500 / 550 mm,9122974,ArciTech DesignSide Adapter,121,HIGH,HS Code: 83024200,,,,Anthracite,1860.00,INR,HIGH,Qty: 1; Unit: Set; PU: 1,,
Hettich,Linear Drawer System: ArciTech,"ArciTech Anthracite, front panel, Internal drawer height 94 / 186 mm",9140089,94 / 600 mm,121,HIGH,HS Code: 94039010,,,,Anthracite,3800.00,INR,HIGH,Qty: 1; Unit: Set; PU: 15,,
Hettich,Linear Drawer System: ArciTech,"ArciTech Anthracite, front panel, Internal drawer height 94 / 186 mm",9140107,186 / 600 mm,121,HIGH,HS Code: 94039010,,,,Anthracite,5120.00,INR,HIGH,Qty: 1; Unit: Set; PU: 15,,
Hettich,Linear Drawer System: ArciTech,"ArciTech Anthracite, front panel, Internal drawer height 94 / 186 mm",9192205,"Aluminium front panel, L 2000 mm",121,HIGH,HS Code: 76042990,,,,Anthracite,5675.00,INR,HIGH,Qty: 1; Unit: Pc; PU: 1,2000,
Hettich,Linear Drawer System: ArciTech,"ArciTech Anthracite, front panel, Internal drawer height 94 / 186 mm",9182712,Railing for Aluminium front panel L 2000 mm,121,HIGH,HS Code: 73066192,,,,Anthracite,2982.00,INR,HIGH,Qty: 1; Unit: Set; PU: 1,2000,
Hettich,Linear Drawer System: ArciTech,"ArciTech Anthracite, front panel, Internal drawer height 94 / 186 mm",9140121,Front connector H 94,121,HIGH,HS Code: 83024200,,,,Anthracite,1854.00,INR,HIGH,Qty: 1; Unit: Set; PU: 15,94,
Hettich,Linear Drawer System: ArciTech,"ArciTech Anthracite, front panel, Internal drawer height 94 / 186 mm",9140123,Connector for Front H186 - Anthracite,121,HIGH,HS Code: 83024200,,,,Anthracite,3070.00,INR,HIGH,Qty: 1; Unit: Set; PU: 1,186,
Hettich,Linear Drawer System: ArciTech,OrgaTray 570 Silver (Adjustable Partition Cutlery),9134992,"For NL 500 mm depth, cabinet width 600 mm",122,HIGH,HS Code: 39249000,,,,Silver,2790.00,INR,HIGH,Qty: 1; Unit: Set; PU: 1,500,
Hettich,Linear Drawer System: ArciTech,OrgaTray 570 Silver (Adjustable Partition Cutlery),9134994,"For NL 500 mm depth, cabinet width 900 mm",122,HIGH,HS Code: 39249000,,,,Silver,4970.00,INR,HIGH,Qty: 1; Unit: Set; PU: 1,500,
Hettich,Linear Drawer System: ArciTech,OrgaTray 440 Trimmable (Fixed Partition Cutlery) - Silver,9194924,"Tray width 501-600 mm, depth 380-440",122,HIGH,HS Code: 39249000,,,,Silver,800.00,INR,HIGH,Qty: 1; Unit: Pc; PU: 1,,
Hettich,Linear Drawer System: ArciTech,OrgaTray 440 Trimmable (Fixed Partition Cutlery) - Silver,9194933,"Tray width 301-350 mm, depth 441-520 mm",122,HIGH,HS Code: 39249090,,,,Silver,580.00,INR,HIGH,Qty: 1; Unit: Pc; PU: 1,,
Hettich,Linear Drawer System: ArciTech,OrgaTray 440 Trimmable (Fixed Partition Cutlery) - Silver,9194934,"Tray width 351-400 mm, depth 441-520 mm",122,HIGH,HS Code: 39249000,,,,Silver,600.00,INR,HIGH,Qty: 1; Unit: Pc; PU: 1,,
Hettich,Linear Drawer System: ArciTech,OrgaTray 440 Trimmable (Fixed Partition Cutlery) - Silver,9194935,"Tray width 401-450 mm, depth 441-520 mm",122,HIGH,HS Code: 39249000,,,,Silver,630.00,INR,HIGH,Qty: 1; Unit: Pc; PU: 1,,
Hettich,Linear Drawer System: ArciTech,OrgaTray 440 Trimmable (Fixed Partition Cutlery) - Silver,9194936,"Tray width 451-500 mm, depth 441-520 mm",122,HIGH,HS Code: 39249000,,,,Silver,700.00,INR,HIGH,Qty: 1; Unit: Pc; PU: 1,,
Hettich,Linear Drawer System: ArciTech,OrgaTray 440 Trimmable (Fixed Partition Cutlery) - Silver,9194937,"Tray width 501-600 mm, depth 441-520 mm",122,HIGH,HS Code: 39249000,,,,Silver,830.00,INR,HIGH,Qty: 1; Unit: Pc; PU: 1,,
Hettich,Linear Drawer System: ArciTech,OrgaTray 440 Trimmable (Fixed Partition Cutlery) - Silver,9194938,"Tray width 601-700 mm, Depth 441-520 mm",122,HIGH,HS Code: 39249000,,,,Silver,1450.00,INR,HIGH,Qty: 1; Unit: Pc; PU: 1,,
Hettich,Linear Drawer System: ArciTech,OrgaTray 440 Trimmable (Fixed Partition Cutlery) - Silver,9194939,"Tray width 701-800 mm, depth 441-520 mm",122,HIGH,HS Code: 39249000,,,,Silver,1590.00,INR,HIGH,Qty: 1; Unit: Pc; PU: 1,,
Hettich,Linear Drawer System: ArciTech,OrgaTray 440 Trimmable (Fixed Partition Cutlery) - Silver,9194940,"Tray width 801-900 mm, depth 441-520 mm",122,HIGH,HS Code: 39249000,,,,Silver,1670.00,INR,HIGH,Qty: 1; Unit: Pc; PU: 1,,
Hettich,Linear Drawer System: ArciTech,OrgaTray 440 Trimmable (Fixed Partition Cutlery) - Anthracite,9194995,"Tray width 301-350 mm, depth 441-520 mm",122,HIGH,HS Code: 39249000,,,,Anthracite,580.00,INR,HIGH,Qty: 1; Unit: Pc; PU: 1,,
Hettich,Linear Drawer System: ArciTech,OrgaTray 440 Trimmable (Fixed Partition Cutlery) - Anthracite,9194996,"Tray width 351-400 mm, depth 441-520 mm",122,HIGH,HS Code: 39249090,,,,Anthracite,600.00,INR,HIGH,Qty: 1; Unit: Pc; PU: 1,,
Hettich,Linear Drawer System: ArciTech,OrgaTray 440 Trimmable (Fixed Partition Cutlery) - Anthracite,9194997,"Tray width 401-450 mm, depth 441-520 mm",122,HIGH,HS Code: 39249000,,,,Anthracite,630.00,INR,HIGH,Qty: 1; Unit: Pc; PU: 1,,
Hettich,Linear Drawer System: ArciTech,OrgaTray 440 Trimmable (Fixed Partition Cutlery) - Anthracite,9194998,"Tray width 451-500 mm, depth 441-520 mm",122,HIGH,HS Code: 39249000,,,,Anthracite,700.00,INR,HIGH,Qty: 1; Unit: Pc; PU: 1,,
Hettich,Linear Drawer System: ArciTech,OrgaTray 440 Trimmable (Fixed Partition Cutlery) - Anthracite,9194999,"Tray width 501-600 mm, depth 441-520 mm",122,HIGH,HS Code: 39249000,,,,Anthracite,830.00,INR,HIGH,Qty: 1; Unit: Pc; PU: 1,,
Hettich,Linear Drawer System: ArciTech,OrgaTray 440 Trimmable (Fixed Partition Cutlery) - Anthracite,9195000,"Tray width 601-700 mm, Depth 441-520 mm",122,HIGH,HS Code: 39249000,,,,Anthracite,1450.00,INR,HIGH,Qty: 1; Unit: Pc; PU: 1,,
Hettich,Linear Drawer System: ArciTech,OrgaTray 440 Trimmable (Fixed Partition Cutlery) - Anthracite,9195001,"Tray width 701-800 mm, depth 441-520 mm",122,HIGH,HS Code: 39249000,,,,Anthracite,1590.00,INR,HIGH,Qty: 1; Unit: Pc; PU: 1,,
Hettich,Linear Drawer System: ArciTech,OrgaTray 440 Trimmable (Fixed Partition Cutlery) - Anthracite,9195002,"Tray width 801-900 mm, depth 441-520 mm",122,HIGH,HS Code: 39249000,,,,Anthracite,1670.00,INR,HIGH,Qty: 1; Unit: Pc; PU: 1,,
Hettich,Linear Drawer System: ArciTech,OrgaTray 440 Trimmable (Fixed Partition Cutlery) - Anthracite,9195004,"Tray width 1091-1150 mm, depth 441-520 mm",122,HIGH,HS Code: 39249000,,,,Anthracite,2355.00,INR,HIGH,Qty: 1; Unit: Pc; PU: 1,,
Hettich,Linear Drawer System: ArciTech,Knife Holder & Spice Rack,9226100,Knife Holder,122,HIGH,HS Code: 94039900,,,,Standard,3320.00,INR,HIGH,Qty: 1; Unit: Pc; PU: 1,,
Hettich,Linear Drawer System: ArciTech,Knife Holder & Spice Rack,9079207,Spice Rack,122,HIGH,HS Code: 44199090,,,,Standard,4388.00,INR,HIGH,Qty: 1; Unit: Pc; PU: 1,,
Hettich,Linear Drawer System: ArciTech,OrgaStore 400 customised width,9182706,Crosswise railing 2000 mm silver,122,HIGH,HS Code: 73066192,,,,Silver,2982.00,INR,HIGH,Qty: 1; Unit: Pc; PU: 1,2000,
Hettich,Linear Drawer System: ArciTech,OrgaStore 400 customised width,9182222,Adapter anthracite,122,HIGH,HS Code: 39269097,,,,Anthracite,180.00,INR,HIGH,Qty: 1; Unit: Pc; PU: 1,,
Hettich,Linear Drawer System: ArciTech,OrgaStore 400 customised width,9182225,Lengthwise divider anthracite,122,HIGH,HS Code: 39269097,,,,Anthracite,410.00,INR,HIGH,Qty: 1; Unit: Pc; PU: 1,,
Hettich,Linear Drawer System: ArciTech,OrgaStore 400 customised width,9182712,Crosswise railing 2000 mm anthracite,122,HIGH,HS Code: 73066192,,,,Anthracite,2982.00,INR,HIGH,Qty: 1; Unit: Pc; PU: 1,2000,
Hettich,Linear Drawer System: ArciTech,OrgaTray 630 (Powder Coated Steel Cutlery),9278320,OrgaTray 630 for depth 550 mm Anthracite,122,HIGH,HS Code: 73239900,,,,Anthracite,5770.00,INR,HIGH,Qty: 1; Unit: Pc; PU: 1,550,
Hettich,Linear Drawer System: ArciTech,OrgaTray 630 (Powder Coated Steel Cutlery),9278332,OrgaTray 630 for 500 mm depth White,122,HIGH,HS Code: 73269098,,,,White,5550.00,INR,HIGH,Qty: 1; Unit: Pc; PU: 1,500,
Hettich,Linear Drawer System: ArciTech,Anti-slip mat - Classic (5 m roll),9209580,"500 mm NL PVC, Anthracite",123,HIGH,HS Code: 39269097,,,,Anthracite,7111.00,INR,HIGH,Qty: 1; Unit: Pc; PU: 1,500,
Hettich,Linear Drawer System: ArciTech,Anti-slip mat - Hard Chequered (5 m roll),9290041,Anti slip mat W5000 D500 Silver,123,HIGH,HS Code: 39181090,,,,Silver,2140.00,INR,HIGH,Qty: 1; Unit: Pc; PU: 1,500,
Hettich,Linear Drawer System: ArciTech,Anti-slip mat - Hard Chequered (5 m roll),9290042,Anti slip mat W5000 D550 Silver,123,HIGH,HS Code: 39181090,,,,Silver,2420.00,INR,HIGH,Qty: 1; Unit: Pc; PU: 1,550,
Hettich,Linear Drawer System: ArciTech,Anti-slip mat - Hard Chequered (5 m roll),9290053,Anti slip mat W5000 D500 Anthracite,123,HIGH,HS Code: 39181090,,,,Anthracite,2140.00,INR,HIGH,Qty: 1; Unit: Pc; PU: 1,500,
Hettich,Linear Drawer System: ArciTech,Anti-slip mat - Hard Chequered (5 m roll),9290054,Anti slip mat W5000 D550 Anthracite,123,HIGH,HS Code: 39181090,,,,Anthracite,2450.00,INR,HIGH,Qty: 1; Unit: Pc; PU: 1,550,
Hettich,Linear Drawer System: ArciTech,Anti-slip mat - Soft Fine Chequered (5 m roll),9290045,Anti slip mat W5000 D500 Silver,123,HIGH,HS Code: 39181090,,,,Silver,5200.00,INR,HIGH,Qty: 1; Unit: Pc; PU: 1,500,
Hettich,Linear Drawer System: ArciTech,Anti-slip mat - Soft Fine Chequered (5 m roll),9290057,Anti slip mat W5000 D500 Anthracite,123,HIGH,HS Code: 39181090,,,,Anthracite,5200.00,INR,HIGH,Qty: 1; Unit: Pc; PU: 1,500,
Hettich,Linear Drawer System: ArciTech,Anti-slip mat - Soft Fine Chequered (5 m roll),9290058,Anti slip mat W5000 D550 Anthracite,123,HIGH,HS Code: 39181090,,,,Anthracite,5730.00,INR,HIGH,Qty: 1; Unit: Pc; PU: 1,550,
Hettich,Linear Drawer System: ArciTech,Anti-slip mat - Big Dots (5 m roll),9290061,Anti slip mat W5000 D500 Anthracite,123,HIGH,HS Code: 39181090,,,,Anthracite,4980.00,INR,HIGH,Qty: 1; Unit: Pc; PU: 1,500,
Hettich,Linear Drawer System: ArciTech,ArciTech Support Materials (Front Stabiliser),9321561,Front Stabiliser (Recommended for >= 600 mm front fascia width),123,HIGH,HS Code: 39263000,,,,Standard,460.00,INR,HIGH,Qty: 1; Unit: Pc; PU: 1,,
Hettich,Linear Drawer System: ArciTech,ArciTech Back Panel Connector,9121851,Back panel connector Silver Left-218 mm,123,HIGH,HS Code: 83024200,,,,Silver,502.00,INR,HIGH,Qty: 1; Unit: Pc; PU: 1,218,
Hettich,Linear Drawer System: ArciTech,ArciTech Back Panel Connector,9121852,Back panel connector Silver Right--218 mm,123,HIGH,HS Code: 83024200,,,,Silver,502.00,INR,HIGH,Qty: 1; Unit: Pc; PU: 1,218,
Hettich,Linear Drawer System: ArciTech,ArciTech Back Panel Connector,9121867,Back panel connector Silver Left-282 mm,123,HIGH,HS Code: 83024200,,,,Silver,614.00,INR,HIGH,Qty: 1; Unit: Pc; PU: 1,282,
Hettich,Linear Drawer System: ArciTech,ArciTech Back Panel Connector,9121868,Back panel connector Silver Right--282 mm,123,HIGH,HS Code: 83024200,,,,Silver,614.00,INR,HIGH,Qty: 1; Unit: Pc; PU: 1,282,
Hettich,Linear Drawer System: ArciTech,ArciTech Back Panel Connector,9121853,Back panel connector White Left-218 mm,123,HIGH,HS Code: 83024200,,,,White,416.00,INR,HIGH,Qty: 1; Unit: Pc; PU: 1,218,
Hettich,Linear Drawer System: ArciTech,ArciTech Back Panel Connector,9121854,Back panel connector White Right-218 mm,123,HIGH,HS Code: 83024200,,,,White,416.00,INR,HIGH,Qty: 1; Unit: Pc; PU: 1,218,
Hettich,Linear Drawer System: ArciTech,ArciTech Back Panel Connector,9121855,Back panel connector Anthracite Left-218 mm,123,HIGH,HS Code: 83024200,,,,Anthracite,416.00,INR,HIGH,Qty: 1; Unit: Pc; PU: 1,218,
Hettich,Linear Drawer System: ArciTech,ArciTech Back Panel Connector,9121856,Back panel connector Anthracite Right-218 mm,123,HIGH,HS Code: 83024200,,,,Anthracite,416.00,INR,HIGH,Qty: 1; Unit: Pc; PU: 1,218,
Hettich,Linear Drawer System: ArciTech,ArciTech Support Materials (Screw On Connector),9123011,ArciTech Screw On Connector,123,HIGH,HS Code: 83024200,,,,Standard,179.00,INR,HIGH,Qty: 1; Unit: Pc; PU: 1,,
Hettich,Linear Drawer System: ArciTech,ArciTech Drawer Side Profile - Finish: Silver,9121205,"ArciTech - 450 mm-Drawer side profile, L - Silver",124,HIGH,HS Code: 94039010,,,,Silver,1104.00,INR,HIGH,Qty: 1; Unit: Pc; PU: 1,450,
Hettich,Linear Drawer System: ArciTech,ArciTech Drawer Side Profile - Finish: Silver,9121206,"ArciTech - 450 mm-Drawer side profile, R - Silver",124,HIGH,HS Code: 94039010,,,,Silver,1104.00,INR,HIGH,Qty: 1; Unit: Pc; PU: 1,450,
Hettich,Linear Drawer System: ArciTech,ArciTech Drawer Side Profile - Finish: Silver,9121207,"ArciTech - 500 mm-Drawer side profile, L - Silver",124,HIGH,HS Code: 94039010,,,,Silver,1104.00,INR,HIGH,Qty: 1; Unit: Pc; PU: 1,500,
Hettich,Linear Drawer System: ArciTech,ArciTech Drawer Side Profile - Finish: Silver,9121208,"ArciTech - 500 mm-Drawer side profile, R - Silver",124,HIGH,HS Code: 94039010,,,,Silver,1104.00,INR,HIGH,Qty: 1; Unit: Pc; PU: 1,500,
Hettich,Linear Drawer System: ArciTech,ArciTech Drawer Side Profile - Finish: Silver,9121209,"ArciTech - 550 mm-Drawer side profile, L - Silver",124,HIGH,HS Code: 94039010,,,,Silver,1230.00,INR,HIGH,Qty: 1; Unit: Pc; PU: 1,550,
Hettich,Linear Drawer System: ArciTech,ArciTech Drawer Side Profile - Finish: Silver,9121210,"ArciTech - 550 mm-Drawer side profile, R - Silver",124,HIGH,HS Code: 94039010,,,,Silver,1230.00,INR,HIGH,Qty: 1; Unit: Pc; PU: 1,550,
Hettich,Linear Drawer System: ArciTech,ArciTech Drawer Side Profile - Finish: Silver,9121211,"ArciTech - 650 mm-Drawer side profile, L - Silver",124,HIGH,HS Code: 94039010,,,,Silver,1282.00,INR,HIGH,Qty: 1; Unit: Pc; PU: 1,650,
Hettich,Linear Drawer System: ArciTech,ArciTech Drawer Side Profile - Finish: Silver,9121212,"ArciTech - 650 mm-Drawer side profile, R - Silver",124,HIGH,HS Code: 94039010,,,,Silver,1282.00,INR,HIGH,Qty: 1; Unit: Pc; PU: 1,650,
Hettich,Linear Drawer System: ArciTech,ArciTech Drawer Side Profile - Finish: White,9121247,"ArciTech - 450 mm-Drawer side profile, L-White",124,HIGH,HS Code: 94039010,,,,White,1104.00,INR,HIGH,Qty: 1; Unit: Pc; PU: 1,450,
Hettich,Linear Drawer System: ArciTech,ArciTech Drawer Side Profile - Finish: White,9121248,"ArciTech - 450 mm-Drawer side profile, R-White",124,HIGH,HS Code: 94039010,,,,White,1104.00,INR,HIGH,Qty: 1; Unit: Pc; PU: 1,450,
Hettich,Linear Drawer System: ArciTech,ArciTech Drawer Side Profile - Finish: White,9121249,"ArciTech - 500 mm-Drawer side profile, L-White",124,HIGH,HS Code: 94039010,,,,White,1104.00,INR,HIGH,Qty: 1; Unit: Pc; PU: 1,500,
Hettich,Linear Drawer System: ArciTech,ArciTech Drawer Side Profile - Finish: White,9121250,"ArciTech - 500 mm-Drawer side profile, R-White",124,HIGH,HS Code: 94039010,,,,White,1104.00,INR,HIGH,Qty: 1; Unit: Pc; PU: 1,500,
Hettich,Linear Drawer System: ArciTech,ArciTech Drawer Side Profile - Finish: White,9121251,"ArciTech - 550 mm-Drawer side profile, L-White",124,HIGH,HS Code: 94039010,,,,White,1230.00,INR,HIGH,Qty: 1; Unit: Pc; PU: 1,550,
Hettich,Linear Drawer System: ArciTech,ArciTech Drawer Side Profile - Finish: White,9121252,"ArciTech - 550 mm-Drawer side profile, R-White",124,HIGH,HS Code: 94039010,,,,White,1230.00,INR,HIGH,Qty: 1; Unit: Pc; PU: 1,550,
Hettich,Linear Drawer System: ArciTech,ArciTech Drawer Side Profile - Finish: Anthracite,9121289,"ArciTech-450 mm-Drawer side profile, L-Anthracite",124,HIGH,HS Code: 94039010,,,,Anthracite,1104.00,INR,HIGH,Qty: 1; Unit: Pc; PU: 1,450,
Hettich,Linear Drawer System: ArciTech,ArciTech Drawer Side Profile - Finish: Anthracite,9121290,"ArciTech-450 mm-Drawer side profile, R-Anthracite",124,HIGH,HS Code: 94039010,,,,Anthracite,1104.00,INR,HIGH,Qty: 1; Unit: Pc; PU: 1,450,
Hettich,Linear Drawer System: ArciTech,ArciTech Drawer Side Profile - Finish: Anthracite,9121291,"ArciTech-500 mm-Drawer side profile, L-Anthracite",124,HIGH,HS Code: 94039010,,,,Anthracite,1104.00,INR,HIGH,Qty: 1; Unit: Pc; PU: 1,500,
Hettich,Linear Drawer System: ArciTech,ArciTech Drawer Side Profile - Finish: Anthracite,9121292,"ArciTech-500 mm-Drawer side profile, R-Anthracite",124,HIGH,HS Code: 94039010,,,,Anthracite,1104.00,INR,HIGH,Qty: 1; Unit: Pc; PU: 1,500,
Hettich,Linear Drawer System: ArciTech,ArciTech Drawer Side Profile - Finish: Anthracite,9121293,"ArciTech-550 mm-Drawer side profile, L-Anthracite",124,HIGH,HS Code: 94039010,,,,Anthracite,1230.00,INR,HIGH,Qty: 1; Unit: Pc; PU: 1,550,
Hettich,Linear Drawer System: ArciTech,ArciTech Drawer Side Profile - Finish: Anthracite,9121294,"ArciTech-550 mm-Drawer side profile, R-Anthracite",124,HIGH,HS Code: 94039010,,,,Anthracite,1230.00,INR,HIGH,Qty: 1; Unit: Pc; PU: 1,550,
Hettich,Linear Drawer System: ArciTech,Lengthwise railing - Finish: Silver,9121993,"Lengthwise Railing, L - 450 mm - Silver",124,HIGH,HS Code: 73269098,,,,Silver,515.00,INR,HIGH,Qty: 1; Unit: Pc; PU: 1,450,
Hettich,Linear Drawer System: ArciTech,Lengthwise railing - Finish: Silver,9121994,"Lengthwise Railing, R - 450 mm - Silver",124,HIGH,HS Code: 73269098,,,,Silver,515.00,INR,HIGH,Qty: 1; Unit: Pc; PU: 1,450,
Hettich,Linear Drawer System: ArciTech,Lengthwise railing - Finish: Silver,9122003,"Lengthwise Railing, L - 500 mm - Silver",124,HIGH,HS Code: 73269098,,,,Silver,515.00,INR,HIGH,Qty: 1; Unit: Pc; PU: 1,500,
Hettich,Linear Drawer System: ArciTech,Lengthwise railing - Finish: Silver,9122004,"Lengthwise Railing, R - 500 mm - Silver",124,HIGH,HS Code: 73269098,,,,Silver,515.00,INR,HIGH,Qty: 1; Unit: Pc; PU: 1,500,
Hettich,Linear Drawer System: ArciTech,Lengthwise railing - Finish: Silver,9122013,"Lengthwise Railing, L - 550 mm - Silver",124,HIGH,HS Code: 73269098,,,,Silver,515.00,INR,HIGH,Qty: 1; Unit: Pc; PU: 1,550,
Hettich,Linear Drawer System: ArciTech,Lengthwise railing - Finish: Silver,9122014,"Lengthwise Railing, R - 550 mm - Silver",124,HIGH,HS Code: 73269098,,,,Silver,515.00,INR,HIGH,Qty: 1; Unit: Pc; PU: 1,550,
Hettich,Linear Drawer System: ArciTech,Lengthwise railing - Finish: Silver,9122033,"Lengthwise Railing, L - 650 mm - Silver",124,HIGH,HS Code: 73269098,,,,Silver,599.00,INR,HIGH,Qty: 1; Unit: Pc; PU: 1,650,
Hettich,Linear Drawer System: ArciTech,Lengthwise railing - Finish: Silver,9122034,"Lengthwise Railing, R - 650 mm - Silver",124,HIGH,HS Code: 73269098,,,,Silver,599.00,INR,HIGH,Qty: 1; Unit: Pc; PU: 1,650,
Hettich,Linear Drawer System: ArciTech,Lengthwise railing - Finish: Silver,9127011,Screw-on Railing connector,124,HIGH,HS Code: 39263000; same code 9127011 reused under White/Anthracite railing sections (identical price),,,,Silver,53.00,INR,HIGH,Qty: 1; Unit: Pc; PU: 1,,
Hettich,Linear Drawer System: ArciTech,Lengthwise railing - Finish: White,9121997,"Lengthwise Railing, L - 450 mm - White",124,HIGH,HS Code: 73269098,,,,White,547.00,INR,HIGH,Qty: 1; Unit: Pc; PU: 1,450,
Hettich,Linear Drawer System: ArciTech,Lengthwise railing - Finish: White,9121998,"Lengthwise Railing, R - 450 mm - White",124,HIGH,HS Code: 73269098,,,,White,547.00,INR,HIGH,Qty: 1; Unit: Pc; PU: 1,450,
Hettich,Linear Drawer System: ArciTech,Lengthwise railing - Finish: White,9122007,"Lengthwise Railing, L - 500 mm - White",124,HIGH,HS Code: 73269098,,,,White,547.00,INR,HIGH,Qty: 1; Unit: Pc; PU: 1,500,
Hettich,Linear Drawer System: ArciTech,Lengthwise railing - Finish: White,9122008,"Lengthwise Railing, R - 500 mm - White",124,HIGH,HS Code: 73269098,,,,White,547.00,INR,HIGH,Qty: 1; Unit: Pc; PU: 1,500,
Hettich,Linear Drawer System: ArciTech,Lengthwise railing - Finish: White,9122017,"Lengthwise Railing, L - 550 mm - White",124,HIGH,HS Code: 94039010,,,,White,547.00,INR,HIGH,Qty: 1; Unit: Pc; PU: 1,550,
Hettich,Linear Drawer System: ArciTech,Lengthwise railing - Finish: White,9122018,"Lengthwise Railing, R - 550 mm - White",124,HIGH,HS Code: 94039010,,,,White,547.00,INR,HIGH,Qty: 1; Unit: Pc; PU: 1,550,
Hettich,Linear Drawer System: ArciTech,Lengthwise railing - Finish: White,9127011,Screw-on Railing connector,124,HIGH,HS Code: 39263000; same code 9127011 reused under Silver/Anthracite railing sections (identical price),,,,White,53.00,INR,HIGH,Qty: 1; Unit: Pc; PU: 1,,
Hettich,Linear Drawer System: ArciTech,Lengthwise railing - Finish: Anthracite,9121995,"Lengthwise Railing, L - 450 mm - Anthracite",125,HIGH,HS Code: 73269098,,,,Anthracite,547.00,INR,HIGH,Qty: 1; Unit: Pc; PU: 1,450,
Hettich,Linear Drawer System: ArciTech,Lengthwise railing - Finish: Anthracite,9121996,"Lengthwise Railing, R - 450 mm - Anthracite",125,HIGH,HS Code: 73269098,,,,Anthracite,547.00,INR,HIGH,Qty: 1; Unit: Pc; PU: 1,450,
Hettich,Linear Drawer System: ArciTech,Lengthwise railing - Finish: Anthracite,9122005,"Lengthwise Railing, L - 500 mm - Anthracite",125,HIGH,HS Code: 73269098,,,,Anthracite,547.00,INR,HIGH,Qty: 1; Unit: Pc; PU: 1,500,
Hettich,Linear Drawer System: ArciTech,Lengthwise railing - Finish: Anthracite,9122006,"Lengthwise Railing, R - 500 mm - Anthracite",125,HIGH,HS Code: 73269098,,,,Anthracite,547.00,INR,HIGH,Qty: 1; Unit: Pc; PU: 1,500,
Hettich,Linear Drawer System: ArciTech,Lengthwise railing - Finish: Anthracite,9122015,"Lengthwise Railing, L - 550 mm - Anthracite",125,HIGH,HS Code: 73269098,,,,Anthracite,547.00,INR,HIGH,Qty: 1; Unit: Pc; PU: 1,550,
Hettich,Linear Drawer System: ArciTech,Lengthwise railing - Finish: Anthracite,9122016,"Lengthwise Railing, R - 550 mm - Anthracite",125,HIGH,HS Code: 73269098,,,,Anthracite,547.00,INR,HIGH,Qty: 1; Unit: Pc; PU: 1,550,
Hettich,Linear Drawer System: ArciTech,Lengthwise railing - Finish: Anthracite,9127011,Screw-on Railing connector,125,HIGH,HS Code: 39269097; same code 9127011 reused under Silver/White railing sections (identical price),,,,Anthracite,53.00,INR,HIGH,Qty: 1; Unit: Pc; PU: 1,,
Hettich,Linear Drawer System: ArciTech,Rear Panel Connector - Finish: Silver,9121827,"Rear panel Connector, L - 94 mm - Silver",125,HIGH,HS Code: 83024200,,,,Silver,347.00,INR,HIGH,Qty: 1; Unit: Pc; PU: 1,94,
Hettich,Linear Drawer System: ArciTech,Rear Panel Connector - Finish: Silver,9121828,"Rear panel Connector, R - 94 mm - Silver",125,HIGH,HS Code: 83024200,,,,Silver,347.00,INR,HIGH,Qty: 1; Unit: Pc; PU: 1,94,
Hettich,Linear Drawer System: ArciTech,Rear Panel Connector - Finish: Silver,9121843,"Rear panel Connector, L - 186 mm - Silver",125,HIGH,HS Code: 83024200,,,,Silver,452.00,INR,HIGH,Qty: 1; Unit: Pc; PU: 1,186,
Hettich,Linear Drawer System: ArciTech,Rear Panel Connector - Finish: Silver,9121844,"Rear panel Connector, R- 186 mm - Silver",125,HIGH,HS Code: 83024200,,,,Silver,452.00,INR,HIGH,Qty: 1; Unit: Pc; PU: 1,186,
Hettich,Linear Drawer System: ArciTech,Rear Panel Connector - Finish: White,9121829,"Rear panel Connector, L - 94 mm - White",125,HIGH,HS Code: 83024200,,,,White,347.00,INR,HIGH,Qty: 1; Unit: Pc; PU: 1,94,
Hettich,Linear Drawer System: ArciTech,Rear Panel Connector - Finish: White,9121830,"Rear panel Connector, R - 94 mm - White",125,HIGH,HS Code: 83024200,,,,White,347.00,INR,HIGH,Qty: 1; Unit: Pc; PU: 1,94,
Hettich,Linear Drawer System: ArciTech,Rear Panel Connector - Finish: White,9121845,"Rear panel Connector, L - 186 mm - White",125,HIGH,HS Code: 83024200,,,,White,420.00,INR,HIGH,Qty: 1; Unit: Pc; PU: 1,186,
Hettich,Linear Drawer System: ArciTech,Rear Panel Connector - Finish: White,9121846,"Rear panel Connector, R - 186 mm - White",125,HIGH,HS Code: 83024200,,,,White,420.00,INR,HIGH,Qty: 1; Unit: Pc; PU: 1,186,
Hettich,Linear Drawer System: ArciTech,Rear Panel Connector - Finish: Anthracite,9121831,"Rear panel Connector, L - 94 mm - Anthracite",125,HIGH,HS Code: 83024200,,,,Anthracite,347.00,INR,HIGH,Qty: 1; Unit: Pc; PU: 1,94,
Hettich,Linear Drawer System: ArciTech,Rear Panel Connector - Finish: Anthracite,9121832,"Rear panel Connector, R - 94 mm - Anthracite",125,HIGH,HS Code: 83024200,,,,Anthracite,347.00,INR,HIGH,Qty: 1; Unit: Pc; PU: 1,94,
Hettich,Linear Drawer System: ArciTech,Rear Panel Connector - Finish: Anthracite,9121847,"Rear panel Connector, L - 186 mm - Anthracite",125,HIGH,HS Code: 83024200,,,,Anthracite,420.00,INR,HIGH,Qty: 1; Unit: Pc; PU: 1,186,
Hettich,Linear Drawer System: ArciTech,Rear Panel Connector - Finish: Anthracite,9121848,"Rear panel Connector, R - 186 mm - Anthracite",125,HIGH,HS Code: 83024200,,,,Anthracite,420.00,INR,HIGH,Qty: 1; Unit: Pc; PU: 1,186,
Hettich,Linear Drawer System: ArciTech,ArciTech Cover Cap,9123005,Cover Cap - Silver,126,HIGH,this Silver product row itself is accurate.),,,,Silver,84.00,INR,HIGH,Qty: 2; Unit: Pc; PU: 2,,
Hettich,Linear Drawer System: ArciTech,ArciTech Cover Cap,9123005,Cover Cap - Silver,126,HIGH,this Silver product row itself is accurate.),,,,Anthracite,84.00,INR,LOW,,,
Hettich,Linear Drawer System: ArciTech,ArciTech Cover Cap,9123006,Cover Cap - White,126,HIGH,HS Code: 39269097,,,,White,84.00,INR,HIGH,Qty: 2; Unit: Pc; PU: 2,,
Hettich,Linear Drawer System: ArciTech,Push to open Silent opening system for ArciTech,9241050,PTO Silent System Set up to 40 Kg,126,HIGH,HS Code: 39263090,,,,Standard,4078.00,INR,HIGH,Qty: 1; Unit: Set; PU: 1,,
Hettich,Linear Drawer System: ArciTech,Push to open Silent opening system for ArciTech,9241051,PTO Silent System Set up to 70 Kg,126,HIGH,HS Code: 39263000,,,,Standard,4078.00,INR,HIGH,Qty: 1; Unit: Set; PU: 1,,
Hettich,Linear Drawer System: ArciTech,Synchronisation Mechanism for 600 mm and above drawer carcase widths,9236718,Synchronisation Bar - 2000 mm,126,HIGH,HS Code: 83024200,,,,Standard,730.00,INR,HIGH,Qty: 1; Unit: Pc; PU: 100,2000,
Hettich,Linear Drawer System: ArciTech,Synchronisation Mechanism for 600 mm and above drawer carcase widths,9221295,Mid Connector,126,HIGH,HS Code: 39269097,,,,Standard,105.00,INR,HIGH,Qty: 1; Unit: Pc; PU: 20,,
Hettich,Linear Drawer System: ArciTech,Actro Runners - 40 kg,9239283,"Actro runner, 450 mm L - 40 Kg",126,HIGH,HS Code: 83024200,,,,Standard,1819.00,INR,HIGH,Qty: 1; Unit: Pc; PU: 1,450,
Hettich,Linear Drawer System: ArciTech,Actro Runners - 40 kg,9239284,"Actro runner, 450 mm R - 40 Kg",126,HIGH,HS Code: 83024200,,,,Standard,1819.00,INR,HIGH,Qty: 1; Unit: Pc; PU: 1,450,
Hettich,Linear Drawer System: ArciTech,Actro Runners - 40 kg,9239287,"Actro runner, 500 mm L - 40 Kg",126,HIGH,HS Code: 83024200,,,,Standard,1819.00,INR,HIGH,Qty: 1; Unit: Pc; PU: 1,500,
Hettich,Linear Drawer System: ArciTech,Actro Runners - 40 kg,9239288,"Actro runner, 500 mm R - 40 Kg",126,HIGH,HS Code: 83024200,,,,Standard,1819.00,INR,HIGH,Qty: 1; Unit: Pc; PU: 1,500,
Hettich,Linear Drawer System: ArciTech,Actro Runners - 40 kg,9239293,"Actro runner, 550 mm L - 40 Kg",126,HIGH,HS Code: 83024200,,,,Standard,1819.00,INR,HIGH,Qty: 1; Unit: Pc; PU: 1,550,
Hettich,Linear Drawer System: ArciTech,Actro Runners - 40 kg,9239294,"Actro runner, 550 mm R - 40 Kg",126,HIGH,HS Code: 83024200,,,,Standard,1819.00,INR,HIGH,Qty: 1; Unit: Pc; PU: 1,550,
Hettich,Linear Drawer System: ArciTech,Actro Runners - 70 kg,9239285,"Actro runner, 450 mm L - 70 Kg",126,HIGH,HS Code: 83024200,,,,Standard,2355.00,INR,HIGH,Qty: 1; Unit: Pc; PU: 1,450,
Hettich,Linear Drawer System: ArciTech,Actro Runners - 70 kg,9239286,"Actro runner, 450 mm R - 70 Kg",126,HIGH,HS Code: 83024200,,,,Standard,2355.00,INR,HIGH,Qty: 1; Unit: Pc; PU: 1,450,
Hettich,Linear Drawer System: ArciTech,Actro Runners - 70 kg,9239289,"Actro runner, 500 mm L - 70 Kg",126,HIGH,HS Code: 83024200,,,,Standard,2355.00,INR,HIGH,Qty: 1; Unit: Pc; PU: 1,500,
Hettich,Linear Drawer System: ArciTech,Actro Runners - 70 kg,9239290,"Actro runner, 500 mm R - 70 Kg",126,HIGH,HS Code: 83024200,,,,Standard,2355.00,INR,HIGH,Qty: 1; Unit: Pc; PU: 1,500,
Hettich,Linear Drawer System: ArciTech,Actro Runners - 70 kg,9239295,"Actro runner, 550 mm L - 70 Kg",126,HIGH,HS Code: 83024200,,,,Standard,2355.00,INR,HIGH,Qty: 1; Unit: Pc; PU: 1,550,
Hettich,Linear Drawer System: ArciTech,Actro Runners - 70 kg,9239296,"Actro runner, 550 mm R - 70 Kg",126,HIGH,HS Code: 83024200,,,,Standard,2355.00,INR,HIGH,Qty: 1; Unit: Pc; PU: 1,550,
Hettich,Linear Drawer System: ArciTech,Actro Runners - 70 kg,9239301,"Actro runner, 650 mm L - 70 Kg",126,HIGH,HS Code: 83024200,,,,Standard,2575.00,INR,HIGH,Qty: 1; Unit: Pc; PU: 1,650,
Hettich,Linear Drawer System: ArciTech,Actro Runners - 70 kg,9239302,"Actro runner, 650 mm R - 70 Kg",126,HIGH,HS Code: 83024200,,,,Standard,2575.00,INR,HIGH,Qty: 1; Unit: Pc; PU: 1,650,
Hettich,Linear Drawer System: InnoTech Atira,InnoTech Atira Drawer System Silver Finish,9249736,"InnoTech Atira, Silver, H70 mm, D350 mm, 30 kgs",127,HIGH,HS Code: 83024200,,,,Silver,6502.00,INR,HIGH,Qty: 1; Unit: Set,350,
Hettich,Linear Drawer System: InnoTech Atira,InnoTech Atira Drawer System Silver Finish,9249738,"InnoTech Atira, Silver, H70 mm, D420 mm, 30 kgs",127,HIGH,HS Code: 83024200,,,,Silver,6472.00,INR,HIGH,Qty: 1; Unit: Set,420,
Hettich,Linear Drawer System: InnoTech Atira,InnoTech Atira Drawer System Silver Finish,9243194,"InnoTech Atira, Silver, H70 mm, D470 mm, 30 kgs",127,HIGH,HS Code: 83024200,,,,Silver,5904.00,INR,HIGH,Qty: 1; Unit: Set,470,
Hettich,Linear Drawer System: InnoTech Atira,InnoTech Atira Drawer System Silver Finish,9243195,"InnoTech Atira, Silver, H70 mm, D520 mm, 30 kgs",127,HIGH,HS Code: 83024200,,,,Silver,6174.00,INR,HIGH,Qty: 1; Unit: Set,520,
Hettich,Linear Drawer System: InnoTech Atira,InnoTech Atira Drawer System Silver Finish,9249741,"InnoTech Atira, Silver, H70 mm, D420 mm, 50 kgs",127,HIGH,HS Code: 83024200,,,,Silver,7684.00,INR,HIGH,Qty: 1; Unit: Set,420,
Hettich,Linear Drawer System: InnoTech Atira,InnoTech Atira Drawer System Silver Finish,9249744,"InnoTech Atira, Silver, H70 mm, D470 mm, 50 kgs",127,HIGH,HS Code: 83024200,,,,Silver,7088.00,INR,HIGH,Qty: 1; Unit: Set,470,
Hettich,Linear Drawer System: InnoTech Atira,InnoTech Atira Drawer System Silver Finish,9249747,"InnoTech Atira, Silver, H70 mm, D520 mm, 50 kgs",127,HIGH,HS Code: 83024200,,,,Silver,7374.00,INR,HIGH,Qty: 1; Unit: Set,520,
Hettich,Linear Drawer System: InnoTech Atira,InnoTech Atira Drawer System Silver Finish,9249740,"InnoTech Atira, Silver, H70 mm, D620 mm, 50 kgs",127,HIGH,HS Code: 83024200,,,,Silver,8308.00,INR,HIGH,Qty: 1; Unit: Set,620,
Hettich,Linear Drawer System: InnoTech Atira,InnoTech Atira Drawer System Silver Finish,9249735,"InnoTech Atira, Silver, H144 mm, D350 mm, 30 kgs",127,HIGH,HS Code: 83024200,,,,Silver,7432.00,INR,HIGH,Qty: 1; Unit: Set,350,
Hettich,Linear Drawer System: InnoTech Atira,InnoTech Atira Drawer System Silver Finish,9249737,"InnoTech Atira, Silver, H144 mm, D420 mm, 30 kgs",127,HIGH,HS Code: 83024200,,,,Silver,7402.00,INR,HIGH,Qty: 1; Unit: Set,420,
Hettich,Linear Drawer System: InnoTech Atira,InnoTech Atira Drawer System Silver Finish,9243196,"InnoTech Atira, Silver, H144 mm, D470 mm, 30 kgs",127,HIGH,HS Code: 83024200,,,,Silver,6834.00,INR,HIGH,Qty: 1; Unit: Set,470,
Hettich,Linear Drawer System: InnoTech Atira,InnoTech Atira Drawer System Silver Finish,9243197,"InnoTech Atira, Silver, H144 mm, D520 mm, 30 kgs",127,HIGH,HS Code: 83024200,,,,Silver,7104.00,INR,HIGH,Qty: 1; Unit: Set,520,
Hettich,Linear Drawer System: InnoTech Atira,InnoTech Atira Drawer System Silver Finish,9249743,"InnoTech Atira, Silver, H144 mm, D420 mm, 50 kgs",127,HIGH,HS Code: 83024200,,,,Silver,8614.00,INR,HIGH,Qty: 1; Unit: Set,420,
Hettich,Linear Drawer System: InnoTech Atira,InnoTech Atira Drawer System Silver Finish,9249745,"InnoTech Atira, Silver, H144 mm, D470 mm, 50 kgs",127,HIGH,HS Code: 83024200,,,,Silver,8018.00,INR,HIGH,Qty: 1; Unit: Set,470,
Hettich,Linear Drawer System: InnoTech Atira,InnoTech Atira Drawer System Silver Finish,9249746,"InnoTech Atira, Silver, H144 mm, D520 mm, 50 kgs",127,HIGH,HS Code: 83024200,,,,Silver,8304.00,INR,HIGH,Qty: 1; Unit: Set,520,
Hettich,Linear Drawer System: InnoTech Atira,InnoTech Atira Drawer System Silver Finish,9249739,"InnoTech Atira, Silver, H144 mm, D620 mm, 50 kgs",127,HIGH,HS Code: 83024200,,,,Silver,9238.00,INR,HIGH,Qty: 1; Unit: Set,620,
Hettich,Linear Drawer System: InnoTech Atira,InnoTech Atira Drawer System Silver Finish,9349937,"InnoTech Atira, Silver, H176 mm, D350 mm, 30 kgs",127,HIGH,HS Code: 83024200,,,,Silver,8160.00,INR,HIGH,Qty: 1; Unit: Set,350,
Hettich,Linear Drawer System: InnoTech Atira,InnoTech Atira Drawer System Silver Finish,9349938,"InnoTech Atira, Silver, H176 mm, D420 mm, 30 kgs",127,HIGH,HS Code: 83024200,,,,Silver,8130.00,INR,HIGH,Qty: 1; Unit: Set,420,
Hettich,Linear Drawer System: InnoTech Atira,InnoTech Atira Drawer System Silver Finish,9349939,"InnoTech Atira, Silver, H176 mm, D470 mm, 30 kgs",127,HIGH,HS Code: 83024200,,,,Silver,7562.00,INR,HIGH,Qty: 1; Unit: Set,470,
Hettich,Linear Drawer System: InnoTech Atira,InnoTech Atira Drawer System Silver Finish,9349940,"InnoTech Atira, Silver, H176 mm, D520 mm, 30 kgs",127,HIGH,HS Code: 83024200,,,,Silver,7832.00,INR,HIGH,Qty: 1; Unit: Set,520,
Hettich,Linear Drawer System: InnoTech Atira,InnoTech Atira Drawer System Silver Finish,9349941,"InnoTech Atira, Silver, H176 mm, D420 mm, 50 kgs",127,HIGH,HS Code: 83024200,,,,Silver,9342.00,INR,HIGH,Qty: 1; Unit: Set,420,
Hettich,Linear Drawer System: InnoTech Atira,InnoTech Atira Drawer System Silver Finish,9349942,"InnoTech Atira, Silver, H176 mm, D470 mm, 50 kgs",127,HIGH,HS Code: 83024200,,,,Silver,8746.00,INR,HIGH,Qty: 1; Unit: Set,470,
Hettich,Linear Drawer System: InnoTech Atira,InnoTech Atira Drawer System Silver Finish,9349948,"InnoTech Atira, Silver, H176 mm, D520 mm, 50 kgs",127,HIGH,HS Code: 83024200,,,,Silver,9032.00,INR,HIGH,Qty: 1; Unit: Set,520,
Hettich,Linear Drawer System: InnoTech Atira,InnoTech Atira Drawer System Silver Finish,9332372,InnoTech Atira Narrow Pullout (Height 70+144mm)/ 20 Kg/ Depth 470 mm,127,HIGH,HS Code: 83024200,,,,Silver,9528.00,INR,HIGH,Qty: 1; Unit: Set,470,
Hettich,Linear Drawer System: InnoTech Atira,InnoTech Atira Drawer System Anthracite Finish,9249710,"InnoTech Atira, Anthracite, H70 mm, D350 mm, 30 kgs",127,HIGH,HS Code: 83024200,,,,Anthracite,6502.00,INR,HIGH,Qty: 1; Unit: Set,350,
Hettich,Linear Drawer System: InnoTech Atira,InnoTech Atira Drawer System Anthracite Finish,9249712,"InnoTech Atira, Anthracite, H70 mm, D420 mm, 30 kgs",127,HIGH,HS Code: 83024200,,,,Anthracite,6472.00,INR,HIGH,Qty: 1; Unit: Set,420,
Hettich,Linear Drawer System: InnoTech Atira,InnoTech Atira Drawer System Anthracite Finish,9243202,"InnoTech Atira, Anthracite, H70 mm, D470 mm, 30 kgs",127,HIGH,HS Code: 83024200,,,,Anthracite,5904.00,INR,HIGH,Qty: 1; Unit: Set,470,
Hettich,Linear Drawer System: InnoTech Atira,InnoTech Atira Drawer System Anthracite Finish,9243203,"InnoTech Atira, Anthracite, H70, D520 mm, 30 kgs",127,HIGH,HS Code: 83024200,,,,Anthracite,6174.00,INR,HIGH,Qty: 1; Unit: Set,520,
Hettich,Linear Drawer System: InnoTech Atira,InnoTech Atira Drawer System Anthracite Finish,9249716,"InnoTech Atira, Anthracite, H70 mm, D420 mm, 50 kgs",127,LOW,,,,,Anthracite,7456.00,INR,LOW,,420,
Hettich,Linear Drawer System: InnoTech Atira,InnoTech Atira Drawer System Anthracite Finish,9249718,"InnoTech Atira, Anthracite, H70 mm, D470 mm, 50 kgs",127,HIGH,HS Code: 83024200,,,,Anthracite,7088.00,INR,HIGH,Qty: 1; Unit: Set,470,
Hettich,Linear Drawer System: InnoTech Atira,InnoTech Atira Drawer System Anthracite Finish,9249720,"InnoTech Atira, Anthracite, H70 mm, D520 mm, 50 kgs",127,HIGH,HS Code: 83024200,,,,Anthracite,7374.00,INR,HIGH,Qty: 1; Unit: Set,520,
Hettich,Linear Drawer System: InnoTech Atira,InnoTech Atira Drawer System Anthracite Finish,9249714,"InnoTech Atira, Anthracite, H70 mm, D620 mm, 50 kgs",127,HIGH,HS Code: 83024200,,,,Anthracite,8308.00,INR,HIGH,Qty: 1; Unit: Set,620,
Hettich,Linear Drawer System: InnoTech Atira,InnoTech Atira Drawer System Anthracite Finish,9249709,"InnoTech Atira, Anthracite, H144 mm, D350 mm, 30 kgs",127,HIGH,HS Code: 83024200,,,,Anthracite,7432.00,INR,HIGH,Qty: 1; Unit: Set,350,
Hettich,Linear Drawer System: InnoTech Atira,InnoTech Atira Drawer System Anthracite Finish,9249711,"InnoTech Atira, Anthracite, H144 mm, D420 mm, 30 kgs",127,HIGH,HS Code: 83024200,,,,Anthracite,7402.00,INR,HIGH,Qty: 1; Unit: Set,420,
Hettich,Linear Drawer System: InnoTech Atira,InnoTech Atira Drawer System Anthracite Finish,9243204,"InnoTech Atira, Anthracite, H144 mm, D470 mm, 30 kgs",127,HIGH,HS Code: 83024200,,,,Anthracite,6834.00,INR,HIGH,Qty: 1; Unit: Set,470,
Hettich,Linear Drawer System: InnoTech Atira,InnoTech Atira Drawer System Anthracite Finish,9243205,"InnoTech Atira, Anthracite, H144 mm, D520 mm, 30 kgs",127,HIGH,HS Code: 83024200,,,,Anthracite,7104.00,INR,HIGH,Qty: 1; Unit: Set,520,
Hettich,Linear Drawer System: InnoTech Atira,InnoTech Atira Drawer System Anthracite Finish,9249715,"InnoTech Atira, Anthracite, H144 mm, D420 mm, 50 kgs",127,HIGH,HS Code: 83024200,,,,Anthracite,8614.00,INR,HIGH,Qty: 1; Unit: Set,420,
Hettich,Linear Drawer System: InnoTech Atira,InnoTech Atira Drawer System Anthracite Finish,9249717,"InnoTech Atira, Anthracite, H144 mm, D470 mm, 50 kgs",127,HIGH,HS Code: 83024200,,,,Anthracite,8018.00,INR,HIGH,Qty: 1; Unit: Set,470,
Hettich,Linear Drawer System: InnoTech Atira,InnoTech Atira Drawer System Anthracite Finish,9249719,"InnoTech Atira, Anthracite, H144 mm, D520 mm, 50 kgs",127,HIGH,HS Code: 83024200,,,,Anthracite,8304.00,INR,HIGH,Qty: 1; Unit: Set,520,
Hettich,Linear Drawer System: InnoTech Atira,InnoTech Atira Drawer System Anthracite Finish,9249713,"InnoTech Atira, Anthracite, H144 mm, D620 mm, 50 kgs",127,HIGH,HS Code: 83024200,,,,Anthracite,9238.00,INR,HIGH,Qty: 1; Unit: Set,620,
Hettich,Linear Drawer System: InnoTech Atira,InnoTech Atira Drawer System Anthracite Finish,9349931,"InnoTech Atira, Anthracite, H176 mm, D350 mm, 30 kgs",127,HIGH,HS Code: 83024200,,,,Anthracite,8160.00,INR,HIGH,Qty: 1; Unit: Set,350,
Hettich,Linear Drawer System: InnoTech Atira,InnoTech Atira Drawer System Anthracite Finish,9349932,"InnoTech Atira, Anthracite, H176 mm, D420 mm, 30 kgs",127,HIGH,HS Code: 83024200,,,,Anthracite,8130.00,INR,HIGH,Qty: 1; Unit: Set,420,
Hettich,Linear Drawer System: InnoTech Atira,InnoTech Atira Drawer System Anthracite Finish,9349933,"InnoTech Atira, Anthracite, H176 mm, D470 mm, 30 kgs",127,HIGH,HS Code: 83024200,,,,Anthracite,7562.00,INR,HIGH,Qty: 1; Unit: Set,470,
Hettich,Linear Drawer System: InnoTech Atira,InnoTech Atira Drawer System Anthracite Finish,9349934,"InnoTech Atira, Anthracite, H176 mm, D520 mm, 30 kgs",127,HIGH,HS Code: 83024200,,,,Anthracite,7832.00,INR,HIGH,Qty: 1; Unit: Set,520,
Hettich,Linear Drawer System: InnoTech Atira,InnoTech Atira Drawer System Anthracite Finish,9349935,"InnoTech Atira, Anthracite, H176 mm, D420 mm, 50 kgs",127,HIGH,HS Code: 83024200,,,,Anthracite,9342.00,INR,HIGH,Qty: 1; Unit: Set,420,
Hettich,Linear Drawer System: InnoTech Atira,InnoTech Atira Drawer System Anthracite Finish,9349936,"InnoTech Atira, Anthracite, H176 mm, D470 mm, 50 kgs",127,HIGH,HS Code: 83024200,,,,Anthracite,8746.00,INR,HIGH,Qty: 1; Unit: Set,470,
Hettich,Linear Drawer System: InnoTech Atira,InnoTech Atira Drawer System Anthracite Finish,9349946,"InnoTech Atira, Anthracite, H176 mm, D520 mm, 50 kgs",127,HIGH,HS Code: 83024200,,,,Anthracite,9032.00,INR,HIGH,Qty: 1; Unit: Set,520,
Hettich,Linear Drawer System: InnoTech Atira,InnoTech Atira Drawer System Anthracite Finish,9332373,InnoTech Atira Narrow Pullout (Height 70+144mm)/ 20 Kg/ Depth 470 mm,127,HIGH,HS Code: 83024200,,,,Anthracite,9528.00,INR,HIGH,Qty: 1; Unit: Set,470,
Hettich,Linear Drawer System: InnoTech Atira,"InnoTech Atira - 350 mm (30 Kg) Full Extn. Silent, Drawer height 70 mm, Silver",9249736,Total Set,128,HIGH,HS Code: 83021090; BOM Total Set (component sub-rows priced separately on p.127 flat-list table),,,,Silver,6502.00,INR,HIGH,,350,
Hettich,Linear Drawer System: InnoTech Atira,"InnoTech Atira - 420 mm (30 Kg) Full Extn. Silent, Drawer height 70 mm, Silver",9249738,Total Set,128,HIGH,HS Code: 83021090; BOM Total Set (component sub-rows priced separately on p.127 flat-list table),,,,Silver,6472.00,INR,HIGH,,420,
Hettich,Linear Drawer System: InnoTech Atira,"InnoTech Atira - 470 mm (30 Kg) Full Extn. Silent, Drawer height 70 mm, Silver",9243194,Total Set,128,HIGH,HS Code: 83021090; BOM Total Set (component sub-rows priced separately on p.127 flat-list table),,,,Silver,5904.00,INR,HIGH,,470,
Hettich,Linear Drawer System: InnoTech Atira,"InnoTech Atira - 520 mm (30 Kg) Full Extn. Silent, Drawer height 70 mm, Silver",9243195,Total Set,128,HIGH,HS Code: 83021090; BOM Total Set (component sub-rows priced separately on p.127 flat-list table),,,,Silver,6174.00,INR,HIGH,,520,
Hettich,Linear Drawer System: InnoTech Atira,"InnoTech Atira - 420 mm (50 Kg) Full Extn. Silent, Drawer height 70 mm, Silver",9249741,Total Set,129,HIGH,HS Code: 83021090; BOM Total Set (component sub-rows priced separately on p.127 flat-list table),,,,Silver,7684.00,INR,HIGH,,420,
Hettich,Linear Drawer System: InnoTech Atira,"InnoTech Atira - 470 mm (50 Kg) Full Extn. Silent, Drawer height 70 mm, Silver",9249744,Total Set,129,HIGH,HS Code: 83021090; BOM Total Set (component sub-rows priced separately on p.127 flat-list table),,,,Silver,7088.00,INR,HIGH,,470,
Hettich,Linear Drawer System: InnoTech Atira,"InnoTech Atira - 520 mm (50 Kg) Full Extn. Silent, Drawer height 70 mm, Silver",9249747,Total Set,129,HIGH,HS Code: 83021090; BOM Total Set (component sub-rows priced separately on p.127 flat-list table),,,,Silver,7374.00,INR,HIGH,,520,
Hettich,Linear Drawer System: InnoTech Atira,"InnoTech Atira - 620 mm (50 Kg) Full Extn. Silent, Drawer height 70 mm, Silver",9249740,Total Set,129,HIGH,HS Code: 83021090; BOM Total Set (component sub-rows priced separately on p.127 flat-list table),,,,Silver,8308.00,INR,HIGH,,620,
Hettich,Linear Drawer System: InnoTech Atira,"InnoTech Atira - 350 mm (30 Kg) Full Extn. Silent, Pot & pan drawer with railing height 144 mm, Silver",9249735,Total Set,130,HIGH,HS Code: 83021090; BOM Total Set (component sub-rows priced separately on p.127 flat-list table),,,,Silver,7432.00,INR,HIGH,,350,
Hettich,Linear Drawer System: InnoTech Atira,"InnoTech Atira - 420 mm (30 Kg) Full Extn. Silent, Pot & pan drawer with railing height 144 mm, Silver",9249737,Total Set,130,HIGH,HS Code: 83021090; BOM Total Set (component sub-rows priced separately on p.127 flat-list table),,,,Silver,7402.00,INR,HIGH,,420,
Hettich,Linear Drawer System: InnoTech Atira,"InnoTech Atira - 470 mm (30 Kg) Full Extn. Silent, Pot & pan drawer with railing height 144 mm, Silver",9243196,Total Set,130,HIGH,HS Code: 83021090; BOM Total Set (component sub-rows priced separately on p.127 flat-list table),,,,Silver,6834.00,INR,HIGH,,470,
Hettich,Linear Drawer System: InnoTech Atira,"InnoTech Atira - 520 mm (30 Kg) Full Extn. Silent, Pot & pan drawer with railing height 144 mm, Silver",9243197,Total Set,131,HIGH,HS Code: 83021090; BOM Total Set (component sub-rows priced separately on p.127 flat-list table),,,,Silver,7104.00,INR,HIGH,,520,
Hettich,Linear Drawer System: InnoTech Atira,"InnoTech Atira - 420 mm (50 Kg) Full Extn. Silent, Pot & pan drawer with railing height 144 mm, Silver",9249743,Total Set,131,HIGH,HS Code: 83021090; BOM Total Set (component sub-rows priced separately on p.127 flat-list table),,,,Silver,8614.00,INR,HIGH,,420,
Hettich,Linear Drawer System: InnoTech Atira,"InnoTech Atira - 470 mm (50 Kg) Full Extn. Silent, Pot & pan drawer with railing height 144 mm, Silver",9249745,Total Set,131,HIGH,HS Code: 83021090; BOM Total Set (component sub-rows priced separately on p.127 flat-list table),,,,Silver,8018.00,INR,HIGH,,470,
Hettich,Linear Drawer System: InnoTech Atira,"InnoTech Atira - 520 mm (50 Kg) Full Extn. Silent, Pot & pan drawer with railing height 144 mm, Silver",9249746,Total Set,132,HIGH,HS Code: 83021090; BOM Total Set (component sub-rows priced separately on p.127 flat-list table),,,,Silver,8304.00,INR,HIGH,,520,
Hettich,Linear Drawer System: InnoTech Atira,"InnoTech Atira - 620 mm (50 Kg) Full Extn. Silent, Pot & pan drawer with railing height 144 mm, Silver",9249739,Total Set,132,HIGH,HS Code: 83021090; BOM Total Set (component sub-rows priced separately on p.127 flat-list table),,,,Silver,9238.00,INR,HIGH,,620,
Hettich,Linear Drawer System: InnoTech Atira,InnoTech Atira Narrow Pullout units NL 470 mm,9332372,InnoTech Atira Narrow Pullout (Height 70+144mm)/ Silver/ 20 Kg/ Depth 470 mm,132,HIGH,HS Code: 83021090; duplicate of code 9332372 already listed on p.127 flat-list (identical price),,,,Silver,9528.00,INR,HIGH,,470,
Hettich,Linear Drawer System: InnoTech Atira,"InnoTech Atira - 350 mm (30 Kg) Full Extn. Silent, Pot & pan drawer with railing height 176 mm, Silver",9349937,Total Set,133,HIGH,HS Code: 83021090; BOM Total Set (component sub-rows priced separately on p.127 flat-list table),,,,Silver,8160.00,INR,HIGH,,350,
Hettich,Linear Drawer System: InnoTech Atira,"InnoTech Atira - 420 mm (30 Kg) Full Extn. Silent, Pot & pan drawer with railing height 176 mm, Silver",9349938,Total Set,133,HIGH,HS Code: 83021090; BOM Total Set (component sub-rows priced separately on p.127 flat-list table),,,,Silver,8130.00,INR,HIGH,,420,
Hettich,Linear Drawer System: InnoTech Atira,"InnoTech Atira - 470 mm (30 Kg) Full Extn. Silent, Pot & pan drawer with railing height 176 mm, Silver",9349939,Total Set,133,HIGH,HS Code: 83021090; BOM Total Set (component sub-rows priced separately on p.127 flat-list table),,,,Silver,7562.00,INR,HIGH,,470,
Hettich,Linear Drawer System: InnoTech Atira,"InnoTech Atira - 520 mm (30 Kg) Full Extn. Silent, Pot & pan drawer with railing height 176 mm, Silver",9349940,Total Set,134,HIGH,HS Code: 83021090; BOM Total Set (component sub-rows priced separately on p.127 flat-list table),,,,Silver,7832.00,INR,HIGH,,520,
Hettich,Linear Drawer System: InnoTech Atira,"InnoTech Atira - 420 mm (50 Kg) Full Extn. Silent, Pot & pan drawer with railing height 176 mm, Silver",9349941,Total Set,134,HIGH,HS Code: 83021090; BOM Total Set (component sub-rows priced separately on p.127 flat-list table),,,,Silver,9342.00,INR,HIGH,,420,
Hettich,Linear Drawer System: InnoTech Atira,"InnoTech Atira - 470 mm (50 Kg) Full Extn. Silent, Pot & pan drawer with railing height 176 mm, Silver",9349942,Total Set,134,HIGH,HS Code: 83021090; BOM Total Set (component sub-rows priced separately on p.127 flat-list table),,,,Silver,8746.00,INR,HIGH,,470,
Hettich,Linear Drawer System: InnoTech Atira,"InnoTech Atira - 520 mm (50 Kg) Full Extn.Silent, Pot & pan drawer with railing height 176 mm, Silver",9349948,Total Set,135,HIGH,HS Code: 83021090; BOM Total Set (component sub-rows priced separately on p.127 flat-list table),,,,Silver,9032.00,INR,HIGH,,520,
Hettich,Linear Drawer System: InnoTech Atira,"InnoTech Atira - 350 mm (30 Kg) Full Extn. Silent, Drawer height 70 mm, Anthracite",9249710,Total Set,136,HIGH,HS Code: 83021090; BOM Total Set (component sub-rows priced separately on p.127 flat-list table),,,,Anthracite,6502.00,INR,HIGH,,350,
Hettich,Linear Drawer System: InnoTech Atira,"InnoTech Atira - 420 mm (30 Kg) Full Extn. Silent, Drawer height 70 mm, Anthracite",9249712,Total Set,136,HIGH,HS Code: 83021090; BOM Total Set (component sub-rows priced separately on p.127 flat-list table),,,,Anthracite,6472.00,INR,HIGH,,420,
Hettich,Linear Drawer System: InnoTech Atira,"InnoTech Atira - 470 mm (30 Kg) Full Extn. Silent, Drawer height 70 mm, Anthracite",9243202,Total Set,136,HIGH,HS Code: 83021090; BOM Total Set (component sub-rows priced separately on p.127 flat-list table),,,,Anthracite,5904.00,INR,HIGH,,470,
Hettich,Linear Drawer System: InnoTech Atira,"InnoTech Atira - 520 mm (30 Kg) Full Extn. Silent, Drawer height 70 mm, Anthracite",9243203,Total Set,136,HIGH,HS Code: 83021090; BOM Total Set (component sub-rows priced separately on p.127 flat-list table),,,,Anthracite,6174.00,INR,HIGH,,520,
Hettich,Linear Drawer System: InnoTech Atira,"InnoTech Atira - 420 mm (50 Kg) Full Extn. Silent, Drawer height 70 mm, Anthracite",9249716,Total Set,137,LOW,,,,,Anthracite,7684.00,INR,LOW,,420,
Hettich,Linear Drawer System: InnoTech Atira,"InnoTech Atira - 470 mm (50 Kg) Full Extn. Silent, Drawer height 70 mm, Anthracite",9249718,Total Set,137,HIGH,HS Code: 83021090; BOM Total Set (component sub-rows priced separately on p.127 flat-list table),,,,Anthracite,7088.00,INR,HIGH,,470,
Hettich,Linear Drawer System: InnoTech Atira,"InnoTech Atira - 520 mm (50 Kg) Full Extn. Silent, Drawer height 70 mm, Anthracite",9249720,Total Set,137,HIGH,HS Code: 83021090; BOM Total Set (component sub-rows priced separately on p.127 flat-list table),,,,Anthracite,7374.00,INR,HIGH,,520,
Hettich,Linear Drawer System: InnoTech Atira,"InnoTech Atira - 620 mm (50 Kg) Full Extn. Silent, Drawer height 70 mm, Anthracite",9249714,Total Set,137,HIGH,HS Code: 83021090; BOM Total Set (component sub-rows priced separately on p.127 flat-list table),,,,Anthracite,8308.00,INR,HIGH,,620,
Hettich,Linear Drawer System: InnoTech Atira,InnoTech Atira – 350 mm (30 Kg) Full Extn. Silent,9249709,Total Set,138,HIGH,HS Code: 83021090; BOM-Code Total Set row (drawer height 144 mm),,,,Anthracite,7432.00,INR,HIGH,,350,
Hettich,Linear Drawer System: InnoTech Atira,InnoTech Atira – 420 mm (30 Kg) Full Extn. Silent,9249711,Total Set,138,HIGH,HS Code: 83021090; BOM-Code Total Set row (drawer height 144 mm),,,,Anthracite,7402.00,INR,HIGH,,420,
Hettich,Linear Drawer System: InnoTech Atira,InnoTech Atira – 470 mm (30 Kg) Full Extn. Silent,9243204,Total Set,138,HIGH,HS Code: 83021090; BOM-Code Total Set row (drawer height 144 mm),,,,Anthracite,6834.00,INR,HIGH,,470,
Hettich,Linear Drawer System: InnoTech Atira,InnoTech Atira – 520 mm (30 Kg) Full Extn. Silent,9243205,Total Set,139,HIGH,HS Code: 83021090; BOM-Code Total Set row (drawer height 144 mm),,,,Anthracite,7104.00,INR,HIGH,,520,
Hettich,Linear Drawer System: InnoTech Atira,InnoTech Atira – 420 mm (50 Kg) Full Extn. Silent,9249715,Total Set,139,HIGH,HS Code: 83021090; BOM-Code Total Set row (drawer height 144 mm),,,,Anthracite,8614.00,INR,HIGH,,420,
Hettich,Linear Drawer System: InnoTech Atira,InnoTech Atira – 470 mm (50 Kg) Full Extn. Silent,9249717,Total Set,139,HIGH,HS Code: 83021090; BOM-Code Total Set row (drawer height 144 mm),,,,Anthracite,8018.00,INR,HIGH,,470,
Hettich,Linear Drawer System: InnoTech Atira,InnoTech Atira – 520 mm (50 Kg) Full Extn. Silent,9249719,Total Set,140,HIGH,HS Code: 83021090; BOM-Code Total Set row (drawer height 144 mm),,,,Anthracite,8304.00,INR,HIGH,,520,
Hettich,Linear Drawer System: InnoTech Atira,InnoTech Atira – 620 mm (50 Kg) Full Extn. Silent,9249713,Total Set,140,HIGH,HS Code: 83021090; BOM-Code Total Set row (drawer height 144 mm),,,,Anthracite,9238.00,INR,HIGH,,620,
Hettich,Linear Drawer System: InnoTech Atira,InnoTech Atira Narrow Pullout units NL 470 mm,9332373,InnoTech Atira Narrow Pullout (Height 70+144mm)/Anthracite/ 20 Kg/ Depth 470 mm,140,HIGH,HS Code: 83021090,,,,Anthracite,9528.00,INR,HIGH,Qty: 1; Unit: Set; PU: 1,470,
Hettich,Linear Drawer System: InnoTech Atira,InnoTech Atira – 350 mm (30 Kg) Full Extn. Silent,9349931,Total Set,141,HIGH,HS Code: 83021090; BOM-Code Total Set row (drawer height 176 mm),,,,Anthracite,8036.00,INR,HIGH,,350,
Hettich,Linear Drawer System: InnoTech Atira,InnoTech Atira – 420 mm (30 Kg) Full Extn. Silent,9349932,Total Set,141,HIGH,HS Code: 83021090; BOM-Code Total Set row (drawer height 176 mm),,,,Anthracite,8006.00,INR,HIGH,,420,
Hettich,Linear Drawer System: InnoTech Atira,InnoTech Atira – 470 mm (30 Kg) Full Extn. Silent,9349933,Total Set,141,HIGH,HS Code: 83021090; BOM-Code Total Set row (drawer height 176 mm),,,,Anthracite,7438.00,INR,HIGH,,470,
Hettich,Linear Drawer System: InnoTech Atira,InnoTech Atira – 520 mm (30 Kg) Full Extn. Silent,9349934,Total Set,142,HIGH,HS Code: 83021090; BOM-Code Total Set row (drawer height 176 mm),,,,Anthracite,7708.00,INR,HIGH,,520,
Hettich,Linear Drawer System: InnoTech Atira,InnoTech Atira – 420 mm (50 Kg) Full Extn. Silent,9349935,Total Set,142,HIGH,HS Code: 83021090; BOM-Code Total Set row (drawer height 176 mm),,,,Anthracite,9218.00,INR,HIGH,,420,
Hettich,Linear Drawer System: InnoTech Atira,InnoTech Atira – 470 mm (50 Kg) Full Extn. Silent,9349936,Total Set,142,HIGH,HS Code: 83021090; BOM-Code Total Set row (drawer height 176 mm),,,,Anthracite,8622.00,INR,HIGH,,470,
Hettich,Linear Drawer System: InnoTech Atira,InnoTech Atira – 520 mm (50 Kg) Full Extn. Silent,9349946,Total Set,143,HIGH,HS Code: 83021090; BOM-Code Total Set row (drawer height 176 mm),,,,Anthracite,8908.00,INR,HIGH,,520,
Hettich,Linear Drawer System: InnoTech Atira,InnoTech Atira Drawer Side Profile,9207690,"InnoTech Atira- 350 mm-Drawer side profile, L",144,HIGH,HS Code: 94039900,,,,Silver,1132.00,INR,HIGH,Qty: 1; Unit: Pc; PU: 1,350,
Hettich,Linear Drawer System: InnoTech Atira,InnoTech Atira Drawer Side Profile,9207696,"InnoTech Atira- 350 mm-Drawer side profile, R",144,HIGH,HS Code: 94039900,,,,Silver,1132.00,INR,HIGH,Qty: 1; Unit: Pc; PU: 1,350,
Hettich,Linear Drawer System: InnoTech Atira,InnoTech Atira Drawer Side Profile,9207697,"InnoTech Atira- 420 mm-Drawer side profile, L",144,HIGH,HS Code: 94039900,,,,Silver,1132.00,INR,HIGH,Qty: 1; Unit: Pc; PU: 1,420,
Hettich,Linear Drawer System: InnoTech Atira,InnoTech Atira Drawer Side Profile,9207699,"InnoTech Atira- 420 mm-Drawer side profile, R",144,HIGH,HS Code: 94039900,,,,Silver,1132.00,INR,HIGH,Qty: 1; Unit: Pc; PU: 1,420,
Hettich,Linear Drawer System: InnoTech Atira,InnoTech Atira Drawer Side Profile,9207700,"InnoTech Atira- 470 mm-Drawer side profile, L",144,HIGH,HS Code: 94039900,,,,Silver,1000.00,INR,HIGH,Qty: 1; Unit: Pc; PU: 1,470,
Hettich,Linear Drawer System: InnoTech Atira,InnoTech Atira Drawer Side Profile,9207702,"InnoTech Atira- 470 mm-Drawer side profile, R",144,HIGH,HS Code: 94039900,,,,Silver,1000.00,INR,HIGH,Qty: 1; Unit: Pc; PU: 1,470,
Hettich,Linear Drawer System: InnoTech Atira,InnoTech Atira Drawer Side Profile,9207703,"InnoTech Atira- 520 mm-Drawer side profile, L",144,HIGH,HS Code: 94039900,,,,Silver,1049.00,INR,HIGH,Qty: 1; Unit: Pc; PU: 1,520,
Hettich,Linear Drawer System: InnoTech Atira,InnoTech Atira Drawer Side Profile,9207704,"InnoTech Atira- 520 mm-Drawer side profile, R",144,HIGH,HS Code: 94039900,,,,Silver,1049.00,INR,HIGH,Qty: 1; Unit: Pc; PU: 1,520,
Hettich,Linear Drawer System: InnoTech Atira,InnoTech Atira Drawer Side Profile,9194402,"InnoTech Atira- 620 mm-Drawer side profile, L",144,HIGH,HS Code: 94039900,,,,Silver,1271.00,INR,HIGH,Qty: 1; Unit: Pc; PU: 1,620,
Hettich,Linear Drawer System: InnoTech Atira,InnoTech Atira Drawer Side Profile,9194403,"InnoTech Atira- 620 mm-Drawer side profile, R",144,HIGH,HS Code: 94039900,,,,Silver,1271.00,INR,HIGH,Qty: 1; Unit: Pc; PU: 1,620,
Hettich,Linear Drawer System: InnoTech Atira,InnoTech Atira Drawer Side Profile,9194422,"InnoTech Atira- 350 mm-Drawer side profile, L",144,HIGH,HS Code: 94039900,,,,Anthracite,1132.00,INR,HIGH,Qty: 1; Unit: Pc; PU: 1,350,
Hettich,Linear Drawer System: InnoTech Atira,InnoTech Atira Drawer Side Profile,9194423,"InnoTech Atira- 350 mm-Drawer side profile, R",144,HIGH,HS Code: 94039900,,,,Anthracite,1132.00,INR,HIGH,Qty: 1; Unit: Pc; PU: 1,350,
Hettich,Linear Drawer System: InnoTech Atira,InnoTech Atira Drawer Side Profile,9194424,"InnoTech Atira- 420 mm-Drawer side profile, L",144,HIGH,HS Code: 94039900,,,,Anthracite,1132.00,INR,HIGH,Qty: 1; Unit: Pc; PU: 1,420,
Hettich,Linear Drawer System: InnoTech Atira,InnoTech Atira Drawer Side Profile,9194425,"InnoTech Atira- 420 mm-Drawer side profile, R",144,HIGH,HS Code: 94039900,,,,Anthracite,1132.00,INR,HIGH,Qty: 1; Unit: Pc; PU: 1,420,
Hettich,Linear Drawer System: InnoTech Atira,InnoTech Atira Drawer Side Profile,9194426,"InnoTech Atira- 470 mm-Drawer side profile, L",144,HIGH,HS Code: 94039900,,,,Anthracite,1000.00,INR,HIGH,Qty: 1; Unit: Pc; PU: 1,470,
Hettich,Linear Drawer System: InnoTech Atira,InnoTech Atira Drawer Side Profile,9194427,"InnoTech Atira- 470 mm-Drawer side profile, R",144,HIGH,HS Code: 94039900,,,,Anthracite,1000.00,INR,HIGH,Qty: 1; Unit: Pc; PU: 1,470,
Hettich,Linear Drawer System: InnoTech Atira,InnoTech Atira Drawer Side Profile,9194428,"InnoTech Atira- 520 mm-Drawer side profile, L",144,HIGH,HS Code: 94039900,,,,Anthracite,1049.00,INR,HIGH,Qty: 1; Unit: Pc; PU: 1,520,
Hettich,Linear Drawer System: InnoTech Atira,InnoTech Atira Drawer Side Profile,9194429,"InnoTech Atira- 520 mm-Drawer side profile, R",144,HIGH,HS Code: 94039900,,,,Anthracite,1049.00,INR,HIGH,Qty: 1; Unit: Pc; PU: 1,520,
Hettich,Linear Drawer System: InnoTech Atira,InnoTech Atira Drawer Side Profile,9194430,"InnoTech Atira- 620 mm-Drawer side profile, L",144,HIGH,HS Code: 94039900,,,,Anthracite,1271.00,INR,HIGH,Qty: 1; Unit: Pc; PU: 1,620,
Hettich,Linear Drawer System: InnoTech Atira,InnoTech Atira Drawer Side Profile,9194431,"InnoTech Atira- 620 mm-Drawer side profile, R",144,HIGH,HS Code: 94039900,,,,Anthracite,1271.00,INR,HIGH,Qty: 1; Unit: Pc; PU: 1,620,
Hettich,Linear Drawer System: InnoTech Atira,Lengthwise Railing,9194526,"InnoTech Atira- 350 mm-Lengthwise Railing, L",144,HIGH,HS Code: 73269099,,,,Silver,387.00,INR,HIGH,Qty: 1; Unit: Pc; PU: 1,350,
Hettich,Linear Drawer System: InnoTech Atira,Lengthwise Railing,9194527,"InnoTech Atira- 350 mm-Lengthwise Railing, R",144,HIGH,HS Code: 73269099,,,,Silver,387.00,INR,HIGH,Qty: 1; Unit: Pc; PU: 1,350,
Hettich,Linear Drawer System: InnoTech Atira,Lengthwise Railing,9194528,"InnoTech Atira- 420 mm-Lengthwise Railing, L",144,HIGH,HS Code: 73269099,,,,Silver,387.00,INR,HIGH,Qty: 1; Unit: Pc; PU: 1,420,
Hettich,Linear Drawer System: InnoTech Atira,Lengthwise Railing,9194529,"InnoTech Atira- 420 mm-Lengthwise Railing, R",144,HIGH,HS Code: 73269099,,,,Silver,387.00,INR,HIGH,Qty: 1; Unit: Pc; PU: 1,420,
Hettich,Linear Drawer System: InnoTech Atira,Lengthwise Railing,9194530,"InnoTech Atira- 470 mm-Lengthwise Railing, L",144,HIGH,HS Code: 73269099,,,,Silver,387.00,INR,HIGH,Qty: 1; Unit: Pc; PU: 1,470,
Hettich,Linear Drawer System: InnoTech Atira,Lengthwise Railing,9194531,"InnoTech Atira- 470 mm-Lengthwise Railing, R",144,HIGH,HS Code: 73269099,,,,Silver,387.00,INR,HIGH,Qty: 1; Unit: Pc; PU: 1,470,
Hettich,Linear Drawer System: InnoTech Atira,Lengthwise Railing,9194532,"InnoTech Atira- 520 mm-Lengthwise Railing, L",144,HIGH,HS Code: 73269099,,,,Silver,387.00,INR,HIGH,Qty: 1; Unit: Pc; PU: 1,520,
Hettich,Linear Drawer System: InnoTech Atira,Lengthwise Railing,9194533,"InnoTech Atira- 520 mm-Lengthwise Railing, R",144,HIGH,HS Code: 73269099,,,,Silver,387.00,INR,HIGH,Qty: 1; Unit: Pc; PU: 1,520,
Hettich,Linear Drawer System: InnoTech Atira,Lengthwise Railing,9194534,"InnoTech Atira- 620 mm-Lengthwise Railing, L",144,HIGH,HS Code: 73269099,,,,Silver,387.00,INR,HIGH,Qty: 1; Unit: Pc; PU: 1,620,
Hettich,Linear Drawer System: InnoTech Atira,Lengthwise Railing,9194535,"InnoTech Atira- 620 mm-Lengthwise Railing, R",144,HIGH,HS Code: 73269099,,,,Silver,387.00,INR,HIGH,Qty: 1; Unit: Pc; PU: 1,620,
Hettich,Linear Drawer System: InnoTech Atira,Lengthwise Railing,9194554,"InnoTech Atira- 350 mm-Lengthwise Railing, L",144,HIGH,HS Code: 73269099,,,,Anthracite,387.00,INR,HIGH,Qty: 1; Unit: Pc; PU: 1,350,
Hettich,Linear Drawer System: InnoTech Atira,Lengthwise Railing,9194555,"InnoTech Atira- 350 mm-Lengthwise Railing, R",144,HIGH,HS Code: 73269099,,,,Anthracite,387.00,INR,HIGH,Qty: 1; Unit: Pc; PU: 1,350,
Hettich,Linear Drawer System: InnoTech Atira,Lengthwise Railing,9194556,"InnoTech Atira- 420 mm-Lengthwise Railing, L",144,HIGH,HS Code: 73269099,,,,Anthracite,387.00,INR,HIGH,Qty: 1; Unit: Pc; PU: 1,420,
Hettich,Linear Drawer System: InnoTech Atira,Lengthwise Railing,9194557,"InnoTech Atira- 420 mm-Lengthwise Railing, R",144,HIGH,HS Code: 73269099,,,,Anthracite,387.00,INR,HIGH,Qty: 1; Unit: Pc; PU: 1,420,
Hettich,Linear Drawer System: InnoTech Atira,Lengthwise Railing,9194558,"InnoTech Atira- 470 mm-Lengthwise Railing, L",144,HIGH,HS Code: 73269099,,,,Anthracite,387.00,INR,HIGH,Qty: 1; Unit: Pc; PU: 1,470,
Hettich,Linear Drawer System: InnoTech Atira,Lengthwise Railing,9194559,"InnoTech Atira- 470 mm-Lengthwise Railing, R",144,HIGH,HS Code: 73269099,,,,Anthracite,387.00,INR,HIGH,Qty: 1; Unit: Pc; PU: 1,470,
Hettich,Linear Drawer System: InnoTech Atira,Lengthwise Railing,9194560,"InnoTech Atira- 520 mm-Lengthwise Railing, L",144,HIGH,HS Code: 73269099,,,,Anthracite,387.00,INR,HIGH,Qty: 1; Unit: Pc; PU: 1,520,
Hettich,Linear Drawer System: InnoTech Atira,Lengthwise Railing,9194561,"InnoTech Atira- 520 mm-Lengthwise Railing, R",144,HIGH,HS Code: 73269099,,,,Anthracite,387.00,INR,HIGH,Qty: 1; Unit: Pc; PU: 1,520,
Hettich,Linear Drawer System: InnoTech Atira,Lengthwise Railing,9194562,"InnoTech Atira- 620 mm-Lengthwise Railing, L",144,HIGH,HS Code: 73269099,,,,Anthracite,387.00,INR,HIGH,Qty: 1; Unit: Pc; PU: 1,620,
Hettich,Linear Drawer System: InnoTech Atira,Lengthwise Railing,9194563,"InnoTech Atira- 620 mm-Lengthwise Railing, R",144,HIGH,HS Code: 73269099,,,,Anthracite,387.00,INR,HIGH,Qty: 1; Unit: Pc; PU: 1,620,
Hettich,Linear Drawer System: InnoTech Atira,Connector,9002503,Railing Connector,145,HIGH,HS Code: 39269097,,,,Standard,46.00,INR,HIGH,Qty: 2; Unit: Pc; PU: 2,,
Hettich,Linear Drawer System: InnoTech Atira,Connector,1065191,Screw-On Front Connector,145,HIGH,HS Code: 39263000,,,,Standard,56.00,INR,HIGH,Qty: 2; Unit: Pc; PU: 2,,
Hettich,Linear Drawer System: InnoTech Atira,Rear Panel Connector,1062501,"Rear panel Connector 70 mm, L -Silver",145,HIGH,HS Code: 83024200,,,,Silver,284.00,INR,HIGH,Qty: 1; Unit: Pc; PU: 1,70,
Hettich,Linear Drawer System: InnoTech Atira,Rear Panel Connector,1062502,"Rear panel Connector 70 mm, R -Silver",145,HIGH,HS Code: 83024200,,,,Silver,284.00,INR,HIGH,Qty: 1; Unit: Pc; PU: 1,70,
Hettich,Linear Drawer System: InnoTech Atira,Rear Panel Connector,9007355,"Rear panel Connector 144 mm, L -Silver",145,HIGH,HS Code: 83024200,,,,Silver,339.00,INR,HIGH,Qty: 1; Unit: Pc; PU: 1,144,
Hettich,Linear Drawer System: InnoTech Atira,Rear Panel Connector,9007356,"Rear panel Connector 144 mm, R -Silver",145,HIGH,HS Code: 83024200,,,,Silver,339.00,INR,HIGH,Qty: 1; Unit: Pc; PU: 1,144,
Hettich,Linear Drawer System: InnoTech Atira,Rear Panel Connector,9027831,"Rear panel Connector 176 mm, L -Silver",145,HIGH,HS Code: 83024200,,,,Silver,703.00,INR,HIGH,Qty: 1; Unit: Pc; PU: 1,176,
Hettich,Linear Drawer System: InnoTech Atira,Rear Panel Connector,9027832,"Rear panel Connector 176 mm, R -Silver",145,HIGH,HS Code: 83024200,,,,Silver,703.00,INR,HIGH,Qty: 1; Unit: Pc; PU: 1,176,
Hettich,Linear Drawer System: InnoTech Atira,Rear Panel Connector,9194629,"Rear panel Connector 70 mm, L -Anthracite",145,HIGH,HS Code: 83024200,,,,Anthracite,284.00,INR,HIGH,Qty: 1; Unit: Pc; PU: 1,70,
Hettich,Linear Drawer System: InnoTech Atira,Rear Panel Connector,9194630,"Rear panel Connector 70 mm, R -Anthracite",145,HIGH,HS Code: 83024200,,,,Anthracite,284.00,INR,HIGH,Qty: 1; Unit: Pc; PU: 1,70,
Hettich,Linear Drawer System: InnoTech Atira,Rear Panel Connector,9194637,"Rear panel Connector 144 mm, L -Anthracite",145,HIGH,HS Code: 83024200,,,,Anthracite,339.00,INR,HIGH,Qty: 1; Unit: Pc; PU: 1,144,
Hettich,Linear Drawer System: InnoTech Atira,Rear Panel Connector,9194638,"Rear panel Connector 144 mm, R -Anthracite",145,HIGH,HS Code: 83024200,,,,Anthracite,339.00,INR,HIGH,Qty: 1; Unit: Pc; PU: 1,144,
Hettich,Linear Drawer System: InnoTech Atira,Rear Panel Connector,9194641,"Rear panel Connector 176 mm, L -Anthracite",145,HIGH,HS Code: 83024200,,,,Anthracite,641.00,INR,HIGH,Qty: 1; Unit: Pc; PU: 1,176,
Hettich,Linear Drawer System: InnoTech Atira,Rear Panel Connector,9194642,"Rear panel Connector 176 mm, R -Anthracite",145,HIGH,HS Code: 83024200,,,,Anthracite,641.00,INR,HIGH,Qty: 1; Unit: Pc; PU: 1,176,
Hettich,Linear Drawer System: InnoTech Atira,Cover Cap,9194646,Cover Cap Grey,145,HIGH,,,,,Silver,70.00,INR,HIGH,,,
Hettich,Linear Drawer System: InnoTech Atira,Cover Cap,9194648,Cover Cap Anthracite,145,HIGH,HS Code: 39269099,,,,Anthracite,70.00,INR,HIGH,Qty: 2; Unit: Pc; PU: 2,,
Hettich,Linear Drawer System: InnoTech Atira,Front Panel with Aluminium (Internal Drawer),9194764,Aluminium front panel 2000 mm Silver,146,HIGH,HS Code: 76109030,,,,Silver,9840.00,INR,HIGH,Qty: 1; Unit: Pc; PU: 1,,
Hettich,Linear Drawer System: InnoTech Atira,Front Panel with Aluminium (Internal Drawer),9194614,Railing for front panel 2000 mm Silver,146,HIGH,HS Code: 73269099,,,,Silver,1710.00,INR,HIGH,Qty: 1; Unit: Pc; PU: 30,,
Hettich,Linear Drawer System: InnoTech Atira,Front Panel with Aluminium (Internal Drawer),9104107,Connector for front panel 70 mm Silver,146,HIGH,HS Code: 39263090,,,,Silver,610.00,INR,HIGH,Qty: 1; Unit: Set; PU: 1,,
Hettich,Linear Drawer System: InnoTech Atira,Front Panel with Aluminium (Internal Drawer),9293516,Connector for front panel 144 mm Silver,146,HIGH,HS Code: 39263000,,,,Silver,1284.00,INR,HIGH,Qty: 1; Unit: Pc; PU: 1,,
Hettich,Linear Drawer System: InnoTech Atira,Front Panel with Aluminium (Internal Drawer),9206256,Adapter for lengthwise railing Silver,146,HIGH,HS Code: 83024200,,,,Silver,410.00,INR,HIGH,Qty: 1; Unit: Pc; PU: 80,,
Hettich,Linear Drawer System: InnoTech Atira,Front Panel with Aluminium (Internal Drawer),9194766,Aluminium front panel 2000 mm Anthracite,146,HIGH,HS Code: 76042990,,,,Anthracite,9840.00,INR,HIGH,Qty: 1; Unit: Pc; PU: 1,,
Hettich,Linear Drawer System: InnoTech Atira,Front Panel with Aluminium (Internal Drawer),9194616,Railing for front panel 2000 mm Anthracite,146,HIGH,HS Code: 73269099,,,,Anthracite,1867.00,INR,HIGH,Qty: 1; Unit: Pc; PU: 30,,
Hettich,Linear Drawer System: InnoTech Atira,Front Panel with Aluminium (Internal Drawer),9196349,Connector for front panel 70 mm Anthracite,146,HIGH,HS Code: 39263090,,,,Anthracite,720.00,INR,HIGH,Qty: 1; Unit: Set; PU: 1,,
Hettich,Linear Drawer System: InnoTech Atira,Front Panel with Aluminium (Internal Drawer),9293518,Connector for front panel 144 mm Anthracite,146,HIGH,HS Code: 39263000,,,,Anthracite,1284.00,INR,HIGH,Qty: 1; Unit: Pc; PU: 1,,
Hettich,Linear Drawer System: InnoTech Atira,Front Panel with Aluminium (Internal Drawer),9206258,Adapter for lengthwise railing Anthracite,146,HIGH,HS Code: 83024200,,,,Anthracite,410.00,INR,HIGH,Qty: 1; Unit: Pc; PU: 80,,
Hettich,Linear Drawer System: InnoTech Atira,Quadro V6,45310-L,Innotech- 350 mm -  Quadro-V6,146,HIGH,HS Code: 83024200,,,,Standard,1772.00,INR,HIGH,Qty: 1; Unit: Pc; PU: 1,350,
Hettich,Linear Drawer System: InnoTech Atira,Quadro V6,45310-R,Innotech- 350 mm  - Quadro-V6,146,HIGH,HS Code: 83024200,,,,Standard,1772.00,INR,HIGH,Qty: 1; Unit: Pc; PU: 1,350,
Hettich,Linear Drawer System: InnoTech Atira,Quadro V6,45311-L,InnoTech- 420 mm - Quadro-V6,146,HIGH,HS Code: 83024200,,,,Standard,1757.00,INR,HIGH,Qty: 1; Unit: Pc; PU: 1,420,
Hettich,Linear Drawer System: InnoTech Atira,Quadro V6,45311-R,InnoTech- 420 mm - Quadro-V6,146,HIGH,HS Code: 83024200,,,,Standard,1757.00,INR,HIGH,Qty: 1; Unit: Pc; PU: 1,420,
Hettich,Linear Drawer System: InnoTech Atira,Quadro V6,45312-L,InnoTech- 470 mm  - Quadro-V6,146,HIGH,HS Code: 83024200,,,,Standard,1605.00,INR,HIGH,Qty: 1; Unit: Pc; PU: 1,470,
Hettich,Linear Drawer System: InnoTech Atira,Quadro V6,45312-R,InnoTech- 470 mm  - Quadro-V6,146,HIGH,HS Code: 83024200,,,,Standard,1605.00,INR,HIGH,Qty: 1; Unit: Pc; PU: 1,470,
Hettich,Linear Drawer System: InnoTech Atira,Quadro V6,45313-L,InnoTech- 520 mm - Quadro-V6,146,HIGH,HS Code: 83024200,,,,Standard,1691.00,INR,HIGH,Qty: 1; Unit: Pc; PU: 1,520,
Hettich,Linear Drawer System: InnoTech Atira,Quadro V6,45313-R,InnoTech- 520 mm - Quadro-V6,146,HIGH,HS Code: 83024200,,,,Standard,1691.00,INR,HIGH,Qty: 1; Unit: Pc; PU: 1,520,
Hettich,Linear Drawer System: InnoTech Atira,Quadro V6+,48360-L,InnoTech- 420 mm - Quadro-V6+,146,HIGH,HS Code: 83024200,,,,Standard,2249.00,INR,HIGH,Qty: 1; Unit: Pc; PU: 1,420,
Hettich,Linear Drawer System: InnoTech Atira,Quadro V6+,48360-R,InnoTech- 420 mm - Quadro-V6+,146,HIGH,HS Code: 83024200,,,,Standard,2249.00,INR,HIGH,Qty: 1; Unit: Pc; PU: 1,420,
Hettich,Linear Drawer System: InnoTech Atira,Quadro V6+,48361-L,InnoTech- 470 mm  - Quadro-V6+,146,HIGH,HS Code: 83024200,,,,Standard,2197.00,INR,HIGH,Qty: 1; Unit: Pc; PU: 1,470,
Hettich,Linear Drawer System: InnoTech Atira,Quadro V6+,48361-R,InnoTech- 470 mm  - Quadro-V6+,146,HIGH,HS Code: 83024200,,,,Standard,2197.00,INR,HIGH,Qty: 1; Unit: Pc; PU: 1,470,
Hettich,Linear Drawer System: InnoTech Atira,Quadro V6+,48362-L,InnoTech- 520 mm - Quadro-V6+,146,HIGH,HS Code: 83024200,,,,Standard,2291.00,INR,HIGH,Qty: 1; Unit: Pc; PU: 1,520,
Hettich,Linear Drawer System: InnoTech Atira,Quadro V6+,48362-R,InnoTech- 520 mm - Quadro-V6+,146,HIGH,HS Code: 83024200,,,,Standard,2291.00,INR,HIGH,Qty: 1; Unit: Pc; PU: 1,520,
Hettich,Linear Drawer System: InnoTech Atira,Quadro V6+,40271-L,InnoTech- 620 mm - Quadro-V6+,146,HIGH,HS Code: 83024200,,,,Standard,2536.00,INR,HIGH,Qty: 1; Unit: Pc; PU: 1,620,
Hettich,Linear Drawer System: InnoTech Atira,Quadro V6+,40271-R,InnoTech- 620 mm - Quadro-V6+,146,HIGH,HS Code: 83024200,,,,Standard,2536.00,INR,HIGH,Qty: 1; Unit: Pc; PU: 1,620,
Hettich,Drawer System: InnoTech,InnoTech Drawer System Silver Finish,9243083,"InnoTech Silver NL-350 mm, Height 70 mm, 30 kg (Full ext. with silent system)",147,HIGH,HS Code: 83021090,,,,Silver,6502.00,INR,HIGH,Qty: 1; Unit: Set,350,
Hettich,Drawer System: InnoTech,InnoTech Drawer System Silver Finish,9243084,"InnoTech Silver NL-420 mm, Height 70 mm, 30 kg (Full ext. with silent system)",147,HIGH,HS Code: 83021090,,,,Silver,6472.00,INR,HIGH,Qty: 1; Unit: Set,420,
Hettich,Drawer System: InnoTech,InnoTech Drawer System Silver Finish,9243085,"InnoTech Silver NL-470 mm, Height 70 mm, 30 kg (Full ext. with silent system)",147,HIGH,HS Code: 83021090,,,,Silver,5904.00,INR,HIGH,Qty: 1; Unit: Set,470,
Hettich,Drawer System: InnoTech,InnoTech Drawer System Silver Finish,9243086,"InnoTech Silver NL-620 mm, Height 70 mm, 30 kg (Full ext. with silent system)",147,HIGH,HS Code: 83021090,,,,Silver,6174.00,INR,HIGH,Qty: 1; Unit: Set,620,
Hettich,Drawer System: InnoTech,InnoTech Drawer System Silver Finish,9243087,"InnoTech Silver NL-420 mm, Height 70 mm, 50 kg (Full ext. with silent system)",147,HIGH,HS Code: 83021090,,,,Silver,7316.00,INR,HIGH,Qty: 1; Unit: Set,420,
Hettich,Drawer System: InnoTech,InnoTech Drawer System Silver Finish,9243088,"InnoTech Silver NL-470 mm, Height 70 mm, 50 kg (Full ext. with silent system)",147,HIGH,HS Code: 83024200,,,,Silver,7088.00,INR,HIGH,Qty: 1; Unit: Set,470,
Hettich,Drawer System: InnoTech,InnoTech Drawer System Silver Finish,9243089,"InnoTech Silver NL-520 mm, Height 70 mm, 50 kg (Full ext. with silent system)",147,HIGH,HS Code: 83021090,,,,Silver,7374.00,INR,HIGH,Qty: 1; Unit: Set,520,
Hettich,Drawer System: InnoTech,InnoTech Drawer System Silver Finish,9243090,"InnoTech Silver NL-620 mm, Height 70 mm, 50 kg (Full ext. with silent system)",147,HIGH,HS Code: 83021090,,,,Silver,8308.00,INR,HIGH,Qty: 1; Unit: Set,620,
Hettich,Drawer System: InnoTech,InnoTech Drawer System Silver Finish,9321557,"InnoTech Silver NL-470 mm, Height 70 mm, 30 kg (Part ext. with silent system)",147,HIGH,HS Code: 83021090,,,,Silver,4654.00,INR,HIGH,Qty: 1; Unit: Set,470,
Hettich,Drawer System: InnoTech,InnoTech Drawer System Silver Finish,9243091,"InnoTech Silver NL-350 mm, Height 144 mm, 30 kg (Full ext. with silent system)",147,HIGH,HS Code: 83021090,,,,Silver,7432.00,INR,HIGH,Qty: 1; Unit: Set,350,
Hettich,Drawer System: InnoTech,InnoTech Drawer System Silver Finish,9243092,"InnoTech Silver NL-420 mm, Height 144 mm, 30 kg (Full ext. with silent system)",147,HIGH,HS Code: 83021090,,,,Silver,7402.00,INR,HIGH,Qty: 1; Unit: Set,420,
Hettich,Drawer System: InnoTech,InnoTech Drawer System Silver Finish,9243093,"InnoTech Silver NL-470 mm, Height 144 mm, 30 kg (Full ext. with silent system)",147,HIGH,HS Code: 83021090,,,,Silver,6834.00,INR,HIGH,Qty: 1; Unit: Set,470,
Hettich,Drawer System: InnoTech,InnoTech Drawer System Silver Finish,9243094,"InnoTech Silver NL-520 mm, Height 144 mm, 30 kg (Full ext. with silent system)",147,HIGH,HS Code: 83021090,,,,Silver,7104.00,INR,HIGH,Qty: 1; Unit: Set,520,
Hettich,Drawer System: InnoTech,InnoTech Drawer System Silver Finish,9243095,"InnoTech Silver NL-420 mm, Height 144 mm, 50 kg (Full ext. with silent system)",147,HIGH,HS Code: 83021090,,,,Silver,8614.00,INR,HIGH,Qty: 1; Unit: Set,420,
Hettich,Drawer System: InnoTech,InnoTech Drawer System Silver Finish,9243096,"InnoTech Silver NL-470 mm, Height 144 mm, 50 kg (Full ext. with silent system)",147,HIGH,HS Code: 83021090,,,,Silver,8018.00,INR,HIGH,Qty: 1; Unit: Set,470,
Hettich,Drawer System: InnoTech,InnoTech Drawer System Silver Finish,9243097,"InnoTech Silver NL-520 mm, Height 144 mm, 50 kg (Full ext. with silent system)",147,HIGH,HS Code: 83021090,,,,Silver,8304.00,INR,HIGH,Qty: 1; Unit: Set,520,
Hettich,Drawer System: InnoTech,InnoTech Drawer System Silver Finish,9243098,"InnoTech Silver NL-620 mm, Height 144 mm, 50 kg (Full ext. with silent system)",147,HIGH,HS Code: 83021090,,,,Silver,9238.00,INR,HIGH,Qty: 1; Unit: Set,620,
Hettich,Drawer System: InnoTech,InnoTech Drawer System Silver Finish,9321558,"InnoTech Silver NL-470 mm, Height 144 mm, 30 kg (Part ext. with silent system)",147,HIGH,HS Code: 83021090,,,,Silver,5584.00,INR,HIGH,Qty: 1; Unit: Set,470,
Hettich,Drawer System: InnoTech,InnoTech Drawer System Silver Finish,9346352,"InnoTech Silver NL-350 mm, Height 176 mm, 30 kg (Full ext. with silent system)",147,HIGH,HS Code: 94039010,,,,Silver,8160.00,INR,HIGH,Qty: 1; Unit: Set,350,
Hettich,Drawer System: InnoTech,InnoTech Drawer System Silver Finish,9346353,"InnoTech Silver NL-420 mm, Height 176 mm, 30 kg (Full ext. with silent system)",147,HIGH,HS Code: 94039010,,,,Silver,8130.00,INR,HIGH,Qty: 1; Unit: Set,420,
Hettich,Drawer System: InnoTech,InnoTech Drawer System Silver Finish,9346354,"InnoTech Silver NL-470 mm, Height 176 mm, 30 kg (Full ext. with silent system)",147,HIGH,HS Code: 94039010,,,,Silver,7562.00,INR,HIGH,Qty: 1; Unit: Set,470,
Hettich,Drawer System: InnoTech,InnoTech Drawer System Silver Finish,9346355,"InnoTech Silver NL-520 mm, Height 176 mm, 30 kg (Full ext. with silent system)",147,HIGH,HS Code: 94039010,,,,Silver,7832.00,INR,HIGH,Qty: 1; Unit: Set,520,
Hettich,Drawer System: InnoTech,InnoTech Drawer System Silver Finish,9346356,"InnoTech Silver NL-420 mm, Height 176 mm, 50 kg (Full ext. with silent system)",147,HIGH,HS Code: 94039010,,,,Silver,9342.00,INR,HIGH,Qty: 1; Unit: Set,420,
Hettich,Drawer System: InnoTech,InnoTech Drawer System Silver Finish,9346357,"InnoTech Silver NL-470 mm, Height 176 mm, 50 kg (Full ext. with silent system)",147,HIGH,HS Code: 94039010,,,,Silver,8746.00,INR,HIGH,Qty: 1; Unit: Set,470,
Hettich,Drawer System: InnoTech,InnoTech Drawer System Silver Finish,9346358,"InnoTech Silver NL-520 mm, Height 176 mm, 50 kg (Full ext. with silent system)",147,HIGH,HS Code: 94039010,,,,Silver,9032.00,INR,HIGH,Qty: 1; Unit: Set,520,
Hettich,Drawer System: InnoTech,InnoTech Drawer System Silver Finish,9346359,"InnoTech Silver NL-620 mm, Height 176 mm, 50 kg (Full ext. with silent system)",147,HIGH,HS Code: 94039010,,,,Silver,9966.00,INR,HIGH,Qty: 1; Unit: Set,620,
Hettich,Drawer System: InnoTech,InnoTech Drawer System Silver Finish,9346360,"InnoTech Silver NL-470 mm, Height 176 mm, 30 kg (Part ext. with silent system)",147,HIGH,HS Code: 94039010,,,,Silver,6312.00,INR,HIGH,Qty: 1; Unit: Set,470,
Hettich,Drawer System: InnoTech,InnoTech– 350 mm (30 Kg) Full Extn. Silent,9243083,Total Set,148,HIGH,HS Code: 83021090; BOM-Code Total Set row (Drawer height 70 mm),,,,Silver,6502.00,INR,HIGH,,350,
Hettich,Drawer System: InnoTech,InnoTech– 420 mm (30 Kg) Full Extn. Silent,9243084,Total Set,148,HIGH,HS Code: 83021090; BOM-Code Total Set row (Drawer height 70 mm),,,,Silver,6472.00,INR,HIGH,,420,
Hettich,Drawer System: InnoTech,InnoTech– 470 mm (30 Kg) Full Extn. Silent,9243085,Total Set,148,HIGH,HS Code: 83021090; BOM-Code Total Set row (Drawer height 70 mm),,,,Silver,5904.00,INR,HIGH,,470,
Hettich,Drawer System: InnoTech,InnoTech– 520 mm (30 Kg) Full Extn. Silent,9243086,Total Set,148,HIGH,HS Code: 83021090; BOM-Code Total Set row (Drawer height 70 mm),,,,Silver,6174.00,INR,HIGH,,520,
Hettich,Drawer System: InnoTech,InnoTech– 420 mm (50 Kg) Full Extn. Silent,9243087,Total Set,149,HIGH,HS Code: 83021090; BOM-Code Total Set row (Drawer height 70 mm),,,,Silver,7316.00,INR,HIGH,,420,
Hettich,Drawer System: InnoTech,InnoTech– 470 mm (50 Kg) Full Extn. Silent,9243088,Total Set,149,HIGH,HS Code: 83024200; BOM-Code Total Set row (Drawer height 70 mm),,,,Silver,7088.00,INR,HIGH,,470,
Hettich,Drawer System: InnoTech,InnoTech– 520 mm (50 Kg) Full Extn. Silent,9243089,Total Set,149,HIGH,HS Code: 83021090; BOM-Code Total Set row (Drawer height 70 mm),,,,Silver,7374.00,INR,HIGH,,520,
Hettich,Drawer System: InnoTech,InnoTech– 620 mm (50 Kg) Full Extn. Silent,9243090,Total Set,149,HIGH,HS Code: 83021090; BOM-Code Total Set row (Drawer height 70 mm),,,,Silver,8308.00,INR,HIGH,,620,
Hettich,Drawer System: InnoTech,InnoTech– 350 mm (30 Kg) Full Extn. Silent,9243091,Total Set,150,HIGH,"HS Code: 83021090; BOM-Code Total Set row (Pot & pan drawer with railing, height 144 mm)",,,,Silver,7432.00,INR,HIGH,,350,
Hettich,Drawer System: InnoTech,InnoTech– 420 mm (30 Kg) Full Extn. Silent,9243092,Total Set,150,HIGH,"HS Code: 83021090; BOM-Code Total Set row (Pot & pan drawer with railing, height 144 mm)",,,,Silver,7402.00,INR,HIGH,,420,
Hettich,Drawer System: InnoTech,InnoTech– 470 mm (30 Kg) Full Extn. Silent,9243093,Total Set,150,HIGH,"HS Code: 83021090; BOM-Code Total Set row (Pot & pan drawer with railing, height 144 mm)",,,,Silver,6834.00,INR,HIGH,,470,
Hettich,Drawer System: InnoTech,InnoTech– 520 mm (30 Kg) Full Extn. Silent,9243094,Total Set,150,HIGH,"HS Code: 83021090; BOM-Code Total Set row (Pot & pan drawer with railing, height 144 mm)",,,,Silver,7104.00,INR,HIGH,,520,
Hettich,Drawer System: InnoTech,InnoTech– 420 mm (50 Kg) Full Extn. Silent,9243095,Total Set,151,HIGH,"HS Code: 83021090; BOM-Code Total Set row (Pot & pan drawer with railing, height 144 mm)",,,,Silver,8614.00,INR,HIGH,,420,
Hettich,Drawer System: InnoTech,InnoTech– 470 mm (50 Kg) Full Extn. Silent,9243096,Total Set,151,HIGH,"HS Code: 83021090; BOM-Code Total Set row (Pot & pan drawer with railing, height 144 mm)",,,,Silver,8018.00,INR,HIGH,,470,
Hettich,Drawer System: InnoTech,InnoTech– 520 mm (50 Kg) Full Extn. Silent,9243097,Total Set,151,HIGH,"HS Code: 83021090; BOM-Code Total Set row (Pot & pan drawer with railing, height 144 mm)",,,,Silver,8304.00,INR,HIGH,,520,
Hettich,Drawer System: InnoTech,InnoTech– 620 mm (50 Kg) Full Extn. Silent,9243098,Total Set,151,HIGH,"HS Code: 83021090; BOM-Code Total Set row (Pot & pan drawer with railing, height 144 mm)",,,,Silver,9238.00,INR,HIGH,,620,
Hettich,Drawer System: InnoTech,InnoTech– 350 mm (30 Kg) Full Extn. Silent,9346352,Total Set,152,HIGH,"HS Code: 83021090; BOM-Code Total Set row (Pot & pan drawer with railing, height 176 mm)",,,,Silver,8160.00,INR,HIGH,,350,
Hettich,Drawer System: InnoTech,InnoTech– 420 mm (30 Kg) Full Extn. Silent,9346353,Total Set,152,HIGH,"HS Code: 83021090; BOM-Code Total Set row (Pot & pan drawer with railing, height 176 mm)",,,,Silver,8130.00,INR,HIGH,,420,
Hettich,Drawer System: InnoTech,InnoTech– 470 mm (30 Kg) Full Extn. Silent,9346354,Total Set,152,HIGH,"HS Code: 83021090; BOM-Code Total Set row (Pot & pan drawer with railing, height 176 mm)",,,,Silver,7562.00,INR,HIGH,,470,
Hettich,Drawer System: InnoTech,InnoTech– 520 mm (30 Kg) Full Extn. Silent,9346355,Total Set,152,HIGH,"HS Code: 83021090; BOM-Code Total Set row (Pot & pan drawer with railing, height 176 mm)",,,,Silver,7832.00,INR,HIGH,,520,
Hettich,Drawer System: InnoTech,InnoTech– 420 mm (50 Kg) Full Extn. Silent,9346356,Total Set,153,HIGH,"HS Code: 83021090; BOM-Code Total Set row (Pot & pan drawer with railing, height 176 mm)",,,,Silver,9342.00,INR,HIGH,,420,
Hettich,Drawer System: InnoTech,InnoTech– 470 mm (50 Kg) Full Extn. Silent,9346357,Total Set,153,HIGH,"HS Code: 83021090; BOM-Code Total Set row (Pot & pan drawer with railing, height 176 mm)",,,,Silver,8746.00,INR,HIGH,,470,
Hettich,Drawer System: InnoTech,InnoTech– 520 mm (50 Kg) Full Extn. Silent,9346358,Total Set,153,HIGH,"HS Code: 83021090; BOM-Code Total Set row (Pot & pan drawer with railing, height 176 mm)",,,,Silver,9032.00,INR,HIGH,,520,
Hettich,Drawer System: InnoTech,InnoTech– 620 mm (50 Kg) Full Extn. Silent,9346359,Total Set,153,HIGH,"HS Code: 83021090; BOM-Code Total Set row (Pot & pan drawer with railing, height 176 mm)",,,,Silver,9966.00,INR,HIGH,,620,
Hettich,Drawer System: InnoTech,Front Panel with Aluminium (Internal Drawer),9104108,"Aluminium front panel, 2000 mm, Silver",154,HIGH,HS Code: 76041090,,,,Silver,7832.00,INR,HIGH,Qty: 1; Unit: Pc; PU: 1,,
Hettich,Drawer System: InnoTech,Front Panel with Aluminium (Internal Drawer),1074009,"Railing for aluminium front, L 1140 mm, Silver",154,HIGH,HS Code: 73063011,,,,Silver,1144.00,INR,HIGH,Qty: 1; Unit: Pc; PU: 1,,
Hettich,Drawer System: InnoTech,Front Panel with Aluminium (Internal Drawer),9104107,"Connector for aluminium front panel, 70 mm",154,HIGH,HS Code: 39269097,,,,Silver,610.00,INR,HIGH,Qty: 1; Unit: Set; PU: 30,,
Hettich,Drawer System: InnoTech,Front Panel with Aluminium (Internal Drawer),9104118,"Connector for aluminium front panel, 144 mm",154,HIGH,HS Code: 39269097,,,,Silver,1153.00,INR,HIGH,Qty: 1; Unit: Set; PU: 1,,
Hettich,Drawer System: InnoTech,InnoTech Silver- 470 mm (25 Kg) Part Extn. Silent EB 9.5,9321557,Total Set,154,HIGH,HS Code: 83021090; BOM-Code Total Set row,,,,Silver,4654.00,INR,HIGH,,470,
Hettich,Drawer System: InnoTech,"InnoTech Silver, Pot & Pan- 470 mm (25 Kg) Part Extn. Silent EB 9.5",9321558,Total Set,154,HIGH,HS Code: 83021090; BOM-Code Total Set row,,,,Silver,5584.00,INR,HIGH,,470,
Hettich,Drawer System: InnoTech,"InnoTech Silver, Pot & Pan- 470 mm (25 Kg) Part Extn. Silent",9346360,Total Set,155,HIGH,HS Code: 83021090; BOM-Code Total Set row,,,,Silver,6312.00,INR,HIGH,,470,
Hettich,Drawer System: InnoTech,InnoTech TopSide,9079648,Universal Adapter Topside H144 Grey,155,HIGH,HS Code: 94039010,,,,Grey,950.00,INR,HIGH,Qty: 1; Unit: Set; PU: 1,,
Hettich,Drawer System: InnoTech,InnoTech DesignSide,9100889,"Grey, Float Glass+Adapters 470 mm",155,HIGH,HS Code: 70200080,,,,Grey,3483.00,INR,HIGH,Qty: 1; Unit: Set; PU: 1,470,
Hettich,Drawer System: InnoTech,InnoTech DesignSide,9100890,"Grey, Float Glass+Adapters 520 mm",155,HIGH,HS Code: 94039000,,,,Grey,4080.00,INR,HIGH,Qty: 1; Unit: Set; PU: 1,520,
Hettich,Drawer System: InnoTech,InnoTech DesignSide,9100878,Innotech Adapter for DesignSide,155,HIGH,HS Code: 70200080,,,,Standard,2080.00,INR,HIGH,Qty: 1; Unit: Set; PU: 1,,
Hettich,Drawer System: InnoTech,Anti-slip mat - Classic (5 m roll),9209533,Anti-slip Mat 470 Silver,155,HIGH,HS Code: 39269097; section is under overall banner 'Anti-slip mat for InnoTech'.,,,,Silver,7041.00,INR,HIGH,Qty: 1; Unit: Pc; PU: 1,470,
Hettich,Drawer System: InnoTech,Anti-slip mat - Classic (5 m roll),9209536,Anti-slip Mat 520 Silver,155,HIGH,HS Code: 39269097; section is under overall banner 'Anti-slip mat for InnoTech'.,,,,Silver,7170.00,INR,HIGH,Qty: 1; Unit: Pc; PU: 1,520,
Hettich,Drawer System: InnoTech,Anti-slip mat - Classic (5 m roll),9209568,Anti-slip Mat 620 Silver,155,HIGH,HS Code: 39269097; section is under overall banner 'Anti-slip mat for InnoTech'.,,,,Silver,9714.00,INR,HIGH,Qty: 1; Unit: Pc; PU: 1,620,
Hettich,Drawer System: InnoTech,Anti-slip mat - Classic (5 m roll),9209580,Anti-slip Mat 500 Anthracite,155,HIGH,HS Code: 39269097; section is under overall banner 'Anti-slip mat for InnoTech'.,,,,Anthracite,7111.00,INR,HIGH,Qty: 1; Unit: Pc; PU: 1,500,
Hettich,Drawer System: InnoTech,Anti-slip mat - Hard Chequered (5 m roll),9290039,Anti slip mat W5000 D470 Silver,155,HIGH,HS Code: 39181090; section is under overall banner 'Anti-slip mat for InnoTech'.,,,,Silver,2090.00,INR,HIGH,Qty: 1; Unit: Pc; PU: 1,470,
Hettich,Drawer System: InnoTech,Anti-slip mat - Hard Chequered (5 m roll),9290040,Anti slip mat W5000 D520 Silver,155,HIGH,HS Code: 39181090; section is under overall banner 'Anti-slip mat for InnoTech'.,,,,Silver,2290.00,INR,HIGH,Qty: 1; Unit: Pc; PU: 1,520,
Hettich,Drawer System: InnoTech,Anti-slip mat - Hard Chequered (5 m roll),9290051,Anti slip mat W5000 D470 Anthracite,155,HIGH,HS Code: 39181090; section is under overall banner 'Anti-slip mat for InnoTech'.,,,,Anthracite,2090.00,INR,HIGH,Qty: 1; Unit: Pc; PU: 1,470,
Hettich,Drawer System: InnoTech,Anti-slip mat - Hard Chequered (5 m roll),9290052,Anti slip mat W5000 D520 Anthracite,155,HIGH,HS Code: 39181090; section is under overall banner 'Anti-slip mat for InnoTech'.,,,,Anthracite,2290.00,INR,HIGH,Qty: 1; Unit: Pc; PU: 1,520,
Hettich,Drawer System: InnoTech,OrgaTray 440 Trimmable (Fixed Partition Cutlery) - Silver,9194924,"Tray width 501-600 mm, Depth 370 - 440 mm",156,HIGH,HS Code: 39249000,,,,Silver,800.00,INR,HIGH,Qty: 1; Unit: Pc; PU: 1,,
Hettich,Drawer System: InnoTech,OrgaTray 440 Trimmable (Fixed Partition Cutlery) - Silver,9194933,"Tray width 301-350 mm, depth 441 - 520 mm",156,HIGH,HS Code: 39249090,,,,Silver,580.00,INR,HIGH,Qty: 1; Unit: Pc; PU: 1,,
Hettich,Drawer System: InnoTech,OrgaTray 440 Trimmable (Fixed Partition Cutlery) - Silver,9194934,"Tray width 351-400 mm, Depth 441- 520 mm",156,HIGH,HS Code: 39249000,,,,Silver,600.00,INR,HIGH,Qty: 1; Unit: Pc; PU: 1,,
Hettich,Drawer System: InnoTech,OrgaTray 440 Trimmable (Fixed Partition Cutlery) - Silver,9194935,"Tray width 401-450 mm, Depth 441- 520 mm",156,HIGH,HS Code: 39249000,,,,Silver,630.00,INR,HIGH,Qty: 1; Unit: Pc; PU: 1,,
Hettich,Drawer System: InnoTech,OrgaTray 440 Trimmable (Fixed Partition Cutlery) - Silver,9194936,"Tray width 451-500 mm, Depth 441- 520 mm",156,HIGH,HS Code: 39249000,,,,Silver,700.00,INR,HIGH,Qty: 1; Unit: Pc; PU: 1,,
Hettich,Drawer System: InnoTech,OrgaTray 440 Trimmable (Fixed Partition Cutlery) - Silver,9194937,"Tray width 501-600 mm, Depth 441- 520 mm",156,HIGH,HS Code: 39249000,,,,Silver,830.00,INR,HIGH,Qty: 1; Unit: Pc; PU: 1,,
Hettich,Drawer System: InnoTech,OrgaTray 440 Trimmable (Fixed Partition Cutlery) - Silver,9194938,"Tray width 601-700 mm, Depth 441- 520 mm",156,HIGH,HS Code: 39249000,,,,Silver,1450.00,INR,HIGH,Qty: 1; Unit: Pc; PU: 1,,
Hettich,Drawer System: InnoTech,OrgaTray 440 Trimmable (Fixed Partition Cutlery) - Silver,9194939,"Tray width 701-800 mm, Depth 441- 520 mm",156,HIGH,HS Code: 39249000,,,,Silver,1590.00,INR,HIGH,Qty: 1; Unit: Pc; PU: 1,,
Hettich,Drawer System: InnoTech,OrgaTray 440 Trimmable (Fixed Partition Cutlery) - Silver,9194940,"Tray width 801-900 mm, Depth 441- 520 mm",156,HIGH,HS Code: 39249000,,,,Silver,1670.00,INR,HIGH,Qty: 1; Unit: Pc; PU: 1,,
Hettich,Drawer System: InnoTech,OrgaTray 440 Trimmable (Fixed Partition Cutlery) - Anthracite,9194995,"Tray width 301-350 mm, depth 441-520 mm",156,HIGH,HS Code: 39249090,,,,Anthracite,580.00,INR,HIGH,Qty: 1; Unit: Pc; PU: 1,,
Hettich,Drawer System: InnoTech,OrgaTray 440 Trimmable (Fixed Partition Cutlery) - Anthracite,9194996,"Tray width 351-400 mm, depth 441-520 mm",156,HIGH,HS Code: 39249000,,,,Anthracite,600.00,INR,HIGH,Qty: 1; Unit: Pc; PU: 1,,
Hettich,Drawer System: InnoTech,OrgaTray 440 Trimmable (Fixed Partition Cutlery) - Anthracite,9194997,"Tray width 401-450 mm, depth 441-520 mm",156,HIGH,HS Code: 39249000,,,,Anthracite,630.00,INR,HIGH,Qty: 1; Unit: Pc; PU: 1,,
Hettich,Drawer System: InnoTech,OrgaTray 440 Trimmable (Fixed Partition Cutlery) - Anthracite,9194998,"Tray width 451-500 mm, depth 441-520 mm",156,HIGH,HS Code: 39249000,,,,Anthracite,700.00,INR,HIGH,Qty: 1; Unit: Pc; PU: 1,,
Hettich,Drawer System: InnoTech,OrgaTray 440 Trimmable (Fixed Partition Cutlery) - Anthracite,9194999,"Tray width 501-600 mm, depth 441-520 mm",156,HIGH,HS Code: 39249000,,,,Anthracite,830.00,INR,HIGH,Qty: 1; Unit: Pc; PU: 1,,
Hettich,Drawer System: InnoTech,OrgaTray 440 Trimmable (Fixed Partition Cutlery) - Anthracite,9195000,"Tray width 601-700 mm, depth 441- 520 mm",156,HIGH,HS Code: 39249000,,,,Anthracite,1450.00,INR,HIGH,Qty: 1; Unit: Pc; PU: 1,,
Hettich,Drawer System: InnoTech,OrgaTray 440 Trimmable (Fixed Partition Cutlery) - Anthracite,9195001,"Tray width 701-800 mm, depth 441-520 mm",156,HIGH,HS Code: 39249000,,,,Anthracite,1590.00,INR,HIGH,Qty: 1; Unit: Pc; PU: 1,,
Hettich,Drawer System: InnoTech,OrgaTray 440 Trimmable (Fixed Partition Cutlery) - Anthracite,9195002,"Tray width 801-900 mm, depth 441-520 mm",156,HIGH,HS Code: 39249000,,,,Anthracite,1670.00,INR,HIGH,Qty: 1; Unit: Pc; PU: 1,,
Hettich,Drawer System: InnoTech,OrgaTray 440 Trimmable (Fixed Partition Cutlery) - Anthracite,9195004,"Tray width 1091-1150 mm, depth 441-520 mm",156,HIGH,HS Code: 39249000,,,,Anthracite,2355.00,INR,HIGH,Qty: 1; Unit: Pc; PU: 1,,
Hettich,Drawer System: InnoTech,Knife Holder & Spice Rack,9226100,Knife Holder,156,HIGH,HS Code: 94039900,,,,Standard,3320.00,INR,HIGH,Qty: 1; Unit: Pc; PU: 1,,
Hettich,Drawer System: InnoTech,Knife Holder & Spice Rack,9079207,Spice Rack,156,HIGH,HS Code: 44199090,,,,Standard,4680.00,INR,HIGH,Qty: 1; Unit: Pc; PU: 1,,
Hettich,Drawer System: InnoTech,OrgaTray 560 (Adjustable Partition Cutlery),13306,"For 470 mm depth, cab width 600 mm",156,HIGH,HS Code: 39249000,,,,Standard,2790.00,INR,HIGH,Qty: 1; Unit: Set; PU: 1,,
Hettich,Drawer System: InnoTech,OrgaTray 560 (Adjustable Partition Cutlery),13307,"For 470 mm depth, cab width 800 mm",156,HIGH,HS Code: 39249000,,,,Standard,5310.00,INR,HIGH,Qty: 1; Unit: Set; PU: 1,,
Hettich,Drawer System: InnoTech,OrgaTray 560 (Adjustable Partition Cutlery),13308,"For 470 mm depth, cab width 900 mm",156,HIGH,HS Code: 39249000,,,,Standard,5380.00,INR,HIGH,Qty: 1; Unit: Set; PU: 1,,
Hettich,Drawer System: InnoTech,OrgaTray 560 (Adjustable Partition Cutlery),13317,"For 520 mm depth, cab width 600 mm",156,HIGH,HS Code: 39249000,,,,Standard,2930.00,INR,HIGH,Qty: 1; Unit: Set; PU: 1,,
Hettich,Drawer System: InnoTech,OrgaTray 560 (Adjustable Partition Cutlery),13319,"For 520 mm depth, cab width 900 mm",156,HIGH,HS Code: 39249000,,,,Standard,5840.00,INR,HIGH,Qty: 1; Unit: Set; PU: 1,,
Hettich,Drawer System: InnoTech,OrgaTray 590 (Adjustable Partition Cutlery),9194891,"For 470 mm depth, cab width 600 mm",156,HIGH,HS Code: 39249000,,,,Standard,2340.00,INR,HIGH,Qty: 1; Unit: Set; PU: 1,,
Hettich,Drawer System: InnoTech,OrgaTray 590 (Adjustable Partition Cutlery),9194893,"For 470 mm depth, cab width 900 mm",156,HIGH,HS Code: 39249000,,,,Standard,4520.00,INR,HIGH,Qty: 1; Unit: Set; PU: 1,,
Hettich,Drawer System: InnoTech,OrgaTray 630 (Powder Coated Steel Cutlery),9288441,"For 470 mm depth, for cab width 400 mm & above",156,HIGH,HS Code: 73239900,,,,Standard,5152.00,INR,HIGH,Qty: 1; Unit: Set; PU: 1,,
Hettich,Drawer System: InnoTech,Lengthwise railing for wooden rear panel (Add on kit),1081333,470 mm,157,HIGH,HS Code: 73269098,,,,Standard,589.00,INR,HIGH,Qty: 1; Unit: Set; PU: 8,470,
Hettich,Drawer System: InnoTech,Lengthwise railing for wooden rear panel (Add on kit),1081335,520 mm,157,HIGH,HS Code: 73269098,,,,Standard,707.00,INR,HIGH,Qty: 1; Unit: Set; PU: 8,520,
Hettich,Drawer System: InnoTech,Lengthwise railing for wooden rear panel (Add on kit),1081337,620 mm,157,HIGH,HS Code: 73269098,,,,Standard,1230.00,INR,HIGH,Qty: 1; Unit: Set; PU: 1,620,
Hettich,Drawer System: InnoTech,Lengthwise railing for wooden rear panel (Add on kit),9002503,Front connector with Expanding socket,157,LOW,,,,,Standard,46.00,INR,LOW,,,
Hettich,Drawer System: InnoTech,Crosswise railing for Pot & Pan drawer,10016,Double railing kit 470 mm,157,HIGH,HS Code: 73269098,,,,Standard,2690.00,INR,HIGH,Qty: 1; Unit: Set; PU: 1,470,
Hettich,Drawer System: InnoTech,Crosswise railing for Pot & Pan drawer,10017,Double railing kit 520 mm,157,HIGH,HS Code: 94039010,,,,Standard,3015.00,INR,HIGH,Qty: 1; Unit: Set; PU: 1,520,
Hettich,Drawer System: InnoTech,Crosswise railing for Pot & Pan drawer,1074009,"Railing for aluminium front, L 1140 mm, Silver",157,HIGH,,,,,Silver,1144.00,INR,HIGH,,,
Hettich,Drawer System: InnoTech,Crosswise railing for Pot & Pan drawer,77925,Mount for crosswise railing,157,HIGH,Code kept as the Article No.,,,,Standard,36.00,INR,HIGH,Code kept as the Article No.,,
Hettich,Drawer System: InnoTech,Crosswise railing for Pot & Pan drawer,9014651,IT Orgastore flag gray,157,HIGH,HS Code: 39269097,,,,Grey,390.00,INR,HIGH,Qty: 1; Unit: Pc; PU: 20,,
Hettich,Drawer System: InnoTech,Innotech Drawer Side Profile,1062015,"InnoTech- 350 mm-Drawer side profile, L -Silver",157,HIGH,HS Code: 94039010,,,,Silver,1132.00,INR,HIGH,Qty: 1; Unit: Pc; PU: 1,350,
Hettich,Drawer System: InnoTech,Innotech Drawer Side Profile,1062016,"InnoTech- 350 mm-Drawer side profile, R -Silver",157,HIGH,HS Code: 94039010,,,,Silver,1132.00,INR,HIGH,Qty: 1; Unit: Pc; PU: 1,350,
Hettich,Drawer System: InnoTech,Innotech Drawer Side Profile,1062017,"InnoTech- 420 mm-Drawer side profile, L -Silver",157,HIGH,HS Code: 94039010,,,,Silver,1132.00,INR,HIGH,Qty: 1; Unit: Pc; PU: 1,420,
Hettich,Drawer System: InnoTech,Innotech Drawer Side Profile,1062018,"InnoTech- 420 mm-Drawer side profile, R -Silver",157,HIGH,HS Code: 94039010,,,,Silver,1132.00,INR,HIGH,Qty: 1; Unit: Pc; PU: 1,420,
Hettich,Drawer System: InnoTech,Innotech Drawer Side Profile,1062019,"InnoTech- 470 mm-Drawer side profile, L -Silver",157,HIGH,HS Code: 94039010,,,,Silver,1000.00,INR,HIGH,Qty: 1; Unit: Pc; PU: 1,470,
Hettich,Drawer System: InnoTech,Innotech Drawer Side Profile,1062020,"InnoTech- 470 mm-Drawer side profile, R -Silver",157,HIGH,HS Code: 94039010,,,,Silver,1000.00,INR,HIGH,Qty: 1; Unit: Pc; PU: 1,470,
Hettich,Drawer System: InnoTech,Innotech Drawer Side Profile,1062521,"InnoTech- 520 mm-Drawer side profile, L -Silver",157,HIGH,HS Code: 94039010,,,,Silver,1049.00,INR,HIGH,Qty: 1; Unit: Pc; PU: 1,520,
Hettich,Drawer System: InnoTech,Innotech Drawer Side Profile,1062522,"InnoTech- 520 mm-Drawer side profile, R -Silver",157,HIGH,HS Code: 94039010,,,,Silver,1049.00,INR,HIGH,Qty: 1; Unit: Pc; PU: 1,520,
Hettich,Drawer System: InnoTech,Innotech Drawer Side Profile,1077781,"InnoTech- 620 mm-Drawer side profile, L -Silver",157,HIGH,HS Code: 94039010,,,,Silver,1271.00,INR,HIGH,Qty: 1; Unit: Pc; PU: 1,620,
Hettich,Drawer System: InnoTech,Innotech Drawer Side Profile,1077782,"InnoTech- 620 mm-Drawer side profile, R -Silver",157,HIGH,HS Code: 94039010,,,,Silver,1271.00,INR,HIGH,Qty: 1; Unit: Pc; PU: 1,620,
Hettich,Drawer System: InnoTech,Longitudinal railing,1070630,InnoTech- 350 mm-Longitudinal Railing -Silver,157,HIGH,HS Code: 73269098,,,,Silver,387.00,INR,HIGH,Qty: 1; Unit: Pc; PU: 1,350,
Hettich,Drawer System: InnoTech,Longitudinal railing,1063675,InnoTech- 420 mm-Longitudinal Railing -Silver,157,HIGH,HS Code: 73269098,,,,Silver,387.00,INR,HIGH,Qty: 1; Unit: Pc; PU: 1,420,
Hettich,Drawer System: InnoTech,Longitudinal railing,1062394,InnoTech- 470 mm-Longitudinal Railing -Silver,157,LOW,,,,,Silver,387.00,INR,LOW,,470,
Hettich,Drawer System: InnoTech,Longitudinal railing,1063677,InnoTech- 520 mm-Longitudinal Railing -Silver,157,HIGH,HS Code: 73269098,,,,Silver,387.00,INR,HIGH,Qty: 1; Unit: Pc; PU: 1,520,
Hettich,Drawer System: InnoTech,Longitudinal railing,1077931,InnoTech- 620 mm-Longitudinal Railing -Silver,157,HIGH,HS Code: 73269098,,,,Silver,387.00,INR,HIGH,Qty: 1; Unit: Pc; PU: 1,620,
Hettich,Drawer System: InnoTech,Connector,9002503,Railing Connector,157,HIGH,HS Code: 39269097,,,,Standard,46.00,INR,HIGH,Qty: 2; Unit: Pc; PU: 2,,
Hettich,Drawer System: InnoTech,Connector,1065191,Screw-On Front Connector,157,HIGH,HS Code: 39263000,,,,Standard,56.00,INR,HIGH,Qty: 2; Unit: Pc; PU: 2,,
Hettich,Drawer System: InnoTech - Internal Accessories,Rear Panel Connector,1062501,"Rear panel Connector 70 mm, L -Silver",158,HIGH,HS Code 83024200,,,,Silver,284.00,INR,HIGH,"Qty 1, Unit Pc, PU 1",70,
Hettich,Drawer System: InnoTech - Internal Accessories,Rear Panel Connector,1062502,"Rear panel Connector 70 mm, R -Silver",158,HIGH,HS Code 83024200; Source text runs 'Connector70' without space,,,,Silver,284.00,INR,HIGH,"Qty 1, Unit Pc, PU 1",70,
Hettich,Drawer System: InnoTech - Internal Accessories,Rear Panel Connector,9007355,"Rear panel Connector 144 mm, L -Silver",158,HIGH,HS Code 83024200,,,,Silver,339.00,INR,HIGH,"Qty 1, Unit Pc, PU 1",144,
Hettich,Drawer System: InnoTech - Internal Accessories,Rear Panel Connector,9007356,"Rear panel Connector 144 mm, R -Silver",158,HIGH,HS Code 83024200,,,,Silver,339.00,INR,HIGH,"Qty 1, Unit Pc, PU 1",144,
Hettich,Drawer System: InnoTech - Internal Accessories,Rear Panel Connector,9027831,"Rear panel Connector 176 mm, L -Silver",158,HIGH,HS Code 83024200,,,,Silver,703.00,INR,HIGH,"Qty 1, Unit Pc, PU 1",176,
Hettich,Drawer System: InnoTech - Internal Accessories,Rear Panel Connector,9027832,"Rear panel Connector 176 mm, R -Silver",158,HIGH,HS Code 83024200,,,,Silver,703.00,INR,HIGH,"Qty 1, Unit Pc, PU 1",176,
Hettich,Drawer System: InnoTech - Internal Accessories,Cover Cap,9194646,Cover Cap Grey,158,HIGH,HS Code 39269097,,,,Grey,70.00,INR,HIGH,"Qty 2, Unit Pc, PU 2",,
Hettich,Drawer System: InnoTech - Internal Accessories,Quardro V6,45310-L,Innotech 350 mm - Quadro-V6,158,HIGH,HS Code 83024200; Typo in source: 'Innotech' vs 'InnoTech' elsewhere,,,,Standard,1772.00,INR,HIGH,"Qty 1, Unit Pc, PU 1",350,
Hettich,Drawer System: InnoTech - Internal Accessories,Quardro V6,45310-R,Innotech 350 mm - Quadro-V6,158,HIGH,HS Code 83024200,,,,Standard,1772.00,INR,HIGH,"Qty 1, Unit Pc, PU 1",350,
Hettich,Drawer System: InnoTech - Internal Accessories,Quardro V6,45311-L,InnoTech- 420 mm - Quadro-V6,158,HIGH,HS Code 83024200,,,,Standard,1757.00,INR,HIGH,"Qty 1, Unit Pc, PU 1",420,
Hettich,Drawer System: InnoTech - Internal Accessories,Quardro V6,45311-R,InnoTech- 420 mm - Quadro-V6,158,HIGH,HS Code 83024200,,,,Standard,1757.00,INR,HIGH,"Qty 1, Unit Pc, PU 1",420,
Hettich,Drawer System: InnoTech - Internal Accessories,Quardro V6,45312-L,InnoTech- 470 mm - Quadro-V6,158,HIGH,HS Code 83024200,,,,Standard,1605.00,INR,HIGH,"Qty 1, Unit Pc, PU 1",470,
Hettich,Drawer System: InnoTech - Internal Accessories,Quardro V6,45312-R,InnoTech- 470 mm - Quadro-V6,158,HIGH,HS Code 83024200,,,,Standard,1605.00,INR,HIGH,"Qty 1, Unit Pc, PU 1",470,
Hettich,Drawer System: InnoTech - Internal Accessories,Quardro V6,45313-L,InnoTech- 520 mm - Quadro-V6,158,HIGH,HS Code 83024200,,,,Standard,1691.00,INR,HIGH,"Qty 1, Unit Pc, PU 1",520,
Hettich,Drawer System: InnoTech - Internal Accessories,Quardro V6,45313-R,InnoTech- 520 mm - Quadro-V6,158,HIGH,HS Code 83024200,,,,Standard,1691.00,INR,HIGH,"Qty 1, Unit Pc, PU 1",520,
Hettich,Drawer System: InnoTech - Internal Accessories,Quardro V6+,48360-L,InnoTech- 420 mm - Quadro-V6+,158,HIGH,HS Code 83024200,,,,Standard,2249.00,INR,HIGH,"Qty 1, Unit Pc, PU 1",420,
Hettich,Drawer System: InnoTech - Internal Accessories,Quardro V6+,48360-R,InnoTech- 420 mm - Quadro-V6+,158,HIGH,HS Code 83024200,,,,Standard,2249.00,INR,HIGH,"Qty 1, Unit Pc, PU 1",420,
Hettich,Drawer System: InnoTech - Internal Accessories,Quardro V6+,48361-L,InnoTech- 470 mm - Quadro-V6+,158,HIGH,HS Code 83024200,,,,Standard,2197.00,INR,HIGH,"Qty 1, Unit Pc, PU 1",470,
Hettich,Drawer System: InnoTech - Internal Accessories,Quardro V6+,48361-R,InnoTech- 470 mm - Quadro-V6+,158,HIGH,HS Code 83024200,,,,Standard,2197.00,INR,HIGH,"Qty 1, Unit Pc, PU 1",470,
Hettich,Drawer System: InnoTech - Internal Accessories,Quardro V6+,48362-L,InnoTech- 520 mm - Quadro-V6+,158,HIGH,HS Code 83024200,,,,Standard,2291.00,INR,HIGH,"Qty 1, Unit Pc, PU 1",520,
Hettich,Drawer System: InnoTech - Internal Accessories,Quardro V6+,48362-R,InnoTech- 520 mm - Quadro-V6+,158,HIGH,HS Code 83024200,,,,Standard,2291.00,INR,HIGH,"Qty 1, Unit Pc, PU 1",520,
Hettich,Drawer System: InnoTech - Internal Accessories,Quardro V6+,40271-L,InnoTech- 620 mm - Quadro-V6+,158,HIGH,HS Code 83024200,,,,Standard,2536.00,INR,HIGH,"Qty 1, Unit Pc, PU 1",620,
Hettich,Drawer System: InnoTech - Internal Accessories,Quardro V6+,40271-R,InnoTech- 620 mm - Quadro-V6+,158,HIGH,HS Code 83024200,,,,Standard,2536.00,INR,HIGH,"Qty 1, Unit Pc, PU 1",620,
Hettich,Drawer System: InnoTech - Internal Accessories,Partial Extension,9158991,InnoTech- 470 mm - Quadro 25 - L,158,HIGH,HS Code 83024200,,,,Standard,980.00,INR,HIGH,"Qty 1, Unit Pc, PU 1",470,
Hettich,Drawer System: InnoTech - Internal Accessories,Partial Extension,9158993,InnoTech- 470 mm - Quadro 25 - R,158,HIGH,HS Code 83024200,,,,Standard,980.00,INR,HIGH,"Qty 1, Unit Pc, PU 1",470,
Hettich,Drawer System: InnoTech - Internal Accessories,PTO Full Extension 30 Kg,9143499,InnoTech- 470 mm - Quadro V6 EB 9.5,158,HIGH,HS Code 83024200,,,,Standard,4620.00,INR,HIGH,"Qty 1, Unit Set, PU 1",470,
Hettich,Drawer System: InnoTech - Internal Accessories,PTO Full Extension 30 Kg,9143500,InnoTech- 520 mm - Quadro V6 EB 9.5,158,HIGH,HS Code 83024200,,,,Standard,4670.00,INR,HIGH,"Qty 1, Unit Set, PU 1",520,
Hettich,New Kitchen Accessories,Lift Basket,9346278,Lift Basket 600mm (W x D x H) - 562 x 265 x 546 mm,159,HIGH,HS Code 83024200,,,,Iron Grey,22500.00,INR,HIGH,"Qty 1, Unit Pc, PU 1",600,
Hettich,New Kitchen Accessories,Lift Basket,9346280,Lift Basket 900mm (W x D x H) - 862 x 265 x 546 mm,159,HIGH,HS Code 83024200,,,,Iron Grey,24500.00,INR,HIGH,"Qty 1, Unit Pc, PU 1",900,
Hettich,New Kitchen Accessories,Magic Corner,9346281,Magic Corner (W x D x H) - 608 x 455 x 584 mm,159,HIGH,HS Code 83024200,,,,Iron Grey,28500.00,INR,HIGH,"Qty 1, Unit Pc, PU 1",,
Hettich,New Kitchen Accessories,Duo 6 Tier (Order frame and basket for making complete set),9346282,Duo 6 Tier 450 Frame (W x D x H) - 390 x 500 x 1860 mm,159,HIGH,HS Code 83024200,,,,Iron Grey,20500.00,INR,HIGH,"Qty 1, Unit Pc, PU 1",450,
Hettich,New Kitchen Accessories,Duo 6 Tier (Order frame and basket for making complete set),9347696,Duo 6 Tier 450 Basket (W x D x H) - 390 x 500 x 1860 mm,159,HIGH,HS Code 83024200,,,,Iron Grey,15500.00,INR,HIGH,"Qty 1, Unit Pc, PU 1",450,
Hettich,New Kitchen Accessories,Duo 6 Tier (Order frame and basket for making complete set),9346297,Duo 6 Tier 600 Frame (W x D x H) - 564 x 500 x 1860 mm,159,HIGH,HS Code 83024200,,,,Iron Grey,21700.00,INR,HIGH,"Qty 1, Unit Pc, PU 1",600,
Hettich,New Kitchen Accessories,Duo 6 Tier (Order frame and basket for making complete set),9347697,Duo 6 Tier 600 Basket (W x D x H) - 564 x 500 x 1860 mm,159,HIGH,HS Code 83024200,,,,Iron Grey,17500.00,INR,HIGH,"Qty 1, Unit Pc, PU 1",600,
Hettich,New Kitchen Accessories,Base Duo 2 Tier (Order frame and basket for making complete set),9346302,Base Duo 2 Tier 600 Frame (W x D x H) - 540 x 500 x 580 mm,159,HIGH,HS Code 83024200,,,,Iron Grey,16300.00,INR,HIGH,"Qty 1, Unit Pc, PU 1",600,
Hettich,New Kitchen Accessories,Base Duo 2 Tier (Order frame and basket for making complete set),9347698,Base Duo 2 Tier 600 Basket (W x D x H) - 540 x 500 x 580 mm,159,HIGH,HS Code 83024200,,,,Iron Grey,6100.00,INR,HIGH,"Qty 1, Unit Pc, PU 1",600,
Hettich,New Kitchen Accessories,Larder 6 Tier (Order frame and basket for making complete set),9346304,Larder 6 Tier 600 Frame (W x D x H) - 532 x 500 x 1828 mm,159,HIGH,HS Code 83024200,,,,Iron Grey,19100.00,INR,HIGH,"Qty 1, Unit Pc, PU 1",600,
Hettich,New Kitchen Accessories,Larder 6 Tier (Order frame and basket for making complete set),9347699,Larder 6 Tier 600 Basket (W x D x H) - 532 x 500 x 1828 mm,159,HIGH,HS Code 83024200,,,,Iron Grey,17300.00,INR,HIGH,"Qty 1, Unit Pc, PU 1",600,
Hettich,New Kitchen Accessories,Pull Outs,9346306,Pull Out 150 mm (W x D x H) - 108 x 461 x 603 mm,159,HIGH,HS Code 83024200,,,,Iron Grey,9500.00,INR,HIGH,"Qty 1, Unit Pc, PU 1",150,
Hettich,New Kitchen Accessories,Pull Outs,9346309,Pull Out 200 mm (W x D x H) - 158 x 461 x 603 mm,159,HIGH,HS Code 83024200,,,,Iron Grey,10100.00,INR,HIGH,"Qty 1, Unit Pc, PU 1",200,
Hettich,New Kitchen Accessories,Pull Outs,9346310,Pull Out 300 mm (W x D x H) - 258 x 461 x 603 mm,159,HIGH,HS Code 83024200,,,,Iron Grey,11000.00,INR,HIGH,"Qty 1, Unit Pc, PU 1",300,
Hettich,Cargo Black - Baskets,Cargo Black Plain Basket,9385904,Cargo Bl Plain Basket (386x500x100) Cab.450 mm,161,HIGH,HS Code 73239390,,,,Black,3028.00,INR,HIGH,"Qty 1, Unit Pc, PU 6",450,
Hettich,Cargo Black - Baskets,Cargo Black Plain Basket,9385905,Cargo Bl Plain Basket (386x500x150) Cab.450 mm,161,HIGH,HS Code 73239390,,,,Black,3534.00,INR,HIGH,"Qty 1, Unit Pc, PU 4",450,
Hettich,Cargo Black - Baskets,Cargo Black Plain Basket,9385906,Cargo Bl Plain Basket (386x500x200) Cab.450 mm,161,HIGH,HS Code 73239390,,,,Black,4097.00,INR,HIGH,"Qty 1, Unit Pc, PU 3",450,
Hettich,Cargo Black - Baskets,Cargo Black Plain Basket,9385907,Cargo Bl Plain Basket (436x500x100) Cab.500 mm,161,HIGH,HS Code 73239390,,,,Black,3197.00,INR,HIGH,"Qty 1, Unit Pc, PU 6",500,
Hettich,Cargo Black - Baskets,Cargo Black Plain Basket,9385908,Cargo Bl Plain Basket (436x500x150) Cab.500 mm,161,HIGH,HS Code 73239390,,,,Black,3759.00,INR,HIGH,"Qty 1, Unit Pc, PU 4",500,
Hettich,Cargo Black - Baskets,Cargo Black Plain Basket,9385909,Cargo Bl Plain Basket (436x500x200) Cab.500 mm,161,HIGH,HS Code 73239390,,,,Black,4322.00,INR,HIGH,"Qty 1, Unit Pc, PU 3",500,
Hettich,Cargo Black - Baskets,Cargo Black Plain Basket,9385910,Cargo Bl Plain Basket (486x500x100) Cab.550 mm,161,HIGH,HS Code 73239390,,,,Black,3422.00,INR,HIGH,"Qty 1, Unit Pc, PU 6",550,
Hettich,Cargo Black - Baskets,Cargo Black Plain Basket,9385911,Cargo Bl Plain Basket (486x500x150) Cab.550 mm,161,HIGH,HS Code 73239390,,,,Black,3984.00,INR,HIGH,"Qty 1, Unit Pc, PU 4",550,
Hettich,Cargo Black - Baskets,Cargo Black Plain Basket,9385912,Cargo Bl Plain Basket (486x500x200) Cab.550 mm,161,HIGH,HS Code 73239390,,,,Black,4547.00,INR,HIGH,"Qty 1, Unit Pc, PU 3",550,
Hettich,Cargo Black - Baskets,Cargo Black Plain Basket,9385913,Cargo Bl Plain Basket (536x500x100) Cab.600 mm,161,HIGH,HS Code 73239390,,,,Black,3591.00,INR,HIGH,"Qty 1, Unit Pc, PU 6",600,
Hettich,Cargo Black - Baskets,Cargo Black Plain Basket,9385914,Cargo Bl Plain Basket (536x500x150) Cab.600 mm,161,HIGH,HS Code 73239390,,,,Black,4209.00,INR,HIGH,"Qty 1, Unit Pc, PU 4",600,
Hettich,Cargo Black - Baskets,Cargo Black Plain Basket,9385915,Cargo Bl Plain Basket (536x500x200) Cab.600 mm,161,HIGH,HS Code 73239390,,,,Black,4772.00,INR,HIGH,"Qty 1, Unit Pc, PU 3",600,
Hettich,Cargo Black - Baskets,Cargo Black Plain Basket,9385916,Cargo Bl Plain Basket (836x500x100) Cab.900 mm,161,HIGH,HS Code 73239390,,,,Black,5109.00,INR,HIGH,"Qty 1, Unit Pc, PU 6",900,
Hettich,Cargo Black - Baskets,Cargo Black Plain Basket,9385917,Cargo Bl Plain Basket (836x500x150) Cab.900 mm,161,HIGH,HS Code 73239390,,,,Black,5897.00,INR,HIGH,"Qty 1, Unit Pc, PU 4",900,
Hettich,Cargo Black - Baskets,Cargo Black Plain Basket,9385918,Cargo Bl Plain Basket (836x500x200) Cab.900 mm,161,HIGH,HS Code 73239390,,,,Black,6684.00,INR,HIGH,"Qty 1, Unit Pc, PU 3",900,
Hettich,Cargo Black - Baskets,Cargo Black Thali Basket,9385931,Cargo Bl Thali Basket (386x500x200) Cab.450 mm,161,HIGH,HS Code 73239390,,,,Black,3984.00,INR,HIGH,"Qty 1, Unit Pc, PU 3",450,
Hettich,Cargo Black - Baskets,Cargo Black Thali Basket,9385932,Cargo Bl Thali Basket (436x500x200) Cab.500 mm,161,HIGH,HS Code 73239390,,,,Black,4434.00,INR,HIGH,"Qty 1, Unit Pc, PU 3",500,
Hettich,Cargo Black - Baskets,Cargo Black Thali Basket,9385933,Cargo Bl Thali Basket (486x500x200) Cab.550 mm,161,HIGH,HS Code 73239390,,,,Black,4659.00,INR,HIGH,"Qty 1, Unit Pc, PU 3",550,
Hettich,Cargo Black - Baskets,Cargo Black Thali Basket,9385934,Cargo Bl Thali Basket (536x500x200) Cab.600 mm,161,HIGH,HS Code 73239390,,,,Black,4884.00,INR,HIGH,"Qty 1, Unit Pc, PU 3",600,
Hettich,Cargo Black - Baskets,Cargo Black Thali Basket,9385935,Cargo Bl Thali Basket (836x500x200) Cab.900 mm,161,HIGH,HS Code 73239390,,,,Black,7575.00,INR,HIGH,"Qty 1, Unit Pc, PU 3",900,
Hettich,Cargo Black - Baskets,Cargo Black Cup & Saucer Basket,9385919,Cargo Bl C&S Basket (386x500x100) Cab.450 mm,161,HIGH,HS Code 73239390,,,,Black,3197.00,INR,HIGH,"Qty 1, Unit Pc, PU 6",450,
Hettich,Cargo Black - Baskets,Cargo Black Cup & Saucer Basket,9385920,Cargo Bl C&S Basket (436x500x100) Cab.500 mm,161,HIGH,HS Code 73239390,,,,Black,3366.00,INR,HIGH,"Qty 1, Unit Pc, PU 6",500,
Hettich,Cargo Black - Baskets,Cargo Black Cup & Saucer Basket,9385921,Cargo Bl C&S Basket (486x500x100) Cab.550 mm,161,HIGH,HS Code 73239390,,,,Black,3534.00,INR,HIGH,"Qty 1, Unit Pc, PU 6",550,
Hettich,Cargo Black - Baskets,Cargo Black Cup & Saucer Basket,9385922,Cargo Bl C&S Basket (536x500x100) Cab.600 mm,161,HIGH,HS Code 73239390,,,,Black,3759.00,INR,HIGH,"Qty 1, Unit Pc, PU 6",600,
Hettich,Cargo Black - Baskets,Cargo Black Cutlery Basket,9385923,Cargo Bl Cutlery Basket (386x500x100) Cab.450 mm,161,HIGH,HS Code 73239390,,,,Black,2138.00,INR,HIGH,"Qty 1, Unit Pc, PU 6",450,
Hettich,Cargo Black - Baskets,Cargo Black Cutlery Basket,9385924,Cargo Bl Cutlery Basket (436x500x100) Cab.500 mm,161,HIGH,HS Code 73239390,,,,Black,2363.00,INR,HIGH,"Qty 1, Unit Pc, PU 6",500,
Hettich,Cargo Black - Baskets,Cargo Black Cutlery Basket,9385925,Cargo Bl Cutlery Basket (486x500x100) Cab.550 mm,161,HIGH,HS Code 73239390,,,,Black,2475.00,INR,HIGH,"Qty 1, Unit Pc, PU 6",550,
Hettich,Cargo Black - Baskets,Cargo Black Cutlery Basket,9385926,Cargo Bl Cutlery Basket (536x500x100) Cab.600 mm,161,HIGH,HS Code 73239390,,,,Black,2531.00,INR,HIGH,"Qty 1, Unit Pc, PU 6",600,
Hettich,Cargo Black - Baskets,Cargo Black Plate Basket,9385927,Cargo Bl Plate Basket (386x500x150) Cab.450 mm,161,HIGH,HS Code 73239390,,,,Black,3816.00,INR,HIGH,"Qty 1, Unit Pc, PU 3",450,
Hettich,Cargo Black - Baskets,Cargo Black Plate Basket,9385928,Cargo Bl Plate Basket (436x500x150) Cab.500 mm,161,HIGH,HS Code 73239390,,,,Black,3984.00,INR,HIGH,"Qty 1, Unit Pc, PU 3",500,
Hettich,Cargo Black - Baskets,Cargo Black Plate Basket,9385929,Cargo Bl Plate Basket (486x500x150) Cab.550 mm,161,HIGH,HS Code 73239390,,,,Black,4209.00,INR,HIGH,"Qty 1, Unit Pc, PU 3",550,
Hettich,Cargo Black - Baskets,Cargo Black Plate Basket,9385930,Cargo Bl Plate Basket (536x500x150) Cab.600 mm,161,HIGH,HS Code 73239390,,,,Black,4434.00,INR,HIGH,"Qty 1, Unit Pc, PU 3",600,
Hettich,Cargo Black - Bottle Pull Out & Spice Pull Out,Cargo Black Spice pull Out,9385940,Cargo Black SPO (94x500x575) For Cab.150 mm,162,HIGH,HS Code 73239390,,,,Black,4547.00,INR,HIGH,"Qty 1, Unit Pc, PU 4",150,
Hettich,Cargo Black - Bottle Pull Out & Spice Pull Out,Cargo Black Spice pull Out,9385941,Cargo Black SPO (134x500x575) For Cab.200 mm,162,HIGH,HS Code 73239390,,,,Black,4997.00,INR,HIGH,"Qty 1, Unit Pc, PU 3",200,
Hettich,Cargo Black - Bottle Pull Out & Spice Pull Out,Cargo Black Spice pull Out,9385942,Cargo Black SPO (234x500x575) For Cab.300 mm,162,HIGH,HS Code 73239390,,,,Black,6009.00,INR,HIGH,"Qty 1, Unit Pc, PU 2",300,
Hettich,Cargo Black - Bottle Pull Out & Spice Pull Out,Cargo Black Bottle Pull Out,9385936,Cargo Black BPO (94x500x460) For Cab.150 mm,162,HIGH,HS Code 73239390,,,,Black,3309.00,INR,HIGH,"Qty 1, Unit Pc, PU 4",150,
Hettich,Cargo Black - Bottle Pull Out & Spice Pull Out,Cargo Black Bottle Pull Out,9385937,Cargo Black BPO (134x500x460) For Cab.200 mm,162,HIGH,HS Code 73239390,,,,Black,3647.00,INR,HIGH,"Qty 1, Unit Pc, PU 3",200,
Hettich,Cargo Black - Bottle Pull Out & Spice Pull Out,Cargo Black Bottle Pull Out,9385938,Cargo Black BPO (174x500x460) For Cab.240 mm,162,HIGH,HS Code 73239390,,,,Black,3872.00,INR,HIGH,"Qty 1, Unit Pc, PU 3",240,
Hettich,Cargo Black - Bottle Pull Out & Spice Pull Out,Cargo Black Bottle Pull Out,9385939,Cargo Black BPO (234x500x460) For Cab.300 mm,162,HIGH,HS Code 73239390,,,,Black,4322.00,INR,HIGH,"Qty 1, Unit Pc, PU 2",300,
Hettich,Cargo Black - Bottle Pull Out & Spice Pull Out,Clamps,9391704,Telescopic clamps,162,HIGH,HS Code 83024200,,,,Standard,90.00,INR,HIGH,"Qty 1, Unit Set, PU 1",,
Hettich,Cargo Black - Bottle Pull Out & Spice Pull Out,Clamps,9391705,Quadro Clamp - Premium Black,162,HIGH,HS Code 83024200,,,,Black,70.00,INR,HIGH,"Qty 1, Unit Set, PU 1",,
Hettich,CargoTech - Baskets & Inlets,CargoTech Plain Wire Basket (For 500 mm depth),9156381,"CargoTech Plain Wire Basket (386 x 500 x 100) Cab.450 mm (15"" x 20"" x 4"")",163,HIGH,HS Code 73239390,,,,Standard,3788.00,INR,HIGH,"Qty 1, Unit Pc, PU 6",450,
Hettich,CargoTech - Baskets & Inlets,CargoTech Plain Wire Basket (For 500 mm depth),9156383,"CargoTech Plain Wire Basket (386 x 500 x 150) Cab.450 mm (15"" x 20"" x 6"")",163,HIGH,HS Code 73239390,,,,Standard,4467.00,INR,HIGH,"Qty 1, Unit Pc, PU 4",450,
Hettich,CargoTech - Baskets & Inlets,CargoTech Plain Wire Basket (For 500 mm depth),9156384,"CargoTech Plain Wire Basket (386 x 500 x 200) Cab.450 mm (15"" x 20"" x 8"")",163,HIGH,HS Code 73239390,,,,Standard,5149.00,INR,HIGH,"Qty 1, Unit Pc, PU 3",450,
Hettich,CargoTech - Baskets & Inlets,CargoTech Plain Wire Basket (For 500 mm depth),9156385,"CargoTech Plain Wire Basket (436 x 500 x 100) Cab.500 mm (17"" x 20"" x 4"")",163,HIGH,HS Code 73239390,,,,Standard,4117.00,INR,HIGH,"Qty 1, Unit Pc, PU 6",500,
Hettich,CargoTech - Baskets & Inlets,CargoTech Plain Wire Basket (For 500 mm depth),9156386,"CargoTech Plain Wire Basket (436 x 500 x 150) Cab.500 mm (17"" x 20"" x 6"")",163,HIGH,HS Code 73239390,,,,Standard,4730.00,INR,HIGH,"Qty 1, Unit Pc, PU 4",500,
Hettich,CargoTech - Baskets & Inlets,CargoTech Plain Wire Basket (For 500 mm depth),9156387,"CargoTech Plain Wire Basket (436 x 500 x 200) Cab.500 mm (17"" x 20"" x 8"")",163,HIGH,HS Code 73239390,,,,Standard,5449.00,INR,HIGH,"Qty 1, Unit Pc, PU 3",500,
Hettich,CargoTech - Baskets & Inlets,CargoTech Plain Wire Basket (For 500 mm depth),9159547,"CargoTech Plain Wire Basket (486 x 500 x 100) Cab.550 mm (19"" x 20"" x 4"")",163,HIGH,HS Code 73239390,,,,Standard,4247.00,INR,HIGH,"Qty 1, Unit Pc, PU 6",550,
Hettich,CargoTech - Baskets & Inlets,CargoTech Plain Wire Basket (For 500 mm depth),9159548,"CargoTech Plain Wire Basket (486 x 500 x 150) Cab.550 mm (19"" x 20"" x 6"")",163,HIGH,HS Code 73239390,,,,Standard,4996.00,INR,HIGH,"Qty 1, Unit Pc, PU 4",550,
Hettich,CargoTech - Baskets & Inlets,CargoTech Plain Wire Basket (For 500 mm depth),9159549,"CargoTech Plain Wire Basket (486 x 500 x 200) Cab.550 mm (19"" x 20"" x 8"")",163,HIGH,HS Code 73239390,,,,Standard,5745.00,INR,HIGH,"Qty 1, Unit Pc, PU 3",550,
Hettich,CargoTech - Baskets & Inlets,CargoTech Plain Wire Basket (For 500 mm depth),9156388,"CargoTech Plain Wire Basket (536 x 500 x 100) Cab.600 mm (21"" x 20"" x 4"")",163,HIGH,HS Code 73239390,,,,Standard,4474.00,INR,HIGH,"Qty 1, Unit Pc, PU 6",600,
Hettich,CargoTech - Baskets & Inlets,CargoTech Plain Wire Basket (For 500 mm depth),9156389,"CargoTech Plain Wire Basket (536 x 500 x 150) Cab.600 mm (21"" x 20"" x 6"")",163,HIGH,HS Code 73239390,,,,Standard,5231.00,INR,HIGH,"Qty 1, Unit Pc, PU 4",600,
Hettich,CargoTech - Baskets & Inlets,CargoTech Plain Wire Basket (For 500 mm depth),9156390,"CargoTech Plain Wire Basket (536 x 500 x 200) Cab.600 mm (21"" x 20"" x 8"")",163,HIGH,HS Code 73239390,,,,Standard,6036.00,INR,HIGH,"Qty 1, Unit Pc, PU 3",600,
Hettich,CargoTech - Baskets & Inlets,CargoTech Plain Wire Basket (For 500 mm depth),9156391,"CargoTech Plain Wire Basket (836 x 500 x 100) Cab.900 mm (33"" x 20"" x 4"")",163,HIGH,HS Code 73239390,,,,Standard,6056.00,INR,HIGH,"Qty 1, Unit Pc, PU 6",900,
Hettich,CargoTech - Baskets & Inlets,CargoTech Plain Wire Basket (For 500 mm depth),9156392,"CargoTech Plain Wire Basket (836 x 500 x 150) Cab.900 mm (33"" x 20"" x 6"")",163,HIGH,HS Code 73239390,,,,Standard,7074.00,INR,HIGH,"Qty 1, Unit Pc, PU 4",900,
Hettich,CargoTech - Baskets & Inlets,CargoTech Plain Wire Basket (For 500 mm depth),9156393,"CargoTech Plain Wire Basket (836 x 500 x 200) Cab.900 mm (33"" x 20"" x 8"")",163,HIGH,HS Code 73239390,,,,Standard,8094.00,INR,HIGH,"Qty 1, Unit Pc, PU 3",900,
Hettich,CargoTech - Baskets & Inlets,CargoTech Inlets (for 500 mm depth),9156342,"Thali Inlet, height-200 mm",163,HIGH,HS Code 73239390,,,,Standard,1545.00,INR,HIGH,"Qty 1, Unit Pc, PU 5",200,
Hettich,CargoTech - Baskets & Inlets,CargoTech Inlets (for 500 mm depth),9156343,"Plate Inlet, height-200 mm",163,HIGH,HS Code 73239390,,,,Standard,1706.00,INR,HIGH,"Qty 1, Unit Pc, PU 5",200,
Hettich,CargoTech - Baskets & Inlets,CargoTech Inlets (for 500 mm depth),9156344,"Cup & Saucer Inlet, height 150 mm",163,HIGH,HS Code 73239390,,,,Standard,1625.00,INR,HIGH,"Qty 1, Unit Pc, PU 5",150,
Hettich,CargoTech - Baskets & Inlets,CargoTech Inlets (for 500 mm depth),9156345,"Saucer Inlet, height 100 mm",163,HIGH,HS Code 73239390,,,,Standard,1150.00,INR,HIGH,"Qty 1, Unit Pc, PU 10",100,
Hettich,CargoTech - Baskets & Inlets,CargoTech Inlets (for 500 mm depth),9156346,"Cup Inlet, height 100 mm",163,HIGH,HS Code 73239390,,,,Standard,1006.00,INR,HIGH,"Qty 1, Unit Pc, PU 10",100,
Hettich,CargoTech - Baskets & Inlets,CargoTech Inlets (for 500 mm depth),9156347,"Bottle Separator Inlet, height 200 mm",163,HIGH,HS Code 73239390,,,,Standard,568.00,INR,HIGH,"Qty 1, Unit Pc, PU 3",200,
Hettich,CargoTech - Baskets & Inlets,CargoTech Inlets (for 500 mm depth),9156408,"Basket Divider Inlet, height 100 mm",163,HIGH,HS Code 73239390,,,,Standard,790.00,INR,HIGH,"Qty 1, Unit Pc, PU 5",100,
Hettich,CargoTech - Baskets & Inlets,CargoTech Inlets (for 500 mm depth),9156409,"Basket Divider Inlet, height 150 mm",163,HIGH,HS Code 73239390,,,,Standard,863.00,INR,HIGH,"Qty 1, Unit Pc, PU 5",150,
Hettich,CargoTech - Baskets & Inlets,CargoTech Inlets (for 500 mm depth),9156410,"Basket Divider Inlet, height 200 mm",163,HIGH,HS Code 73239390,,,,Standard,1006.00,INR,HIGH,"Qty 1, Unit Pc, PU 5",200,
Hettich,CargoTech - Baskets & Inlets,CargoTech Inlets (for 500 mm depth),9190416,CT Cutlery Inlet for 500 mm depth- 100 mm,163,HIGH,HS Code 73239390,,,,Standard,1136.00,INR,HIGH,"Qty 1, Unit Pc, PU 10",100,
Hettich,CargoTech - Baskets & Inlets,CargoTech Inlets (for 500 mm depth),9190417,CT Cutlery Inlet for 500 mm depth- 144 mm,163,HIGH,HS Code 73239390,,,,Standard,1220.00,INR,HIGH,"Qty 1, Unit Pc, PU 10",144,
Hettich,CargoTech - Baskets & Inlets,Cargo Cutlery Basket,9279342,Cargo Cutlery Basket W 386 (386 x 500x 94),163,HIGH,HS Code 73239390,,,,Standard,3308.00,INR,HIGH,"Qty 1, Unit Pc, PU 1",386,
Hettich,CargoTech - Baskets & Inlets,Cargo Cutlery Basket,9275311,Cargo Cutlery Basket W 436 (436 x 500x 94),163,HIGH,HS Code 73239390,,,,Standard,3674.00,INR,HIGH,"Qty 1, Unit Pc, PU 1",436,
Hettich,CargoTech - Baskets & Inlets,Cargo Cutlery Basket,9275312,Cargo Cutlery Basket W 486 (486 x 500x 94),163,HIGH,HS Code 73239390,,,,Standard,3957.00,INR,HIGH,"Qty 1, Unit Pc, PU 1",486,
Hettich,CargoTech - Baskets & Inlets,Cargo Cutlery Basket,9270287,Cargo Cutlery Basket W 536 (536 x 500x 94),163,HIGH,HS Code 73239390,,,,Standard,4239.00,INR,HIGH,"Qty 1, Unit Pc, PU 1",536,
Hettich,CargoTech - Kitchen Accessories,Under Sink Basket Cargo Series,9190451,Under Sink Basket- 900 mm,164,HIGH,HS Code 73239390,,,,Standard,8933.00,INR,HIGH,"Qty 1, Unit Pc, PU 1",900,
Hettich,CargoTech - Kitchen Accessories,Detergent Holder Cargo Series,9197058,Detergent Holder Cargo Series (Recommended shutter width 450 mm),164,HIGH,HS Code 73239390,,,,Standard,2180.00,INR,HIGH,"Qty 1, Unit Set, PU 1",,
Hettich,CargoTech - Kitchen Accessories,Dish Drainer Set Cargo Series,9206160,Cargo Dish Drainer Set- 600 mm,164,HIGH,HS Code 73239390,,,,Standard,4899.00,INR,HIGH,"Qty 1, Unit Set, PU 1",600,
Hettich,CargoTech - Kitchen Accessories,Dish Drainer Set Cargo Series,9206161,Cargo Dish Drainer Set- 900 mm,164,HIGH,HS Code 73239390,,,,Standard,6820.00,INR,HIGH,"Qty 1, Unit Set, PU 1",900,
Hettich,CargoTech - Kitchen Accessories,Portable Dish Drainer,9267212,Cargo Portable Dish Drainer,164,HIGH,HS Code 73239390,,,,Standard,3000.00,INR,HIGH,"Qty 1, Unit Pc, PU 1",,
Hettich,CargoTech - Kitchen Accessories,Portable Dish Drainer,9190453,Collecting cargo PVC Tray 600 mm,164,HIGH,HS Code 39263090,,,,Standard,374.00,INR,HIGH,"Qty 1, Unit Pc, PU 1",600,
Hettich,CargoTech - Kitchen Accessories,Portable Dish Drainer,9267309,Acrylic sheet Portable Drainer,164,HIGH,HS Code 39263090,,,,Standard,600.00,INR,HIGH,"Qty 1, Unit Pc, PU 1",,
Hettich,CargoTech - Kitchen Accessories,Dish Drainer Set,9219096*,Dish Rack with Draining Board 600 mm,164,HIGH,HS Code 94039010,,,,Standard,5306.00,INR,HIGH,"Qty 1, Unit Set, PU 1",600,
Hettich,CargoTech - Kitchen Accessories,Pull Out Shelf - Wall unit,9209343,W 536 mm x D 250 mm x H 41 Cab.600 mm,164,HIGH,HS Code 73239390,,,,Standard,2811.00,INR,HIGH,"Qty 1, Unit Set, PU 2",600,
Hettich,CargoTech - Kitchen Accessories,Pull Out Shelf - Wall unit,9210437,W 686 mm x D 250 mm x H 41 Cab.750 mm,164,HIGH,HS Code 73239390,,,,Standard,3655.00,INR,HIGH,"Qty 1, Unit Set, PU 2",750,
Hettich,CargoTech - Kitchen Accessories,Pull Out Shelf - Wall unit,9209346,W 836 mm x D 250 mm x H 41 Cab.900 mm,164,HIGH,HS Code 73239390,,,,Standard,4375.00,INR,HIGH,"Qty 1, Unit Set, PU 2",900,
Hettich,CargoTech - Kitchen Accessories,Round Bin Holder Cargo Series,9210444,Round Bin Holder 200 Series,164,HIGH,HS Code 73239390,,,,Standard,1425.00,INR,HIGH,"Qty 1, Unit Pc, PU 1",,
Hettich,CargoTech - Kitchen Accessories,CargoTech Accessories,1180142,Clamps for KA,164,HIGH,HS Code 83024200,,,,Standard,56.00,INR,HIGH,"Qty 1, Unit Set, PU 1",,
Hettich,CargoTech - Kitchen Accessories,CargoTech Accessories,9160975,Clamps for Quadro,164,HIGH,HS Code 83024200,,,,Standard,56.00,INR,HIGH,"Qty 1, Unit Set, PU 1",,
Hettich,CargoTech - Kitchen Accessories,CargoTech Accessories,9200681,Cargo IQ 200 Series Clamp for Quadro Left Set,164,HIGH,HS Code 94039000,,,,Standard,161.00,INR,HIGH,"Qty 1, Unit Set, PU 1",,
Hettich,CargoTech - Kitchen Accessories,CargoTech Accessories,9200682,Cargo IQ 200 Series Clamp for Quadro Right Set,164,HIGH,HS Code 94039000,,,,Standard,161.00,INR,HIGH,"Qty 1, Unit Set, PU 1",,
Hettich,CargoTech - Kitchen Accessories,CargoTech Accessories,9162315,End Connector for inlets,164,HIGH,HS Code 83024200,,,,Standard,34.00,INR,HIGH,"Qty 1, Unit Set, PU 1",,
Hettich,CargoPlus - Baskets & Inlets,CargoPlus (CP) Supplied with clamps & side holder,9216602,"CP Plain W 312mm, For IT 470mm NL, Cab.450mm",165,HIGH,HS Code 73239390; Order along with IT 470/520 (runner range),,,,Standard,2213.00,INR,HIGH,"Qty 1, Unit Pc, PU 4",312,
Hettich,CargoPlus - Baskets & Inlets,CargoPlus (CP) Supplied with clamps & side holder,9216603,"CP Plain W 462mm, For IT 470mm NL, Cab.600mm",165,HIGH,HS Code 73239390; Order along with IT 470/520 (runner range),,,,Standard,2653.00,INR,HIGH,"Qty 1, Unit Pc, PU 4",462,
Hettich,CargoPlus - Baskets & Inlets,CargoPlus (CP) Supplied with clamps & side holder,9216604,"CP Plain W 762mm, For IT 470mm NL, Cab.900mm",165,HIGH,HS Code 73239390; Order along with IT 470/520 (runner range),,,,Standard,3911.00,INR,HIGH,"Qty 1, Unit Pc, PU 4",762,
Hettich,CargoPlus - Baskets & Inlets,CargoPlus (CP) Supplied with clamps & side holder,9216605,"CP Plain W 312mm, For IT 520mm NL, Cab.450mm",165,HIGH,HS Code 73239390; Order along with IT 470/520 (runner range),,,,Standard,2333.00,INR,HIGH,"Qty 1, Unit Pc, PU 4",312,
Hettich,CargoPlus - Baskets & Inlets,CargoPlus (CP) Supplied with clamps & side holder,9216606,"CP Plain W 462mm, For IT 520mm NL, Cab.600mm",165,HIGH,HS Code 73239390; Order along with IT 470/520 (runner range),,,,Standard,2827.00,INR,HIGH,"Qty 1, Unit Pc, PU 4",462,
Hettich,CargoPlus - Baskets & Inlets,CargoPlus (CP) Supplied with clamps & side holder,9216607,"CP Plain W 762mm, For IT 520mm NL, Cab.900mm",165,HIGH,HS Code 73239390; Order along with IT 470/520 (runner range),,,,Standard,4003.00,INR,HIGH,"Qty 1, Unit Pc, PU 4",762,
Hettich,CargoPlus - Baskets & Inlets,CargoPlus (Thali Inlets) Supplied with clamps & side holder,9216608,"CP Thali W 312mm, For IT 470mm NL, Cab.450mm",165,HIGH,HS Code 73239390; Order along with IT 470/520 (runner range),,,,Standard,2903.00,INR,HIGH,"Qty 1, Unit Pc, PU 3",312,
Hettich,CargoPlus - Baskets & Inlets,CargoPlus (Thali Inlets) Supplied with clamps & side holder,9216611,"CP Thali W 312mm, For IT 520mm NL, Cab.450mm",165,HIGH,HS Code 73239390; Order along with IT 470/520 (runner range),,,,Standard,2652.00,INR,HIGH,"Qty 1, Unit Pc, PU 3",312,
Hettich,CargoPlus - Baskets & Inlets,CargoPlus (Thali Inlets) Supplied with clamps & side holder,9216614,"CP Thali W 462mm, For IT 470mm NL, Cab.600mm",165,HIGH,HS Code 73239390; Order along with IT 470/520 (runner range),,,,Standard,3283.00,INR,HIGH,"Qty 1, Unit Pc, PU 3",462,
Hettich,CargoPlus - Baskets & Inlets,CargoPlus (Thali Inlets) Supplied with clamps & side holder,9216617,"CP Thali W 462mm, For IT 520mm NL, Cab.600mm",165,HIGH,HS Code 73239390; Order along with IT 470/520 (runner range),,,,Standard,3471.00,INR,HIGH,"Qty 1, Unit Pc, PU 3",462,
Hettich,CargoPlus - Baskets & Inlets,CargoPlus (Plate Inlets) Supplied with clamps & side holder,9216609,"CP Plate W 312mm, For IT 470mm NL, Cab.450mm",165,HIGH,HS Code 73239390; Order along with IT 470/520 (runner range),,,,Standard,2653.00,INR,HIGH,"Qty 1, Unit Pc, PU 4",312,
Hettich,CargoPlus - Baskets & Inlets,CargoPlus (Plate Inlets) Supplied with clamps & side holder,9216612,"CP Plate W 312mm, For IT 520mm NL, Cab.450mm",165,HIGH,HS Code 73239390; Order along with IT 470/520 (runner range),,,,Standard,2737.00,INR,HIGH,"Qty 1, Unit Pc, PU 4",312,
Hettich,CargoPlus - Baskets & Inlets,CargoPlus (Plate Inlets) Supplied with clamps & side holder,9216615,"CP Plate W 462mm, For IT 470mm NL, Cab.600mm",165,HIGH,HS Code 73239390; Order along with IT 470/520 (runner range),,,,Standard,3190.00,INR,HIGH,"Qty 1, Unit Pc, PU 4",462,
Hettich,CargoPlus - Baskets & Inlets,CargoPlus (Plate Inlets) Supplied with clamps & side holder,9216618,"CP Plate W 462mm, For IT 520mm NL, Cab.600mm",165,HIGH,HS Code 73239390; Order along with IT 470/520 (runner range),,,,Standard,3788.00,INR,HIGH,"Qty 1, Unit Pc, PU 4",462,
Hettich,CargoPlus - Baskets & Inlets,CargoPlus (Cup & Saucer Inlets) Supplied with clamps & side holder,9216610,"CP Cup & Saucer W 312mm, For IT 470mm NL, Cab.450mm",165,HIGH,HS Code 73239390; Order along with IT 470/520 (runner range),,,,Standard,2526.00,INR,HIGH,"Qty 1, Unit Pc, PU 6",312,
Hettich,CargoPlus - Baskets & Inlets,CargoPlus (Cup & Saucer Inlets) Supplied with clamps & side holder,9216613,"CP Cup & Saucer W 312mm, For IT 520mm NL, Cab.450mm",165,HIGH,HS Code 73239390; Order along with IT 470/520 (runner range),,,,Standard,2642.00,INR,HIGH,"Qty 1, Unit Pc, PU 6",312,
Hettich,CargoPlus - Baskets & Inlets,CargoPlus (Cup & Saucer Inlets) Supplied with clamps & side holder,9216616,"CP Cup & Saucer W 462mm, For IT 470mm NL, Cab.600mm",165,HIGH,HS Code 73239390; Order along with IT 470/520 (runner range),,,,Standard,3039.00,INR,HIGH,"Qty 1, Unit Pc, PU 6",462,
Hettich,CargoPlus - Baskets & Inlets,CargoPlus (Cup & Saucer Inlets) Supplied with clamps & side holder,9216619,"CP Cup & Saucer W 462mm, For IT 520mm NL, Cab.600mm",165,HIGH,HS Code 73239390; Order along with IT 470/520 (runner range),,,,Standard,3612.00,INR,HIGH,"Qty 1, Unit Pc, PU 6",462,
Hettich,CargoPlus - Baskets & Inlets,CargoPlus (Thali/Plate Inlets) Supplied with clamps & side holder,9216620,"CP Thali/Plate W 762mm, For IT 470mm NL, Cab.900mm",165,HIGH,HS Code 73239390; Order along with IT 470/520 (runner range),,,,Standard,4766.00,INR,HIGH,"Qty 1, Unit Pc, PU 3",762,
Hettich,CargoPlus - Baskets & Inlets,CargoPlus (Thali/Plate Inlets) Supplied with clamps & side holder,9216621,"CP Thali/Plate W 762mm, For IT 520mm NL, Cab.900mm",165,HIGH,HS Code 73239390; Order along with IT 470/520 (runner range),,,,Standard,5001.00,INR,HIGH,"Qty 1, Unit Pc, PU 3",762,
Hettich,CargoTech M - Baskets & Inlets,CargoTech M (Plain Wire Basket - 500 mm depth) Supplied with KA clamps,9190382,CTM Plain (386x500x100) Cab.450mm,166,HIGH,HS Code 73239390,,,,Standard,2500.00,INR,HIGH,"Qty 1, Unit Pc, PU 6",450,
Hettich,CargoTech M - Baskets & Inlets,CargoTech M (Plain Wire Basket - 500 mm depth) Supplied with KA clamps,9190383,CTM Plain (386x500x150) Cab.450mm,166,HIGH,HS Code 73239390,,,,Standard,3030.00,INR,HIGH,"Qty 1, Unit Pc, PU 4",450,
Hettich,CargoTech M - Baskets & Inlets,CargoTech M (Plain Wire Basket - 500 mm depth) Supplied with KA clamps,9190384,CTM Plain (386x500x200) Cab.450mm,166,HIGH,HS Code 73239390,,,,Standard,3445.00,INR,HIGH,"Qty 1, Unit Pc, PU 3",450,
Hettich,CargoTech M - Baskets & Inlets,CargoTech M (Plain Wire Basket - 500 mm depth) Supplied with KA clamps,9190385,CTM Plain (436x500x100) Cab.500mm,166,HIGH,HS Code 73239390,,,,Standard,2614.00,INR,HIGH,"Qty 1, Unit Pc, PU 6",500,
Hettich,CargoTech M - Baskets & Inlets,CargoTech M (Plain Wire Basket - 500 mm depth) Supplied with KA clamps,9190386,CTM Plain (436x500x150) Cab.500mm,166,HIGH,HS Code 73239390,,,,Standard,3086.00,INR,HIGH,"Qty 1, Unit Pc, PU 4",500,
Hettich,CargoTech M - Baskets & Inlets,CargoTech M (Plain Wire Basket - 500 mm depth) Supplied with KA clamps,9190387,CTM Plain (436x500x200) Cab.500mm,166,HIGH,HS Code 73239390,,,,Standard,3771.00,INR,HIGH,"Qty 1, Unit Pc, PU 3",500,
Hettich,CargoTech M - Baskets & Inlets,CargoTech M (Plain Wire Basket - 500 mm depth) Supplied with KA clamps,9190388,CTM Plain (486x500x100) Cab.550mm,166,HIGH,HS Code 73239390,,,,Standard,2748.00,INR,HIGH,"Qty 1, Unit Pc, PU 6",550,
Hettich,CargoTech M - Baskets & Inlets,CargoTech M (Plain Wire Basket - 500 mm depth) Supplied with KA clamps,9190389,CTM Plain (486x500x150) Cab.550mm,166,HIGH,HS Code 73239390,,,,Standard,3320.00,INR,HIGH,"Qty 1, Unit Pc, PU 4",550,
Hettich,CargoTech M - Baskets & Inlets,CargoTech M (Plain Wire Basket - 500 mm depth) Supplied with KA clamps,9190390,CTM Plain (486x500x200) Cab.550mm,166,HIGH,HS Code 73239390,,,,Standard,3942.00,INR,HIGH,"Qty 1, Unit Pc, PU 3",550,
Hettich,CargoTech M - Baskets & Inlets,CargoTech M (Plain Wire Basket - 500 mm depth) Supplied with KA clamps,9190401,CTM Plain (536x500x100) Cab.600mm,166,HIGH,HS Code 73239390,,,,Standard,2543.00,INR,HIGH,"Qty 1, Unit Pc, PU 6",600,
Hettich,CargoTech M - Baskets & Inlets,CargoTech M (Plain Wire Basket - 500 mm depth) Supplied with KA clamps,9190402,CTM Plain (536x500x150) Cab.600mm,166,HIGH,HS Code 73239390,,,,Standard,3053.00,INR,HIGH,"Qty 1, Unit Pc, PU 4",600,
Hettich,CargoTech M - Baskets & Inlets,CargoTech M (Plain Wire Basket - 500 mm depth) Supplied with KA clamps,9190403,CTM Plain (536x500x200) Cab.600mm,166,HIGH,HS Code 73239390,,,,Standard,3561.00,INR,HIGH,"Qty 1, Unit Pc, PU 3",600,
Hettich,CargoTech M - Baskets & Inlets,CargoTech M (Plain Wire Basket - 500 mm depth) Supplied with KA clamps,9190404,CTM Plain (836x500x100) Cab.900mm,166,HIGH,HS Code 73239390,,,,Standard,3759.00,INR,HIGH,"Qty 1, Unit Pc, PU 6",900,
Hettich,CargoTech M - Baskets & Inlets,CargoTech M (Plain Wire Basket - 500 mm depth) Supplied with KA clamps,9190405,CTM Plain (836x500x150) Cab.900mm,166,HIGH,HS Code 73239390,,,,Standard,4541.00,INR,HIGH,"Qty 1, Unit Pc, PU 4",900,
Hettich,CargoTech M - Baskets & Inlets,CargoTech M (Plain Wire Basket - 500 mm depth) Supplied with KA clamps,9190406,CTM Plain (836x500x200) Cab.900mm,166,HIGH,HS Code 73239390,,,,Standard,5385.00,INR,HIGH,"Qty 1, Unit Pc, PU 3",900,
Hettich,CargoTech M - Baskets & Inlets,CargoTech M (Thali Inlet) Supplied with KA clamps,9194315,CTM Thali (386x500x200) Cab.450mm,166,HIGH,HS Code 73239390,,,,Standard,3750.00,INR,HIGH,"Qty 1, Unit Pc, PU 3",450,
Hettich,CargoTech M - Baskets & Inlets,CargoTech M (Thali Inlet) Supplied with KA clamps,9194317,CTM Thali (436x500x200) Cab.500mm,166,HIGH,HS Code 73239390,,,,Standard,4059.00,INR,HIGH,"Qty 1, Unit Pc, PU 3",500,
Hettich,CargoTech M - Baskets & Inlets,CargoTech M (Thali Inlet) Supplied with KA clamps,9194319,CTM Thali (486x500x200) Cab.550mm,166,HIGH,HS Code 73239390,,,,Standard,4420.00,INR,HIGH,"Qty 1, Unit Pc, PU 3",550,
Hettich,CargoTech M - Baskets & Inlets,CargoTech M (Cup & Saucer Inlet) Supplied with KA clamps,9194314,CTM Cup & Saucer (386x500x100) Cab.450mm,166,HIGH,HS Code 73239390,,,,Standard,3127.00,INR,HIGH,"Qty 1, Unit Pc, PU 6",450,
Hettich,CargoTech M - Baskets & Inlets,CargoTech M (Saucer/Jar Inlet) Supplied with KA clamps,9194316,CTM Cup & Saucer/Jar (436x500x100) Cab.500mm,166,HIGH,HS Code 73239390,,,,Standard,3097.00,INR,HIGH,"Qty 1, Unit Pc, PU 6",500,
Hettich,CargoTech M - Baskets & Inlets,CargoTech M (Saucer/Jar Inlet) Supplied with KA clamps,9194318,CTM Cup & Saucer/Jar (486x500x100) Cab.550mm,166,HIGH,HS Code 73239390,,,,Standard,3763.00,INR,HIGH,"Qty 1, Unit Pc, PU 6",550,
Hettich,CargoTech M - Baskets & Inlets,CargoTech M (Saucer/Jar Inlet) Supplied with KA clamps,9194320,CTM Cup & Saucer/Jar (536x500x100) Cab.600mm,166,HIGH,HS Code 73239390,,,,Standard,3763.00,INR,HIGH,"Qty 1, Unit Pc, PU 6",600,
Hettich,CargoTech M - Baskets & Inlets,CargoTech M (Thali/Jar Inlet) Supplied with KA clamps,9194321,CTM Thali/Jar (536x500x200) Cab.600mm,166,HIGH,HS Code 73239390,,,,Standard,4521.00,INR,HIGH,"Qty 1, Unit Pc, PU 3",600,
Hettich,CargoTech M - Baskets & Inlets,CargoTech M (Thali/Plate/Jar Inlet) Supplied with KA clamps,9194322,CTM Thali/Plate/Jar (836x500x200) Cab.900mm,166,HIGH,HS Code 73239390,,,,Standard,6397.00,INR,HIGH,"Qty 1, Unit Pc, PU 3",900,
Hettich,Kitchen Accessories - Corner Storage Solutions,"Moving Corner for blind corner cabinet, 900/1000 mm width - Chrome Finish",9221242,Moving Corner Cargo Series set of 4 baskets - Chrome Finish,167,HIGH,HS Code 73239390,,,,Chrome,7821.00,INR,HIGH,"Qty 1, Unit Set, PU 1",,
Hettich,Kitchen Accessories - Corner Storage Solutions,"Moving Corner for blind corner cabinet, 900/1000 mm width - Chrome Finish",9221243,Moving Corner Cargo Series Right mechanism - Chrome Finish,167,HIGH,HS Code 94039010,,,,Chrome,38120.00,INR,HIGH,"Qty 1, Unit Set, PU 1",,
Hettich,Kitchen Accessories - Corner Storage Solutions,"Moving Corner for blind corner cabinet, 900/1000 mm width - Chrome Finish",9221244,Moving Corner Cargo Series Left mechanism - Chrome Finish,167,HIGH,HS Code 94039010,,,,Chrome,38120.00,INR,HIGH,"Qty 1, Unit Set, PU 1",,
Hettich,Kitchen Accessories - Corner Storage Solutions,"Moving Corner for blind corner cabinet, 900/1000 mm width - Anthracite Finish",9292190*,Moving Corner Cargo Series set of 4 baskets - Anthracite Finish,167,HIGH,HS Code 94039900; *Available till stock last; HS code differs from sibling mechanism rows (94039900 vs 94039010) - verify vs source,,,,Anthracite,31930.00,INR,HIGH,"Qty 1, Unit Set, PU 1",,
Hettich,Kitchen Accessories - Corner Storage Solutions,"Moving Corner for blind corner cabinet, 900/1000 mm width - Anthracite Finish",9292176*,Moving Corner Cargo Series Right mechanism - Anthracite Finish,167,HIGH,HS Code 94039010; *Available till stock last,,,,Anthracite,38120.00,INR,HIGH,"Qty 1, Unit Set, PU 1",,
Hettich,Kitchen Accessories - Corner Storage Solutions,"Moving Corner for blind corner cabinet, 900/1000 mm width - Anthracite Finish",9292177*,Moving Corner Cargo Series Left mechanism - Anthracite Finish,167,HIGH,HS Code 94039010; *Available till stock last,,,,Anthracite,38120.00,INR,HIGH,"Qty 1, Unit Set, PU 1",,
Hettich,Kitchen Accessories - Corner Storage Solutions,Carousel,70549,Carousel D-1/2 for O750 Arena Classic - Chrome Finish,167,HIGH,HS Code 94039010; SAP code 9083464 differs from Article No 70549,,,,Chrome,52440.00,INR,HIGH,"Qty 1, Unit Set, PU 1",,
Hettich,Kitchen Accessories - Corner Storage Solutions,Carousel,70550,Carousel D-1/2 for O850 Arena Classic - Chrome Finish,167,HIGH,HS Code 94039010; SAP code 9083480 differs from Article No 70550,,,,Chrome,56460.00,INR,HIGH,"Qty 1, Unit Set, PU 1",,
Hettich,Kitchen Accessories - Corner Storage Solutions,Carousel cargo series - Chrome Finish,9219462,Cargo 3/4 Carousel 2 Shelves 2 Flat Chrome White Base - Chrome Finish,167,HIGH,HS Code 94039010,,,,Chrome,32160.00,INR,HIGH,"Qty 1, Unit Set, PU 1",,
Hettich,Kitchen Accessories - Corner Storage Solutions,Carousel cargo series - Chrome Finish,9219465,Cargo 3/4 Carousel M 2 Shelves 1 Round Chrome White Base - Chrome Finish,167,HIGH,HS Code 94039010,,,,Chrome,25730.00,INR,HIGH,"Qty 1, Unit Set, PU 1",,
Hettich,Kitchen Accessories - Corner Storage Solutions,3/4 Carousel - Anthracite Finish,9292174,Cargo 3/4 Carousel 2 Shelves 2 Flat,167,HIGH,HS Code 94039010,,,,Anthracite,32160.00,INR,HIGH,"Qty 1, Unit Set, PU 1",,
Hettich,Kitchen Accessories - Corner Storage Solutions,3/4 Carousel - Anthracite Finish,9292175,Cargo 3/4 Carousel M 2 Shelves 1 Round,167,HIGH,HS Code 94039010,,,,Anthracite,25730.00,INR,HIGH,"Qty 1, Unit Set, PU 1",,
Hettich,Kitchen Accessories - Corner Storage Solutions,"CargoMan for Blind corner cabinet, 900/1000 mm width - Chrome Finish",9161971,CargoMan Corner Pull Out 450 LH,167,HIGH,HS Code 94039010,,,,Chrome,42030.00,INR,HIGH,"Qty 1, Unit Set, PU 1",450,
Hettich,Kitchen Accessories - Corner Storage Solutions,"CargoMan for Blind corner cabinet, 900/1000 mm width - Chrome Finish",9161972,CargoMan Corner Pull Out 450 RH,167,HIGH,HS Code 94039010,,,,Chrome,42030.00,INR,HIGH,"Qty 1, Unit Set, PU 1",450,
Hettich,Kitchen Accessories - Corner Storage Solutions,"CargoMan for Blind corner cabinet, 900/1000 mm width - Anthracite",9292162,CargoMan Corner Pull Out 450 LH,167,HIGH,HS Code 94039010,,,,Anthracite,42030.00,INR,HIGH,"Qty 1, Unit Set, PU 1",450,
Hettich,Kitchen Accessories - Corner Storage Solutions,"CargoMan for Blind corner cabinet, 900/1000 mm width - Anthracite",9292163,CargoMan Corner Pull Out 450 RH,167,HIGH,HS Code 94039010,,,,Anthracite,42030.00,INR,HIGH,"Qty 1, Unit Set, PU 1",450,
Hettich,Kitchen Accessories - Corner Storage Solutions,"CargoMan for Blind corner cabinet, 900/1000 mm width - Anthracite",9292164,CargoMan Corner Pull Out 500 LH,167,HIGH,HS Code 94039010,,,,Anthracite,45400.00,INR,HIGH,"Qty 1, Unit Set, PU 1",500,
Hettich,Kitchen Accessories - Corner Storage Solutions,"CargoMan for Blind corner cabinet, 900/1000 mm width - Anthracite",9292165,CargoMan Corner Pull Out 500 RH,167,HIGH,HS Code 94039010,,,,Anthracite,45400.00,INR,HIGH,"Qty 1, Unit Set, PU 1",500,
Hettich,Kitchen Accessories - Corner Storage Solutions & Midway Series,"Cargoman Soft Close for Blind corner cabinet, 900/1000 mm width - Chrome Finish",9218025,CargoMan Soft Corner Pull Out 450 LH - Chrome Finish,168,HIGH,HS Code 94039010,,,,Chrome,46740.00,INR,HIGH,"Qty 1, Unit Set, PU 1",450,
Hettich,Kitchen Accessories - Corner Storage Solutions & Midway Series,"Cargoman Soft Close for Blind corner cabinet, 900/1000 mm width - Chrome Finish",9218026,CargoMan Soft Corner Pull Out 450 RH - Chrome Finish,168,HIGH,HS Code 94039010,,,,Chrome,46740.00,INR,HIGH,"Qty 1, Unit Set, PU 1",450,
Hettich,Kitchen Accessories - Corner Storage Solutions & Midway Series,"Cargoman Soft Close for Blind corner cabinet, 900/1000 mm width - Chrome Finish",9218027,CargoMan Soft Corner Pull Out 500 LH - Chrome Finish,168,HIGH,HS Code 94039010,,,,Chrome,47630.00,INR,HIGH,"Qty 1, Unit Set, PU 1",500,
Hettich,Kitchen Accessories - Corner Storage Solutions & Midway Series,"Cargoman Soft Close for Blind corner cabinet, 900/1000 mm width - Chrome Finish",9218028,CargoMan Soft Corner Pull Out 500 RH - Chrome Finish,168,HIGH,HS Code 94039010,,,,Chrome,47630.00,INR,HIGH,"Qty 1, Unit Set, PU 1",500,
Hettich,Kitchen Accessories - Corner Storage Solutions & Midway Series,"Cargoman Soft Close for Blind corner cabinet, 900/1000 mm width - Anthracite Finish",9292166,CargoMan Soft Corner Pull Out 450 LH - Anthracite Finish,168,HIGH,HS Code 94039010,,,,Anthracite,46740.00,INR,HIGH,"Qty 1, Unit Set, PU 1",450,
Hettich,Kitchen Accessories - Corner Storage Solutions & Midway Series,"Cargoman Soft Close for Blind corner cabinet, 900/1000 mm width - Anthracite Finish",9292167,CargoMan Soft Corner Pull Out 450 RH - Anthracite Finish,168,HIGH,HS Code 94039010,,,,Anthracite,46740.00,INR,HIGH,"Qty 1, Unit Set, PU 1",450,
Hettich,Kitchen Accessories - Corner Storage Solutions & Midway Series,"Cargoman Soft Close for Blind corner cabinet, 900/1000 mm width - Anthracite Finish",9292168,CargoMan Soft Corner Pull Out 500 LH - Anthracite Finish,168,HIGH,HS Code 94039010,,,,Anthracite,47630.00,INR,HIGH,"Qty 1, Unit Set, PU 1",500,
Hettich,Kitchen Accessories - Corner Storage Solutions & Midway Series,"Cargoman Soft Close for Blind corner cabinet, 900/1000 mm width - Anthracite Finish",9292169,CargoMan Soft Corner Pull Out 500 RH - Anthracite Finish,168,HIGH,HS Code 94039010,,,,Anthracite,47630.00,INR,HIGH,"Qty 1, Unit Set, PU 1",500,
Hettich,Kitchen Accessories - Corner Storage Solutions & Midway Series,"Cargoman M for Blind corner cabinet, 900/1000 mm width - Chrome Finish",9218021,CargoMan M Corner Pull Out 450 LH - Chrome Finish,168,HIGH,HS Code 94039010,,,,Chrome,33880.00,INR,HIGH,"Qty 1, Unit Set, PU 1",450,
Hettich,Kitchen Accessories - Corner Storage Solutions & Midway Series,"Cargoman M for Blind corner cabinet, 900/1000 mm width - Chrome Finish",9218022,CargoMan M Corner Pull Out 450 RH - Chrome Finish,168,HIGH,HS Code 94039010,,,,Chrome,33880.00,INR,HIGH,"Qty 1, Unit Set, PU 1",450,
Hettich,Kitchen Accessories - Corner Storage Solutions & Midway Series,"Cargoman M for Blind corner cabinet, 900/1000 mm width - Chrome Finish",9218023,CargoMan M Corner Pull Out 500 LH - Chrome Finish,168,HIGH,HS Code 94039010,,,,Chrome,35810.00,INR,HIGH,"Qty 1, Unit Set, PU 1",500,
Hettich,Kitchen Accessories - Corner Storage Solutions & Midway Series,"Cargoman M for Blind corner cabinet, 900/1000 mm width - Chrome Finish",9218024,CargoMan M Corner Pull Out 500 RH - Chrome Finish,168,HIGH,HS Code 94039010,,,,Chrome,35810.00,INR,HIGH,"Qty 1, Unit Set, PU 1",500,
Hettich,Kitchen Accessories - Corner Storage Solutions & Midway Series,"Cargoman M for Blind corner cabinet, 900/1000 mm width - Anthracite Finish",9292170,CargoMan M Corner Pull Out 450 LH - Anthracite,168,HIGH,HS Code 94039010,,,,Anthracite,33880.00,INR,HIGH,"Qty 1, Unit Set, PU 1",450,
Hettich,Kitchen Accessories - Corner Storage Solutions & Midway Series,"Cargoman M for Blind corner cabinet, 900/1000 mm width - Anthracite Finish",9292171,CargoMan M Corner Pull Out 450 RH - Anthracite,168,HIGH,HS Code 94039010,,,,Anthracite,33880.00,INR,HIGH,"Qty 1, Unit Set, PU 1",450,
Hettich,Kitchen Accessories - Corner Storage Solutions & Midway Series,"Cargoman M for Blind corner cabinet, 900/1000 mm width - Anthracite Finish",9292172,CargoMan M Corner Pull Out 500 LH - Anthracite,168,HIGH,HS Code 94039010,,,,Anthracite,35810.00,INR,HIGH,"Qty 1, Unit Set, PU 1",500,
Hettich,Kitchen Accessories - Corner Storage Solutions & Midway Series,"Cargoman M for Blind corner cabinet, 900/1000 mm width - Anthracite Finish",9292173,CargoMan M Corner Pull Out 500 RH - Anthracite,168,HIGH,HS Code 94039010,,,,Anthracite,35810.00,INR,HIGH,"Qty 1, Unit Set, PU 1",500,
Hettich,Kitchen Accessories - Corner Storage Solutions & Midway Series,Cargo Midway Series,9217143,Jar Rack,168,HIGH,HS Code 73239390,,,,Standard,1575.00,INR,HIGH,"Qty 1, Unit Set, PU 1",,
Hettich,Kitchen Accessories - Corner Storage Solutions & Midway Series,Cargo Midway Series,9217145,"Multi Purpose Rack, 2-tier",168,HIGH,HS Code 73239390,,,,Standard,1575.00,INR,HIGH,"Qty 1, Unit Set, PU 1",,
Hettich,Kitchen Accessories - Corner Storage Solutions & Midway Series,Cargo Midway Series,9217148,Oil Container Rack,168,HIGH,HS Code 73239390,,,,Standard,1575.00,INR,HIGH,"Qty 1, Unit Set, PU 1",,
Hettich,Kitchen Accessories - Corner Storage Solutions & Midway Series,Cargo Midway Series,9217179,Saucer Rack,168,HIGH,HS Code 73239390,,,,Standard,1801.00,INR,HIGH,"Qty 1, Unit Set, PU 1",,
Hettich,Kitchen Accessories - Corner Storage Solutions & Midway Series,Cargo Midway Series,9269987,Kitchen Roll Holder,168,HIGH,HS Code 73239390,,,,Standard,2035.00,INR,HIGH,"Qty 1, Unit Pc, PU 1",,
Hettich,Kitchen Accessories - Corner Storage Solutions & Midway Series,Cargo Midway Series,9267133,"Railing Set, 600 mm",168,HIGH,HS Code 83024200,,,,Standard,3074.00,INR,HIGH,"Qty 1, Unit Set, PU 1",600,
Hettich,Kitchen Accessories - Corner Storage Solutions & Midway Series,Cargo Midway Series,9267134,"Railing Set, 900 mm",168,HIGH,HS Code 83024200,,,,Standard,3690.00,INR,HIGH,"Qty 1, Unit Set, PU 1",900,
Hettich,Kitchen Accessories - Corner Storage Solutions & Midway Series,Cargo Midway Series,9267135,"Railing Set, 1200 mm",168,HIGH,HS Code 83024200,,,,Standard,4306.00,INR,HIGH,"Qty 1, Unit Set, PU 1",1200,
Hettich,Kitchen Accessories - Pull Out Solutions & Waste Bin Solutions,Cargo Detergent Pull-Out,9292095,Detergent pullout for sink unit,169,HIGH,HS Code 73239390,,,,Standard,2884.00,INR,HIGH,"Qty 1, Unit Set, PU 1",,
Hettich,Kitchen Accessories - Pull Out Solutions & Waste Bin Solutions,Cargo IQ 200 (Bottle Pull out - 2 tier),9161045,For Cabinet width 150 mm,169,HIGH,HS Code 73239390,,,,Standard,7793.00,INR,HIGH,"Qty 1, Unit Pc, PU 4",150,
Hettich,Kitchen Accessories - Pull Out Solutions & Waste Bin Solutions,Cargo IQ 200 (Bottle Pull out - 2 tier),9161046,For Cabinet width 200 mm,169,HIGH,HS Code 73239390,,,,Standard,9162.00,INR,HIGH,"Qty 1, Unit Pc, PU 3",200,
Hettich,Kitchen Accessories - Pull Out Solutions & Waste Bin Solutions,Cargo IQ 200 (Bottle Pull out - 2 tier),9161047,For Cabinet width 300 mm,169,HIGH,HS Code 73239390,,,,Standard,10525.00,INR,HIGH,"Qty 1, Unit Pc, PU 2",300,
Hettich,Kitchen Accessories - Pull Out Solutions & Waste Bin Solutions,Cargo IQ 200 (Bottle Pull out - 2 tier),9160975,Quadro clamps (as per requirement),169,HIGH,HS Code 83024200,,,,Standard,56.00,INR,HIGH,"Qty 1, Unit Set, PU 1",,
Hettich,Kitchen Accessories - Pull Out Solutions & Waste Bin Solutions,Cargo IQ 200 (Bottle Pull out - 2 tier),1180142,Telescopic clamps (as per requirement),169,HIGH,HS Code 83024200,,,,Standard,56.00,INR,HIGH,"Qty 1, Unit Set, PU 1",,
Hettich,Kitchen Accessories - Pull Out Solutions & Waste Bin Solutions,Cargo IQ 200 (Bottle Pull out - 2 tier),73280,"KA 5632, Zinc 450 mm",169,HIGH,HS Code 83024200; SAP code 9209239 differs from Article No 73280,,,,Zinc,561.00,INR,HIGH,"Qty 1, Unit Set, PU 1",450,
Hettich,Kitchen Accessories - Pull Out Solutions & Waste Bin Solutions,Cargo IQ 200 (Bottle Pull out - 2 tier),9114275,"KA 4532, Silent 450 mm",169,HIGH,HS Code 83024200,,,,Standard,1392.00,INR,HIGH,"Qty 1, Unit Set, PU 1",450,
Hettich,Kitchen Accessories - Pull Out Solutions & Waste Bin Solutions,Cargo IQ 200 (Bottle Pull out - 2 tier),45291-L,Quadro full Extn.Silent System 450 mm 30 kg,169,HIGH,HS Code 83024200; SAP code 9099124 differs from Article No 45291-L,,,,Standard,1608.00,INR,HIGH,"Qty 1, Unit Pc, PU 1",450,
Hettich,Kitchen Accessories - Pull Out Solutions & Waste Bin Solutions,Cargo IQ 200 (Bottle Pull out - 2 tier),45291-R,Quadro full Extn.Silent System 450 mm 30 kg,169,HIGH,HS Code 83024200; SAP code 9099125 differs from Article No 45291-R,,,,Standard,1608.00,INR,HIGH,"Qty 1, Unit Pc, PU 1",450,
Hettich,Kitchen Accessories - Pull Out Solutions & Waste Bin Solutions,Cargo IQ 300 (Bottle Pull out - 2 tier) - Compatible with KA runners only,9191703,For Cabinet width 150 mm,169,HIGH,HS Code 73239390,,,,Standard,4331.00,INR,HIGH,"Qty 1, Unit Pc, PU 4",150,
Hettich,Kitchen Accessories - Pull Out Solutions & Waste Bin Solutions,Cargo IQ 300 (Bottle Pull out - 2 tier) - Compatible with KA runners only,9191708,For Cabinet width 200 mm,169,HIGH,HS Code 73239390,,,,Standard,5141.00,INR,HIGH,"Qty 1, Unit Pc, PU 3",200,
Hettich,Kitchen Accessories - Pull Out Solutions & Waste Bin Solutions,Cargo IQ 300 (Bottle Pull out - 2 tier) - Compatible with KA runners only,9247908,For Cabinet width 240 mm,169,HIGH,HS Code 73239390,,,,Standard,5715.00,INR,HIGH,"Qty 1, Unit Pc, PU 3",240,
Hettich,Kitchen Accessories - Pull Out Solutions & Waste Bin Solutions,Cargo IQ 300 (Bottle Pull out - 2 tier) - Compatible with KA runners only,9191711,For Cabinet width 300 mm,169,HIGH,HS Code 73239390,,,,Standard,5952.00,INR,HIGH,"Qty 1, Unit Pc, PU 2",300,
Hettich,Kitchen Accessories - Pull Out Solutions & Waste Bin Solutions,Cargo IQ 300 (Bottle Pull out - 2 tier) - Compatible with KA runners only,1180142,Telescopic clamps (as per requirement),169,HIGH,HS Code 83024200,,,,Standard,56.00,INR,HIGH,"Qty 1, Unit Set, PU 1",,
Hettich,Kitchen Accessories - Pull Out Solutions & Waste Bin Solutions,Cargo IQ 300 (Bottle Pull out - 2 tier) - Compatible with KA runners only,73280,"KA 5632, Zinc 450 mm",169,HIGH,HS Code 83024200; SAP code 9209239 differs from Article No 73280,,,,Zinc,561.00,INR,HIGH,"Qty 1, Unit Set, PU 1",450,
Hettich,Kitchen Accessories - Pull Out Solutions & Waste Bin Solutions,Cargo IQ 300 (Bottle Pull out - 2 tier) - Compatible with KA runners only,9114275,"KA 4532, Silent 450 mm",169,HIGH,HS Code 83024200,,,,Standard,1392.00,INR,HIGH,"Qty 1, Unit Set, PU 1",450,
Hettich,Kitchen Accessories - Pull Out Solutions & Waste Bin Solutions,Spice Pull Out 3 tier - Compatible with KA runners only,9210439,For Cabinet width 150 mm,169,HIGH,HS Code 73239390,,,,Standard,5154.00,INR,HIGH,"Qty 1, Unit Pc, PU 4",150,
Hettich,Kitchen Accessories - Pull Out Solutions & Waste Bin Solutions,Spice Pull Out 3 tier - Compatible with KA runners only,9210441,For Cabinet width 200 mm,169,HIGH,HS Code 73239390,,,,Standard,5871.00,INR,HIGH,"Qty 1, Unit Pc, PU 3",200,
Hettich,Kitchen Accessories - Pull Out Solutions & Waste Bin Solutions,Spice Pull Out 3 tier - Compatible with KA runners only,9210442,For Cabinet width 300 mm,169,HIGH,HS Code 73239390,,,,Standard,6435.00,INR,HIGH,"Qty 1, Unit Pc, PU 2",300,
Hettich,Kitchen Accessories - Pull Out Solutions & Waste Bin Solutions,Spice Pull Out 3 tier - Compatible with KA runners only,1180142,Telescopic clamps (as per requirement),169,HIGH,HS Code 83024200,,,,Standard,56.00,INR,HIGH,"Qty 1, Unit Set, PU 1",,
Hettich,Kitchen Accessories - Pull Out Solutions & Waste Bin Solutions,Spice Pull Out 3 tier - Compatible with KA runners only,73280,"KA 5632, Zinc 450 mm",169,HIGH,HS Code 83024200; SAP code 9209239 differs from Article No 73280,,,,Zinc,561.00,INR,HIGH,"Qty 1, Unit Set, PU 1",450,
Hettich,Kitchen Accessories - Pull Out Solutions & Waste Bin Solutions,Spice Pull Out 3 tier - Compatible with KA runners only,9114275,"KA 4532, Silent 450 mm",169,HIGH,HS Code 83024200,,,,Standard,1392.00,INR,HIGH,"Qty 1, Unit Set, PU 1",450,
Hettich,Kitchen Accessories - Special Solutions,Cargo Cylinder Trolley,9210445,Cylinder Trolley (Minimum cabinet width 400 mm),170,HIGH,HS Code 73239390,,,,Standard,1656.00,INR,HIGH,"Qty 1, Unit Pc, PU 1",,
Hettich,Kitchen Accessories - Special Solutions,Cosario,9062032,600 mm width,170,HIGH,HS Code 94039010,,,,Standard,103250.00,INR,HIGH,"Qty 1, Unit Set, PU 1",600,
Hettich,Kitchen Accessories - Special Solutions,Cosario,9062035,900 mm width,170,HIGH,HS Code 94039010,,,,Standard,124820.00,INR,HIGH,"Qty 1, Unit Set, PU 1",900,
Hettich,Kitchen Accessories - Special Solutions,Waterproof Mat,9079862,"1200X580 Polystyrene, aluminium look",170,HIGH,HS Code 94039090,,,,Standard,4336.00,INR,HIGH,"Qty 1, Unit Pc, PU 1",,
Hettich,Kitchen Accessories - Special Solutions,Wicker Baskets with Beech Runner (Economical version),9321100*,Wicker Basket (320x500x120) (Cabinet width 400 mm),170,HIGH,HS Code 94039100; *Beech Runner included with above article codes,,,,Standard,4790.00,INR,HIGH,"Qty 1, Unit Set, PU 1",400,
Hettich,Kitchen Accessories - Special Solutions,Wicker Baskets with Beech Runner (Economical version),9321103*,Wicker Basket (320x500x210) (Cabinet width 400 mm),170,HIGH,HS Code 94039100; *Beech Runner included with above article codes,,,,Standard,5340.00,INR,HIGH,"Qty 1, Unit Set, PU 1",400,
Hettich,Kitchen Accessories - Special Solutions,Wicker Baskets with Beech Runner (Economical version),9321106*,Wicker Basket (320x500x300) (Cabinet width 400 mm),170,HIGH,HS Code 94039100; *Beech Runner included with above article codes,,,,Standard,5490.00,INR,HIGH,"Qty 1, Unit Set, PU 1",400,
Hettich,Kitchen Accessories - Special Solutions,Wicker Baskets with Beech Runner (Economical version),9342855*,Wicker Basket (370x500x120) (Cabinet width 450 mm),170,HIGH,HS Code 94039100; *Beech Runner included with above article codes,,,,Standard,5090.00,INR,HIGH,"Qty 1, Unit Set, PU 1",450,
Hettich,Kitchen Accessories - Special Solutions,Wicker Baskets with Beech Runner (Economical version),9342856*,Wicker Basket (370x500x210) (Cabinet width 450 mm),170,HIGH,HS Code 94039100; *Beech Runner included with above article codes,,,,Standard,5690.00,INR,HIGH,"Qty 1, Unit Set, PU 1",450,
Hettich,Kitchen Accessories - Special Solutions,Wicker Baskets with Beech Runner (Economical version),9342857*,Wicker Basket (370x500x300) (Cabinet width 450 mm),170,HIGH,HS Code 94039100; *Beech Runner included with above article codes,,,,Standard,6290.00,INR,HIGH,"Qty 1, Unit Set, PU 1",450,
Hettich,Kitchen Accessories - Special Solutions,Wicker Baskets with Beech Runner (Economical version),9321101*,Wicker Basket (420x500x120) (Cabinet width 500 mm),170,HIGH,HS Code 94039100; *Beech Runner included with above article codes,,,,Standard,5530.00,INR,HIGH,"Qty 1, Unit Set, PU 1",500,
Hettich,Kitchen Accessories - Special Solutions,Wicker Baskets with Beech Runner (Economical version),9321104*,Wicker Basket (420x500x210) (Cabinet width 500 mm),170,HIGH,HS Code 94039100; *Beech Runner included with above article codes,,,,Standard,5900.00,INR,HIGH,"Qty 1, Unit Set, PU 1",500,
Hettich,Kitchen Accessories - Special Solutions,Wicker Baskets with Beech Runner (Economical version),9321107*,Wicker Basket (420x500x300) (Cabinet width 500 mm),170,HIGH,HS Code 94039100; *Beech Runner included with above article codes,,,,Standard,6850.00,INR,HIGH,"Qty 1, Unit Set, PU 1",500,
Hettich,Kitchen Accessories - Special Solutions,Wicker Baskets with Beech Runner (Economical version),9321102*,Wicker Basket (520x500x120) (Cabinet width 600 mm),170,HIGH,HS Code 94039100; *Beech Runner included with above article codes,,,,Standard,6250.00,INR,HIGH,"Qty 1, Unit Set, PU 1",600,
Hettich,Kitchen Accessories - Special Solutions,Wicker Baskets with Beech Runner (Economical version),9321105*,Wicker Basket (520x500x210) (Cabinet width 600 mm),170,HIGH,HS Code 94039100; *Beech Runner included with above article codes,,,,Standard,6660.00,INR,HIGH,"Qty 1, Unit Set, PU 1",600,
Hettich,Kitchen Accessories - Special Solutions,Wicker Baskets with Beech Runner (Economical version),9321108*,Wicker Basket (520x500x300) (Cabinet width 600 mm),170,HIGH,HS Code 94039100; *Beech Runner included with above article codes,,,,Standard,7610.00,INR,HIGH,"Qty 1, Unit Set, PU 1",600,
Hettich,Kitchen Accessories - Special Solutions,Waste-Bin.It Classic,9343581,"Body Stainless steel with Black plastic Bin, 13 litres capacity (Min. cabinet width 365 mm)",170,HIGH,HS Code 73239990,,,,Standard,3768.00,INR,HIGH,"Qty 1, Unit Set, PU 1",,
Hettich,Kitchen Accessories - Special Solutions,BIN.IT EASY 2x7.5l,9079929,BIN.IT EASY 2x7.5l,170,HIGH,HS Code 39249000,,,,Standard,13472.00,INR,HIGH,"Qty 1, Unit Set, PU 1",,
Hettich,Kitchen Accessories - Cabinet Storage Solutions,Cargo Duo Basket Holder Frame,9236364,"Cargo Duo Basket Holder Frame - outer cabinet width 450 mm, inside carcase width 410 mm, Min. inside carcase height 1215 mm, 4-tier",171,HIGH,HS Code 94039010,,,,Standard,58680.00,INR,HIGH,"Qty 1, Unit Set, PU 1",450,
Hettich,Kitchen Accessories - Cabinet Storage Solutions,Cargo Duo Basket Holder Frame,9236366,"Cargo Duo Basket Holder Frame - outer cabinet width 450 mm, inside carcase width 410 mm, Min. inside carcase height 1800 mm, 6-tier",171,HIGH,HS Code 94039010,,,,Standard,60572.00,INR,HIGH,"Qty 1, Unit Set, PU 1",450,
Hettich,Kitchen Accessories - Cabinet Storage Solutions,Cargo Duo Basket Holder Frame,9236365,"Cargo Duo Basket Holder Frame - outer cabinet width 600 mm, inside carcase width 560 mm, Min. inside carcase height 1215 mm, 4-tier",171,HIGH,HS Code 94039010,,,,Standard,58680.00,INR,HIGH,"Qty 1, Unit Set, PU 1",600,
Hettich,Kitchen Accessories - Cabinet Storage Solutions,Cargo Duo Basket Holder Frame,9236367,"Cargo Duo Basket Holder Frame - outer cabinet width 600 mm, inside carcase width 560 mm, Min. inside carcase height 1800 mm, 6-tier",171,HIGH,HS Code 94039010,,,,Standard,60572.00,INR,HIGH,"Qty 1, Unit Set, PU 1",600,
Hettich,Kitchen Accessories - Cabinet Storage Solutions,Pull out basket & Door shelf,9235979,For 450 mm cabinet width; Pull Out Basket (360 x 220 x 90 mm); Door Shelf Basket (335 x 110 x 90 mm),171,HIGH,HS Code 73239390,,,,Standard,3210.00,INR,HIGH,"Qty 1, Unit Set, PU 2",450,
Hettich,Kitchen Accessories - Cabinet Storage Solutions,Pull out basket & Door shelf,9235980,For 600 mm cabinet width; Pull Out Basket (510 x 220 x 90 mm); Door Shelf Basket (485 x 110 x 90 mm),171,HIGH,HS Code 73239390,,,,Standard,4022.00,INR,HIGH,"Qty 1, Unit Set, PU 2",600,
Hettich,Kitchen Accessories - Cabinet Storage Solutions,Cargo Larder Basket Holder,9236391,Cargo Larder Basket Holder,171,HIGH,HS Code 94039010,,,,Standard,470.00,INR,HIGH,"Qty 1, Unit Set, PU 1",,
Hettich,Kitchen Accessories - Cabinet Storage Solutions,Carcase outer width (mm) Full extension Runner 80 kg,9236381,Cargo Larder full ext. runner 300 mm (width),171,HIGH,HS Code 94039010,,,,Standard,29060.00,INR,HIGH,"Qty 1, Unit Set, PU 1",300,
Hettich,Kitchen Accessories - Cabinet Storage Solutions,Carcase outer width (mm) Full extension Runner 80 kg,9236382,Cargo Larder full ext. runner 400 mm (width),171,HIGH,HS Code 94039010,,,,Standard,29060.00,INR,HIGH,"Qty 1, Unit Set, PU 1",400,
Hettich,Kitchen Accessories - Cabinet Storage Solutions,Carcase outer width (mm) Full extension Runner 80 kg,9236383,Cargo Larder full ext. runner 450 mm (width),171,HIGH,HS Code 94039010,,,,Standard,29060.00,INR,HIGH,"Qty 1, Unit Set, PU 1",450,
Hettich,Kitchen Accessories - Cabinet Storage Solutions,Carcase outer width (mm) Full extension Runner 120 kg,9236386,Cargo Larder full ext. runner 300 mm (width),171,HIGH,HS Code 94039010,,,,Standard,35180.00,INR,HIGH,"Qty 1, Unit Set, PU 1",300,
Hettich,Kitchen Accessories - Cabinet Storage Solutions,Carcase outer width (mm) Full extension Runner 120 kg,9236387,Cargo Larder full ext. runner 400 mm (width),171,HIGH,HS Code 94039010,,,,Standard,35180.00,INR,HIGH,"Qty 1, Unit Set, PU 1",400,
Hettich,Kitchen Accessories - Cabinet Storage Solutions,Carcase outer width (mm) Full extension Runner 120 kg,9236388,Cargo Larder full ext. runner 450 mm (width),171,HIGH,HS Code 94039010,,,,Standard,35180.00,INR,HIGH,"Qty 1, Unit Set, PU 1",450,
Hettich,Kitchen Accessories - Cabinet Storage Solutions,Stainless Steel Baskets W x D x H (mm),9235981,Stainless Steel Baskets 300 (230x435x115),171,HIGH,HS Code 73239390,,,,Standard,2936.00,INR,HIGH,"Qty 1, Unit Pc, PU 4",300,
Hettich,Kitchen Accessories - Cabinet Storage Solutions,Stainless Steel Baskets W x D x H (mm),9235982,Stainless Steel Baskets 400 (330x435x115),171,HIGH,HS Code 73239390,,,,Standard,3132.00,INR,HIGH,"Qty 1, Unit Pc, PU 4",400,
Hettich,Kitchen Accessories - Cabinet Storage Solutions,Stainless Steel Baskets W x D x H (mm),9235983,Stainless Steel Baskets 450 (380x435x115),171,HIGH,HS Code 73239390,,,,Standard,3326.00,INR,HIGH,"Qty 1, Unit Pc, PU 4",450,
Hettich,Kitchen Accessories - Cabinet Storage Solutions,Cargo Larder (Frame) - For Inside carcase height 1615-1915 mm for 5 layers,9236379,"Cargo Larder Frame - Min. inside carcase width 262 mm, Carcase outer width 300 mm, 5 layers",171,HIGH,,,,,Standard,15250.00,INR,HIGH,,300,
Hettich,Kitchen Accessories - Cabinet Storage Solutions,Cargo Larder (Frame) - For Inside carcase height 1615-1915 mm for 5 layers,9236379,"Cargo Larder Frame - Min. inside carcase width 262 mm, Carcase outer width 300 mm, 5 layers",171,HIGH,,,,,Standard,15250.00,INR,HIGH,,400,
Hettich,Kitchen Accessories - Cabinet Storage Solutions,Cargo Larder (Frame) - For Inside carcase height 1615-1915 mm for 5 layers,9236379,"Cargo Larder Frame - Min. inside carcase width 262 mm, Carcase outer width 300 mm, 5 layers",171,HIGH,,,,,Standard,15250.00,INR,HIGH,,450,
Hettich,Kitchen Accessories - Cabinet Storage Solutions,Cargo Larder (Frame) - For Inside carcase height 1880-2180 mm for 6 layers,9236380,"Cargo Larder Frame - Min. inside carcase width 262 mm, Carcase outer width 300 mm, 6 layers",171,HIGH,,,,,Standard,15250.00,INR,HIGH,,300,
Hettich,Kitchen Accessories - Cabinet Storage Solutions,Cargo Larder (Frame) - For Inside carcase height 1880-2180 mm for 6 layers,9236380,"Cargo Larder Frame - Min. inside carcase width 262 mm, Carcase outer width 300 mm, 6 layers",171,HIGH,,,,,Standard,15250.00,INR,HIGH,,400,
Hettich,Kitchen Accessories - Cabinet Storage Solutions,Cargo Larder (Frame) - For Inside carcase height 1880-2180 mm for 6 layers,9236380,"Cargo Larder Frame - Min. inside carcase width 262 mm, Carcase outer width 300 mm, 6 layers",171,HIGH,,,,,Standard,15250.00,INR,HIGH,,450,
Hettich,Kitchen Accessories - Cabinet Storage Solutions,Cargo Duo Basket Holder Frame - Anthracite Finish,9292180*,"Cargo Duo Basket Holder Frame Anthracite - outer cabinet width 450 mm, inside carcase width 410 mm, Min. inside carcase height 1215 mm, 4-tier",172,HIGH,HS Code 94039010; *Available till stock last,,,,Anthracite,58680.00,INR,HIGH,"Qty 1, Unit Set, PU 1",450,
Hettich,Kitchen Accessories - Cabinet Storage Solutions,Cargo Duo Basket Holder Frame - Anthracite Finish,9292178*,"Cargo Duo Basket Holder Frame Anthracite - outer cabinet width 450 mm, inside carcase width 410 mm, Min. inside carcase height 1800 mm, 6-tier",172,HIGH,HS Code 94039010; *Available till stock last,,,,Anthracite,60572.00,INR,HIGH,"Qty 1, Unit Set, PU 1",450,
Hettich,Kitchen Accessories - Cabinet Storage Solutions,Cargo Duo Basket Holder Frame - Anthracite Finish,9292181*,"Cargo Duo Basket Holder Frame Anthracite - outer cabinet width 600 mm, inside carcase width 560 mm, Min. inside carcase height 1215 mm, 4-tier",172,HIGH,HS Code 94039010; *Available till stock last,,,,Anthracite,58680.00,INR,HIGH,"Qty 1, Unit Set, PU 1",600,
Hettich,Kitchen Accessories - Cabinet Storage Solutions,Cargo Duo Basket Holder Frame - Anthracite Finish,9292179*,"Cargo Duo Basket Holder Frame Anthracite - outer cabinet width 600 mm, inside carcase width 560 mm, Min. inside carcase height 1800 mm, 6-tier",172,HIGH,HS Code 94039010; *Available till stock last,,,,Anthracite,60572.00,INR,HIGH,"Qty 1, Unit Set, PU 1",600,
Hettich,Kitchen Accessories - Cabinet Storage Solutions,Pull out basket & Door shelf - Anthracite Finish,9292191*,Cargo Duo Basket Set for W450,172,HIGH,HS Code 94039010; *Available till stock last,,,,Anthracite,23820.00,INR,HIGH,"Qty 1, Unit Set, PU 1",450,
Hettich,Kitchen Accessories - Cabinet Storage Solutions,Pull out basket & Door shelf - Anthracite Finish,9292199*,Cargo Duo Basket Set for W600,172,HIGH,HS Code 94039010; *Available till stock last,,,,Anthracite,26920.00,INR,HIGH,"Qty 1, Unit Set, PU 1",600,
Hettich,Kitchen Accessories - Cabinet Storage Solutions,Cargo Larder Basket Holder - Anthracite Finish,9292200*,Cargo Larder Basket Holder,172,HIGH,HS Code 94039010; *Available till stock last,,,,Anthracite,378.00,INR,HIGH,"Qty 1, Unit Set, PU 1",,
Hettich,Kitchen Accessories - Cabinet Storage Solutions,Cargo Larder Mechanism 80 kg - Anthracite Finish,9292187*,Larder 5 Tier H1615-1915mm W300mm,172,HIGH,HS Code 94039010; *Available till stock last,,,,Anthracite,28953.00,INR,HIGH,"Qty 1, Unit Set, PU 1",300,
Hettich,Kitchen Accessories - Cabinet Storage Solutions,Cargo Larder Mechanism 80 kg - Anthracite Finish,9292188*,Larder 5 Tier H1615-1915mm W400mm,172,HIGH,HS Code 94039010; *Available till stock last,,,,Anthracite,28953.00,INR,HIGH,"Qty 1, Unit Set, PU 1",400,
Hettich,Kitchen Accessories - Cabinet Storage Solutions,Cargo Larder Mechanism 80 kg - Anthracite Finish,9292189*,Larder 5 Tier H1615-1915mm W450mm,172,HIGH,HS Code 94039010; *Available till stock last,,,,Anthracite,28953.00,INR,HIGH,"Qty 1, Unit Set, PU 1",450,
Hettich,Kitchen Accessories - Cabinet Storage Solutions,Cargo Larder Mechanism 120 kg - Anthracite Finish,9292184*,Larder 6 Tier H1880-2180mm W300mm,172,HIGH,HS Code 94039010; *Available till stock last,,,,Anthracite,35180.00,INR,HIGH,"Qty 1, Unit Set, PU 1",300,
Hettich,Kitchen Accessories - Cabinet Storage Solutions,Cargo Larder Mechanism 120 kg - Anthracite Finish,9292185*,Larder 6 Tier H1880-2180mm W400mm,172,HIGH,HS Code 94039010; *Available till stock last,,,,Anthracite,35180.00,INR,HIGH,"Qty 1, Unit Set, PU 1",400,
Hettich,Kitchen Accessories - Cabinet Storage Solutions,Cargo Larder Mechanism 120 kg - Anthracite Finish,9292186*,Larder 6 Tier H1880-2180mm W450mm,172,HIGH,HS Code 94039010; *Available till stock last,,,,Anthracite,35180.00,INR,HIGH,"Qty 1, Unit Set, PU 1",450,
Hettich,Kitchen Accessories - Cabinet Storage Solutions,Cargo Larder Basket Set of 5 Tiers - Anthracite Finish,9292195*,Cargo Larder Basket W230 Set of 5,172,HIGH,HS Code 94039010; *Available till stock last,,,,Anthracite,34007.00,INR,HIGH,"Qty 1, Unit Set, PU 1",230,
Hettich,Kitchen Accessories - Cabinet Storage Solutions,Cargo Larder Basket Set of 5 Tiers - Anthracite Finish,9292196*,Cargo Larder Basket W330 Set of 5,172,HIGH,HS Code 94039010; *Available till stock last,,,,Anthracite,36502.00,INR,HIGH,"Qty 1, Unit Set, PU 1",330,
Hettich,Kitchen Accessories - Cabinet Storage Solutions,Cargo Larder Basket Set of 5 Tiers - Anthracite Finish,9292197*,Cargo Larder Basket W380 Set of 5,172,HIGH,HS Code 94039010; *Available till stock last,,,,Anthracite,38784.00,INR,HIGH,"Qty 1, Unit Set, PU 1",380,
Hettich,Kitchen Accessories - Cabinet Storage Solutions,Cargo Larder Basket Set of 6 Tiers - Anthracite Finish,9292192*,Cargo Larder Basket W230 Set of 6,172,HIGH,HS Code 94039010; *Available till stock last,,,,Anthracite,40805.00,INR,HIGH,"Qty 1, Unit Set, PU 1",230,
Hettich,Kitchen Accessories - Cabinet Storage Solutions,Cargo Larder Basket Set of 6 Tiers - Anthracite Finish,9292193*,Cargo Larder Basket W330 Set of 6,172,HIGH,HS Code 94039010; *Available till stock last,,,,Anthracite,43802.00,INR,HIGH,"Qty 1, Unit Set, PU 1",330,
Hettich,Kitchen Accessories - Cabinet Storage Solutions,Cargo Larder Basket Set of 6 Tiers - Anthracite Finish,9292194*,Cargo Larder Basket W380 Set of 6,172,HIGH,HS Code 94039010; *Available till stock last,,,,Anthracite,46542.00,INR,HIGH,"Qty 1, Unit Set, PU 1",380,
Hettich,Kitchen Accessories - Cabinet Storage Solutions,Cargo Larder Frame - Anthracite Finish,9292183*,Larder Frame 1615-1915mm - 5 Baskets,172,HIGH,HS Code 94039010; *Available till stock last,,,,Anthracite,15250.00,INR,HIGH,"Qty 1, Unit Set, PU 1",,
Hettich,Kitchen Accessories - Cabinet Storage Solutions,Cargo Larder Frame - Anthracite Finish,9292182*,Larder Frame 1880-2180mm - 6 Baskets,172,HIGH,HS Code 94039010; *Available till stock last,,,,Anthracite,15250.00,INR,HIGH,"Qty 1, Unit Set, PU 1",,
Hettich,Kitchen Accessories - Anthracite Finish,Orta (Magic Corner) - Universal,9381098,Orta frame DW450 LH/RH anthracite,173,HIGH,HS Code 94039910,,,,Anthracite,45000.00,INR,HIGH,"Qty 1, Unit Pc, PU 1",450,
Hettich,Kitchen Accessories - Anthracite Finish,Orta (Magic Corner) - Universal,9381114,Orta shelf set 400 DW450 anthracite,173,HIGH,HS Code 94039910,,,,Anthracite,15000.00,INR,HIGH,"Qty 1, Unit Pc, PU 1",400,
Hettich,Kitchen Accessories - Anthracite Finish,Iseo (Duo Unit) - 450 mm width 6 Tier (Order frame and basket for making complete set),9383758,Iseo frame set H1700 CW450 anthracite,173,HIGH,HS Code 94039910,,,,Anthracite,40500.00,INR,HIGH,"Qty 1, Unit Set, PU 1",450,
Hettich,Kitchen Accessories - Anthracite Finish,Iseo (Duo Unit) - 450 mm width 6 Tier (Order frame and basket for making complete set),9391894,Iseo basket set 2+2 400 CW450 anthracite,173,HIGH,HS Code 94039910,,,,Anthracite,58500.00,INR,HIGH,"Qty 3, Unit Set, PU 1",400,
Hettich,Kitchen Accessories - Anthracite Finish,Iseo (Duo Unit) - 600 mm width 6 Tier (Order frame and basket for making complete set),9381009,Iseo frame set H1700 CW600 anthracite,173,HIGH,HS Code 94039910,,,,Anthracite,42000.00,INR,HIGH,"Qty 1, Unit Pc, PU 1",600,
Hettich,Kitchen Accessories - Anthracite Finish,Iseo (Duo Unit) - 600 mm width 6 Tier (Order frame and basket for making complete set),9381011,Iseo basket set 2+2 400 CW600 anthracite,173,HIGH,HS Code 94039910,,,,Anthracite,63000.00,INR,HIGH,"Qty 3, Unit Pc, PU 1",400,
Hettich,Kitchen Accessories - Anthracite Finish,Olona (Larder Unit) - 300 mm width 6 Tier,9380989,Olona full ext.runner 100KG SiSy anthracite,173,HIGH,HS Code 94039910,,,,Anthracite,22000.00,INR,HIGH,"Qty 1, Unit Set, PU 1",,
Hettich,Kitchen Accessories - Anthracite Finish,Olona (Larder Unit) - 300 mm width 6 Tier,9380998,Olona frame H1900-2250 CW300 anthracite,173,HIGH,HS Code 94039910,,,,Anthracite,25000.00,INR,HIGH,"Qty 1, Unit Set, PU 1",300,
Hettich,Kitchen Accessories - Anthracite Finish,Olona (Larder Unit) - 300 mm width 6 Tier,9381006,Olona clip-on shelf 400 CW300 anthracite,173,HIGH,HS Code 94039910,,,,Anthracite,25500.00,INR,HIGH,"Qty 6, Unit Pc, PU 1",400,
Hettich,Kitchen Accessories - Anthracite Finish,Olona (Larder Unit) - 400 mm width 6 Tier,9380989,Olona full ext.runner 100KG SiSy anthracite,173,HIGH,HS Code 94039910; Same universal-runner code as used on the 300mm width section above,,,,Anthracite,22000.00,INR,HIGH,"Qty 1, Unit Set, PU 1",,
Hettich,Kitchen Accessories - Anthracite Finish,Olona (Larder Unit) - 400 mm width 6 Tier,9380999,Olona frame H1900-2250 CW400 anthracite,173,HIGH,HS Code 94039910,,,,Anthracite,25000.00,INR,HIGH,"Qty 1, Unit Set, PU 1",400,
Hettich,Kitchen Accessories - Anthracite Finish,Olona (Larder Unit) - 400 mm width 6 Tier,9381007,Olona clip-on shelf 400 CW400 anthracite,173,HIGH,HS Code 94039910,,,,Anthracite,27000.00,INR,HIGH,"Qty 6, Unit Pc, PU 1",400,
Hettich,Kitchen Accessories - Anthracite Finish,Lissa (Dish Drainer),9412301,Lissa Dish Drainer 600 mm,173,HIGH,HS Code 94039910,,,,Anthracite,4600.00,INR,HIGH,"Qty 1, Unit Set, PU 1",600,
Hettich,Kitchen Accessories - Anthracite Finish,Lissa (Dish Drainer),9412302,Lissa Dish Drainer 900 mm,173,HIGH,HS Code 94039910,,,,Anthracite,6100.00,INR,HIGH,"Qty 1, Unit Set, PU 1",900,
Hettich,Kitchen Accessories - Anthracite Finish,Salso (D Shape Carousel) - Right,9381058,Salso fitting set DW450/500 RH anthracite,173,HIGH,HS Code 94039910,,,,Anthracite,45000.00,INR,HIGH,"Qty 1, Unit Set, PU 1",,
Hettich,Kitchen Accessories - Anthracite Finish,Salso (D Shape Carousel) - Right,9381088,Salso shelf set 400 DW450 RH anthracite,173,HIGH,HS Code 94039910,,,,Anthracite,30000.00,INR,HIGH,"Qty 1, Unit Set, PU 1",400,
Hettich,Kitchen Accessories - Anthracite Finish,Salso (D Shape Carousel) - Left,9381057,Salso fitting set DW450/500 LH anthracite,173,HIGH,HS Code 94039910,,,,Anthracite,45000.00,INR,HIGH,"Qty 1, Unit Set, PU 1",,
Hettich,Kitchen Accessories - Anthracite Finish,Salso (D Shape Carousel) - Left,9381087,Salso shelf set 400 DW450 LH anthracite,173,HIGH,HS Code 94039910,,,,Anthracite,30000.00,INR,HIGH,"Qty 1, Unit Set, PU 1",400,
Hettich,"Wardrobe Accessories - Special Solutions, Shoe Rack & Pull Out Shelf",Garment Lift,9079878,Duo Lift 10 (10 kg) Inside cabinet width 750-1170 mm,174,HIGH,HS Code 83024200,,,,Standard,8780.00,INR,HIGH,"Qty 1, Unit Pc, PU 1",,
Hettich,"Wardrobe Accessories - Special Solutions, Shoe Rack & Pull Out Shelf",Garment Lift,42507,Duo Lift 15 (15 kg) Inside cabinet width 750-1150 mm,174,HIGH,HS Code 83024200,,,,Standard,10540.00,INR,HIGH,"Qty 1, Unit Pc, PU 1",,
Hettich,"Wardrobe Accessories - Special Solutions, Shoe Rack & Pull Out Shelf",Garment Lift,9079882,Duo Lift 18 (18 kg) Inside cabinet width 750-1150 mm,174,HIGH,HS Code 83024200,,,,Standard,15520.00,INR,HIGH,"Qty 1, Unit Pc, PU 1",,
Hettich,"Wardrobe Accessories - Special Solutions, Shoe Rack & Pull Out Shelf",Wardrobe Tube & Wardrobe Tube Support,9341248,Oval cabinet rail 2000 mm Chrome Gloss,174,HIGH,HS Code 83024200,,,,Chrome Gloss,1314.00,INR,HIGH,"Qty 1, Unit Pc, PU 10",2000,
Hettich,"Wardrobe Accessories - Special Solutions, Shoe Rack & Pull Out Shelf",Wardrobe Tube & Wardrobe Tube Support,9343727,Cabinet rail Support SL 322 (3 screw holes),174,HIGH,HS Code 83024200,,,,Standard,36.00,INR,HIGH,"Qty 1, Unit Pc, PU 10",,
Hettich,"Wardrobe Accessories - Special Solutions, Shoe Rack & Pull Out Shelf",Wardrobe Tube & Wardrobe Tube Support,70666,Cabinet rail Support SL 323 (2 pins+1 screw hole),174,HIGH,HS Code 83024200; SAP code 9056573 differs from Article No 70666,,,,Standard,42.00,INR,HIGH,"Qty 1, Unit Pc, PU 10",,
Hettich,"Wardrobe Accessories - Special Solutions, Shoe Rack & Pull Out Shelf",Wardrobe Tube & Wardrobe Tube Support,70668,Sl786 DD OVAL NICKEL,174,HIGH,HS Code 83024200,,,,Nickel,104.00,INR,HIGH,"Qty 1, Unit Pc, PU 50",,
Hettich,"Wardrobe Accessories - Special Solutions, Shoe Rack & Pull Out Shelf",Built-in Ironing Board,9315928,Ironing Board Extension (Minimum inside cabinet width 360-468 mm),174,HIGH,HS Code 94039090,,,,Standard,22012.00,INR,HIGH,"Qty 1, Unit Set, PU 1",,
Hettich,"Wardrobe Accessories - Special Solutions, Shoe Rack & Pull Out Shelf",Shoe cabinet fitting,42474,Shoe cabinet fitting,174,HIGH,HS Code 39263000,,,,Standard,1337.00,INR,HIGH,"Qty 1, Unit Set, PU 1",,
Hettich,"Wardrobe Accessories - Special Solutions, Shoe Rack & Pull Out Shelf",Cargo Pull Out Shoe Rack (Vertical),9209340,Cargo Pull Out Shoe Rack with accessory plate. For internal cabinet height 750 mm (W x D x H) - 279 x 500 x 580 mm (KA runner & clamps to be ordered separately),174,HIGH,HS Code 73262090,,,,Standard,7470.00,INR,HIGH,"Qty 1, Unit Set, PU 1",,
Hettich,"Wardrobe Accessories - Special Solutions, Shoe Rack & Pull Out Shelf",Cargo Pull Out Shoe Rack (Horizontal),9217067,For 600 mm cabinet width with accessory plate (KA / Quadro runner & clamps to be ordered separately),174,HIGH,HS Code 73262090,,,,Standard,6175.00,INR,HIGH,"Qty 1, Unit Set, PU 1",600,
Hettich,"Wardrobe Accessories - Special Solutions, Shoe Rack & Pull Out Shelf",Cargo Pull Out Shoe Rack (Horizontal),9211635,For 900 mm cabinet width with accessory plate (KA / Quadro runner & clamps to be ordered separately),174,HIGH,HS Code 73262090,,,,Standard,7733.00,INR,HIGH,"Qty 1, Unit Set, PU 1",900,
Hettich,"Wardrobe Accessories - Special Solutions, Shoe Rack & Pull Out Shelf",Pull Out Shelf,9209345,"W 536 mm x D 500 mm x H 41, Cabinet 600 mm",174,HIGH,HS Code 73262090,,,,Standard,6575.00,INR,HIGH,"Qty 1, Unit Set, PU 1",600,
Hettich,"Wardrobe Accessories - Special Solutions, Shoe Rack & Pull Out Shelf",Pull Out Shelf,9210438,W 686 mm x D 500 mm x H 41 mm Cab.750 mm,174,HIGH,HS Code 73262090,,,,Standard,7386.00,INR,HIGH,"Qty 1, Unit Set, PU 1",750,
Hettich,"Wardrobe Accessories - Special Solutions, Shoe Rack & Pull Out Shelf",Pull Out Shelf,9209348,"W 836 mm x D 500 mm x H 41, Cabinet 900 mm",174,HIGH,HS Code 73262090,,,,Standard,8206.00,INR,HIGH,"Qty 1, Unit Set, PU 1",900,
Hettich,"Wardrobe Accessories - Trouser Pull Out, Tie & Belt Pull Out, Shoe Rack & Laundry",Cargo Trouser Pull Out,9221098,Cargo trouser pull out (W x D x H) - 536 x 500 x 120 mm,175,HIGH,HS Code 73262090,,,,Standard,9189.00,INR,HIGH,"Qty 1, Unit Pc, PU 1",,
Hettich,"Wardrobe Accessories - Trouser Pull Out, Tie & Belt Pull Out, Shoe Rack & Laundry",Cargo Trouser Pull Out,9236898,Cargo trouser pull out (W x D x H) - 836 x 500 x 120 mm (KA runner & clamps to be ordered separately),175,HIGH,HS Code 73262090,,,,Standard,13612.00,INR,HIGH,"Qty 1, Unit Pc, PU 1",,
Hettich,"Wardrobe Accessories - Trouser Pull Out, Tie & Belt Pull Out, Shoe Rack & Laundry",Cargo Trouser Pull Out M,9243990,Cargo trouser pull out (W x D x H) - 340 x 500 x 142 mm (KA runner & clamps to be ordered separately),175,HIGH,HS Code 73262090,,,,Standard,7952.00,INR,HIGH,"Qty 1, Unit Pc, PU 1",,
Hettich,"Wardrobe Accessories - Trouser Pull Out, Tie & Belt Pull Out, Shoe Rack & Laundry",Cargo Tie & Belt Pull Out,9221099,Cargo tie & belt pull out (W x D x H) - 125 x 500 x 100 mm (KA runner & clamps to be ordered separately),175,HIGH,HS Code 73262090,,,,Standard,7864.00,INR,HIGH,"Qty 1, Unit Pc, PU 1",,
Hettich,"Wardrobe Accessories - Trouser Pull Out, Tie & Belt Pull Out, Shoe Rack & Laundry",Cargo Tie & Belt Pull Out M,9243991,Cargo tie & belt pull out M (W x D x H) - 110 x 500 x 68 mm (KA runner & clamps to be ordered separately),175,HIGH,HS Code 73262090,,,,Standard,6626.00,INR,HIGH,"Qty 1, Unit Pc, PU 1",,
Hettich,"Wardrobe Accessories - Trouser Pull Out, Tie & Belt Pull Out, Shoe Rack & Laundry",Cargo wall shoe rack (M),9243992,Cargo wall shoe rack (M) (W x D x H) - 500 x 210 x 238 mm (KA runner & clamps to be ordered separately),175,HIGH,HS Code 73262090,,,,Standard,4367.00,INR,HIGH,"Qty 1, Unit Pc, PU 1",,
Hettich,"Wardrobe Accessories - Trouser Pull Out, Tie & Belt Pull Out, Shoe Rack & Laundry",Cargo Laundry,9241012,Cargo Laundry (W x D x H) - 220 x 500 x 580 mm (KA runner & clamps to be ordered separately),175,HIGH,HS Code 73262090,,,,Standard,7304.00,INR,HIGH,"Qty 1, Unit Pc, PU 1",,
Hettich,Connecting Fittings - Shelf Supports & Suspension Brackets,Shelf Supports,16180,Safety 5 mm Translucent.,176,HIGH,HS Code 83024200,,,,Translucent,400.00,INR,HIGH,"Qty 100, Unit Pc, PU 500",5,
Hettich,Connecting Fittings - Shelf Supports & Suspension Brackets,Shelf Supports,25090,Safety 5 mm White,176,HIGH,HS Code 83024200; SAP code 9127419 differs from Article No 25090,,,,White,400.00,INR,HIGH,"Qty 100, Unit Pc, PU 500",5,
Hettich,Connecting Fittings - Shelf Supports & Suspension Brackets,Shelf Supports,1011027,Sekura7 Nickel,176,HIGH,HS Code 83024200,,,,Nickel,1400.00,INR,HIGH,"Qty 100, Unit Pc, PU 1000",,
Hettich,Connecting Fittings - Shelf Supports & Suspension Brackets,Shelf Supports,1006203,Universal D Nickel,176,HIGH,HS Code 83024200,,,,Nickel,740.00,INR,HIGH,"Qty 100, Unit Pc, PU 2000",,
Hettich,Connecting Fittings - Shelf Supports & Suspension Brackets,Shelf Supports,9010111,Sekura 2.1 Nickel,176,HIGH,HS Code 83024200,,,,Nickel,800.00,INR,HIGH,"Qty 100, Unit Pc, PU 1000",,
Hettich,Connecting Fittings - Shelf Supports & Suspension Brackets,Shelf Supports,9005558,Support Sekura6 Nickel,176,HIGH,HS Code 83024200,,,,Nickel,1400.00,INR,HIGH,"Qty 100, Unit Pc, PU 500",,
Hettich,Connecting Fittings - Shelf Supports & Suspension Brackets,Shelf Supports,9010110,Sekura1.1 Nickel,176,HIGH,HS Code 83021090,,,,Nickel,900.00,INR,HIGH,"Qty 100, Unit Pc, PU 1000",,
Hettich,Connecting Fittings - Shelf Supports & Suspension Brackets,Shelf Supports,1056163,PVC/Steel 5 mm for Glass shelf,176,HIGH,HS Code 83024200,,,,Standard,400.00,INR,HIGH,"Qty 100, Unit Pc, PU 3000",5,
Hettich,Connecting Fittings - Shelf Supports & Suspension Brackets,Shelf Supports,1010564,Sekura8 Nickel for Glass shelf,176,HIGH,HS Code 83024200,,,,Nickel,1700.00,INR,HIGH,"Qty 100, Unit Pc, PU 2000",,
Hettich,Connecting Fittings - Shelf Supports & Suspension Brackets,Shelf Supports,1069728,Titan min. shelf thickness 24 mm,176,HIGH,HS Code 83024200,,,,Standard,124.00,INR,HIGH,"Qty 1, Unit Pc, PU 100",24,
Hettich,Connecting Fittings - Shelf Supports & Suspension Brackets,Suspension Brackets,1066278,SAH 130 Steel/PVC White Left,176,HIGH,HS Code 83024200,,,,White,92.00,INR,HIGH,"Qty 1, Unit Pc, PU 100",130,
Hettich,Connecting Fittings - Shelf Supports & Suspension Brackets,Suspension Brackets,1066279,SAH 130 Steel/PVC White Right,176,HIGH,HS Code 83024200,,,,White,92.00,INR,HIGH,"Qty 1, Unit Pc, PU 100",130,
Hettich,Connecting Fittings - Shelf Supports & Suspension Brackets,Suspension Brackets,1066339,Cover Cap Left For SAH 130 White,176,HIGH,HS Code 39269097,,,,White,1200.00,INR,HIGH,"Qty 100, Unit Pc, PU 1000",,
Hettich,Connecting Fittings - Shelf Supports & Suspension Brackets,Suspension Brackets,1066338,Cover Cap Right For SAH 130 White,176,HIGH,HS Code 39269097,,,,White,1200.00,INR,HIGH,"Qty 100, Unit Pc, PU 1000",,
Hettich,Connecting Fittings - Shelf Supports & Suspension Brackets,Suspension Brackets,9007651,Rail B 3000 mm Zinc,176,HIGH,HS Code 83024200,,,,Zinc,1172.00,INR,HIGH,"Qty 1, Unit Pc, PU 50",3000,
Hettich,Connecting Fittings - Shelf Supports & Suspension Brackets,Suspension Brackets,9208678,Rail L 130 mm Zinc,176,HIGH,HS Code 83024200,,,,Zinc,108.00,INR,HIGH,"Qty 1, Unit Pc, PU 50",130,
Hettich,Connecting Fittings - Shelf Supports & Suspension Brackets,Suspension Brackets,46103,Suspension Hook O6 X 50 mm + Wall pulg O8 X 40 mm,176,HIGH,HS Code 83024200,,,,Standard,2600.00,INR,HIGH,"Qty 100, Unit Pc, PU 100",,
Hettich,Connecting Fittings - Shelf Supports & Suspension Brackets,Suspension Brackets,65480,Special screw O5.5 x 50 mm + Wall pulg O8 X 40 mm,176,HIGH,HS Code 83024200,,,,Standard,2800.00,INR,HIGH,"Qty 100, Unit Pc, PU 100",,
Hettich,"Connecting Fittings - Rastex, Rapid Dowels, VB Connectors & Misc. Connectors",Rastex 3 Part with 10 mm Socket,9056601,Rastex 15/18 Zinc/Nickel Cam,177,HIGH,HS Code 83024200,,,,Zinc/Nickel,8.00,INR,HIGH,"Qty 1, Unit Pc, PU 2000",,
Hettich,"Connecting Fittings - Rastex, Rapid Dowels, VB Connectors & Misc. Connectors",Rastex 3 Part with 10 mm Socket,9047865,Twister screw in Dowel DU644 - M6 x 7.8 mm,177,HIGH,HS Code 73181499,,,,Standard,6.00,INR,HIGH,"Qty 1, Unit Pc, PU 2000",,
Hettich,"Connecting Fittings - Rastex, Rapid Dowels, VB Connectors & Misc. Connectors",Rastex 3 Part with 10 mm Socket,9298671,"Socket No.33 - 10 mm, Plastic",177,HIGH,HS Code 39269097,,,,Standard,3.00,INR,HIGH,"Qty 1, Unit Pc, PU 2000",,
Hettich,"Connecting Fittings - Rastex, Rapid Dowels, VB Connectors & Misc. Connectors",Rastex 3 Part with 10 mm Socket,9323001,BOM Code - Total Set (Rastex 3 Part with 10 mm Socket),177,HIGH,BOM total-set row; no HS Code printed for this row,,,,Standard,17.00,INR,HIGH,"Qty , Unit , PU",,
Hettich,"Connecting Fittings - Rastex, Rapid Dowels, VB Connectors & Misc. Connectors",Rastex 3 Part with 8 mm Socket,9056601,Rastex 15/18 Zinc/Nickel Cam,177,HIGH,HS Code 83024200,,,,Zinc/Nickel,8.00,INR,HIGH,"Qty 1, Unit Pc, PU 2000",,
Hettich,"Connecting Fittings - Rastex, Rapid Dowels, VB Connectors & Misc. Connectors",Rastex 3 Part with 8 mm Socket,9047865,Twister screw in Dowel DU644 - M6 x 7.8 mm,177,HIGH,HS Code 73181499,,,,Standard,6.00,INR,HIGH,"Qty 1, Unit Pc, PU 2000",,
Hettich,"Connecting Fittings - Rastex, Rapid Dowels, VB Connectors & Misc. Connectors",Rastex 3 Part with 8 mm Socket,9298672,Socket (Plastic) no. 49 M6 - 8 mm,177,HIGH,HS Code 39269097,,,,Standard,2.00,INR,HIGH,"Qty 1, Unit Pc, PU 2000",,
Hettich,"Connecting Fittings - Rastex, Rapid Dowels, VB Connectors & Misc. Connectors",Rastex 3 Part with 8 mm Socket,9323002,BOM Code - Total Set (Rastex 3 Part with 8 mm Socket),177,HIGH,BOM total-set row; no HS Code printed for this row,,,,Standard,16.00,INR,HIGH,"Qty , Unit , PU",,
Hettich,"Connecting Fittings - Rastex, Rapid Dowels, VB Connectors & Misc. Connectors",Rastex - 2 Part Set,9056601,Rastex 15/18 Zinc/Nickel Cam,177,HIGH,HS Code 83024200,,,,Zinc/Nickel,8.00,INR,HIGH,"Qty 1, Unit Pc, PU 2000",,
Hettich,"Connecting Fittings - Rastex, Rapid Dowels, VB Connectors & Misc. Connectors",Rastex - 2 Part Set,9047861,Twister screw in Dowel DU 232T - O 5 mm,177,HIGH,HS Code 73181499,,,,Standard,7.00,INR,HIGH,"Qty 1, Unit Pc, PU 2000",,
Hettich,"Connecting Fittings - Rastex, Rapid Dowels, VB Connectors & Misc. Connectors",Rastex - 2 Part Set,9323003,BOM Code - Total Set (Rastex - 2 Part Set),177,HIGH,BOM total-set row; no HS Code printed for this row,,,,Standard,15.00,INR,HIGH,"Qty , Unit , PU",,
Hettich,"Connecting Fittings - Rastex, Rapid Dowels, VB Connectors & Misc. Connectors",Rastex Cover Cap for Rastex 15 without rim,1008524,Cover Cap Rastex 15 White,177,HIGH,HS Code 39269097,,,,White,100.00,INR,HIGH,"Qty 100, Unit Pc, PU 5000",,
Hettich,"Connecting Fittings - Rastex, Rapid Dowels, VB Connectors & Misc. Connectors",Rastex Cover Cap for Rastex 15 without rim,1008525,Cover Cap Rastex 15 Brown,177,HIGH,HS Code 39269097,,,,Brown,100.00,INR,HIGH,"Qty 100, Unit Pc, PU 5000",,
Hettich,"Connecting Fittings - Rastex, Rapid Dowels, VB Connectors & Misc. Connectors",Rastex Cover Cap for Rastex 15 without rim,1009563,Cover Cap Rastex 15 Black,177,HIGH,HS Code 39269097,,,,Black,100.00,INR,HIGH,"Qty 100, Unit Pc, PU 5000",,
Hettich,"Connecting Fittings - Rastex, Rapid Dowels, VB Connectors & Misc. Connectors",Rastex Misc.,9064684,Rastex (Cam) 15/15 nickel plated.,177,HIGH,HS Code 83024200,,,,Nickel plated,800.00,INR,HIGH,"Qty 100, Unit Pc, PU 2000",,
Hettich,"Connecting Fittings - Rastex, Rapid Dowels, VB Connectors & Misc. Connectors",Rastex Misc.,13962,Rastex 15 without rim/18 Bright,177,HIGH,HS Code 83024200; SAP code 9056599 differs from Article No 13962,,,,Bright,800.00,INR,HIGH,"Qty 100, Unit Pc, PU 2000",,
Hettich,"Connecting Fittings - Rastex, Rapid Dowels, VB Connectors & Misc. Connectors",Rastex Misc.,1079580,Double Dowel Du853 chrome with seeger circle ring,177,HIGH,HS Code 83024200,,,,Chrome,37.00,INR,HIGH,"Qty 1, Unit Pc, PU 250",,
Hettich,"Connecting Fittings - Rastex, Rapid Dowels, VB Connectors & Misc. Connectors",VB Connectors,47454,"VB 21 for 19-20 mm shelves, without rib.",177,HIGH,HS Code 83024200,,,,Standard,79.00,INR,HIGH,"Qty 1, Unit Pc, PU 200",,
Hettich,"Connecting Fittings - Rastex, Rapid Dowels, VB Connectors & Misc. Connectors",VB Connectors,65529,"VB 36 / 19 for 19 mm shelves, without rib nickel plated",177,HIGH,HS Code 83024200; SAP code 9143778 differs from Article No 65529,,,,Nickel plated,72.00,INR,HIGH,"Qty 1, Unit Pc, PU 200",,
Hettich,"Connecting Fittings - Rastex, Rapid Dowels, VB Connectors & Misc. Connectors",VB Connectors,9039828,"Screw in dowel DU 327 Steel Bright, Drill dia 5 mm",177,HIGH,HS Code 73181499,,,,Steel Bright,760.00,INR,HIGH,"Qty 100, Unit Pc, PU 5000",,
Hettich,"Connecting Fittings - Rastex, Rapid Dowels, VB Connectors & Misc. Connectors",VB Connectors,9116929,"VB 35 / 19 for 19 mm shelves, without rib. White",177,HIGH,HS Code 94039010,,,,White,17.00,INR,HIGH,"Qty 1, Unit Pc, PU 1000",,
Hettich,"Connecting Fittings - Rastex, Rapid Dowels, VB Connectors & Misc. Connectors",VB Connectors,65513,"VB 35 / 19 for 19 mm shelves, without rib. nickel plated",177,HIGH,HS Code 83024200; SAP code 9143776 differs from Article No 65513,,,,Nickel plated,48.00,INR,HIGH,"Qty 1, Unit Pc, PU 200",,
Hettich,"Connecting Fittings - Rastex, Rapid Dowels, VB Connectors & Misc. Connectors",VB Connectors,74688,"Screw in dowel DU 321, Drill dia 5 mm",177,HIGH,HS Code 83024200,,,,Standard,860.00,INR,HIGH,"Qty 100, Unit Pc, PU 200",,
Hettich,"Connecting Fittings - Rastex, Rapid Dowels, VB Connectors & Misc. Connectors",Connectors Misc.,79438,Rear-panel connector RV 8,177,HIGH,HS Code 94039090,,,,Standard,600.00,INR,HIGH,"Qty 100, Unit Pc, PU 200",,
Hettich,Connecting Fittings,Franke Fittings,9060089,"Franko-Flex 90°, 10 Positions (44745)",178,HIGH,HS Code: 83024200,,,,Standard,960.00,INR,HIGH,"Qty 1, Unit Pc, PU 50",,
Hettich,Connecting Fittings,Franke Fittings,9130900,Cover Cap Chrome for Round Link Vario-Flex,178,HIGH,HS Code: 83024200,,,,Chrome,215.00,INR,HIGH,"Qty 1, Unit Pc, PU 200",,
Hettich,Connecting Fittings,Franke Fittings,9125137,Vario-Flex 0-90° with Round Link Chromed,178,HIGH,HS Code: 83024200,,,,Chrome,1140.00,INR,HIGH,"Qty 1, Unit Pc, PU 25",,
Hettich,Connecting Fittings,Franke Fittings,9125138,Vario-Flex 270-360° with Round Link Chromed,178,HIGH,HS Code: 83024200,,,,Chrome,1140.00,INR,HIGH,"Qty 1, Unit Pc, PU 25",,
Hettich,Connecting Fittings,Cabinet Connector,9402569,VHS 32/35 28-36 mm,178,HIGH,HS Code: 73181692,,,,Standard,567.00,INR,HIGH,"Qty 100, Unit Pc, PU 1000",,
Hettich,Connecting Fittings,Cabinet Connector,9402570,VHS 32/35 36-44 mm,178,HIGH,HS Code: 73181900,,,,Standard,740.00,INR,HIGH,"Qty 100, Unit Pc, PU 1000",,
Hettich,Connecting Fittings,Cabinet Connector,9402568,VHS Screw SMG M4x15 (To be ordered along with VHS 32/35),178,HIGH,HS Code: 73181558,,,,Standard,200.00,INR,HIGH,"Qty 100, Unit Pc, PU 1000",,
Hettich,Connecting Fittings,Misc Fittings,1009684,Multi-Clip PVC Black,178,HIGH,HS Code: 39263000,,,,Black,2500.00,INR,HIGH,"Qty 100, Unit Pc, PU 200",,
Hettich,Connecting Fittings,Misc Fittings,9302837,Universal angle 31x31 mm,178,HIGH,HS Code: 83024200,,,,Standard,1500.00,INR,HIGH,"Qty 100, Unit Pc, PU 100",,
Hettich,Connecting Fittings,Misc Fittings,9302840,Universal Angle 41x41 mm,178,HIGH,HS Code: 83024200,,,,Standard,1600.00,INR,HIGH,"Qty 100, Unit Pc, PU 100",,
Hettich,Connecting Fittings,Plastic Socket,1004932,Expanding Socket 43 Ø5 L13 PL,178,HIGH,HS Code: 39269097,,,,Standard,140.00,INR,HIGH,"Qty 100, Unit Pc, PU 10000",,
Hettich,Connecting Fittings,Plastic Socket,1004933,Expanding Socket 66 Ø5 L9 PL,178,HIGH,HS Code: 39269097,,,,Standard,200.00,INR,HIGH,"Qty 100, Unit Pc, PU 10000",,
Hettich,Connecting Fittings,Plastic Socket,9426424,T43 Hinge Screws M5X11,178,HIGH,HS Code: 73181558,,,,Standard,300.00,INR,HIGH,"Qty 100, Unit Pc, PU 1000",,
Hettich,Connecting Fittings,Plastic Socket,1058613,T43 Hinge Sockets Ø10 mm,178,HIGH,HS Code: 39269097,,,,Standard,500.00,INR,HIGH,"Qty 100, Unit Pc, PU 10000",10,
Hettich,Connecting Fittings,Wooden Dowel,9290706,Wooden Dowel 8.0 X 30 mm,178,HIGH,HS Code: 44219999,,,,Standard,91.00,INR,HIGH,"Qty 100, Unit Pc, PU 2000",,
Hettich,Connecting Fittings,Wooden Dowel,9102465,Wooden Dowel 8.0 X 40 mm,178,HIGH,HS Code: 44219999,,,,Standard,91.00,INR,HIGH,"Qty 100, Unit Pc, PU 2000",,
Hettich,Connecting Fittings,Wooden Dowel,9290708,Wooden Dowel 6.0 X 35 mm,178,HIGH,HS Code: 44219999,,,,Standard,80.00,INR,HIGH,"Qty 100, Unit Pc, PU 2000",,
Hettich,Connecting Fittings,Euro Adjustable Legs,40438,Base Adjustable Stop 60-80 A,179,HIGH,HS Code: 39263000,,,,Standard,506.00,INR,HIGH,"Qty 1, Unit Pc, PU 100",,
Hettich,Connecting Fittings,Euro Adjustable Legs,71840,Euro-Base Adjustable 100 mm,179,HIGH,HS Code: 39263000; SAP code 9028440 differs from Article No 71840,,,,Standard,67.00,INR,HIGH,"Qty 1, Unit Pc, PU 100",100,
Hettich,Connecting Fittings,Euro Adjustable Legs,71841,Euro-Base Adjustable 130 mm,179,HIGH,HS Code: 39263000; SAP code 9054653 differs from Article No 71841,,,,Standard,79.00,INR,HIGH,"Qty 1, Unit Pc, PU 100",130,
Hettich,Connecting Fittings,Euro Adjustable Legs,71842,Euro-Base Adjustable 150 mm,179,HIGH,HS Code: 39263000; SAP code 9300596 differs from Article No 71842,,,,Standard,68.00,INR,HIGH,"Qty 1, Unit Pc, PU 100",150,
Hettich,Connecting Fittings,Euro Adjustable Legs,71847,Euro-PC Fixing Block Screw-On,179,HIGH,HS Code: 39263000; SAP code 9056095 differs from Article No 71847,,,,Standard,47.00,INR,HIGH,"Qty 1, Unit Pc, PU 100",,
Hettich,Connecting Fittings,Euro Adjustable Legs,71845,Euro-PC Clips Screw-On,179,HIGH,HS Code: 39263000; SAP code 9138216 differs from Article No 71845,,,,Standard,1000.00,INR,HIGH,"Qty 100, Unit Pc, PU 100",,
Hettich,Connecting Fittings,Euro Adjustable Legs,9020484,Euro-Base Plinth Plate Screw-On Self Colour,179,HIGH,HS Code: 39263000,,,,Self Colour,460.00,INR,HIGH,"Qty 100, Unit Pc, PU 100",,
Hettich,Connecting Fittings,Blue Max Mini Machine,20264,Blue Max Mini T2/6 230V 50 HZ 1 PH,179,HIGH,HS Code: 84651010; SAP 9238684,,,,Standard,71720.00,INR,HIGH,"Qty 1, Unit Pc, PU 1",,
Hettich,Connecting Fittings,Blue Max Mini Machine,20485,Fence Extension with Scale,179,HIGH,HS Code: 84669200,,,,Standard,3610.00,INR,HIGH,"Qty 1, Unit Set, PU 1",,
Hettich,Connecting Fittings,Blue Max Mini Machine,20486,Holder For Fence Extension,179,HIGH,HS Code: 84669200,,,,Standard,2430.00,INR,HIGH,"Qty 1, Unit Set, PU 1",,
Hettich,Connecting Fittings,Blue Max Mini Machine,20487,Set Of Fixed Stop,179,HIGH,HS Code: 84669200,,,,Standard,950.00,INR,HIGH,"Qty 1, Unit Set, PU 1",,
Hettich,Connecting Fittings,Blue Max Mini Machine,20488,Pendulum Stop For Fence- 61265,179,HIGH,HS Code: 84669200,,,,Standard,1620.00,INR,HIGH,"Qty 2, Unit Set, PU 2",,
Hettich,Connecting Fittings,Blue Max Mini Machine,20490,Set Of Drill Bits For Hinges,179,HIGH,HS Code: 82075060,,,,Standard,5400.00,INR,HIGH,"Qty 1, Unit Set, PU 1",,
Hettich,Connecting Fittings,Blue Max Mini Machine,20492,Set Of Drill Bits For VB 18/19/20/21,179,HIGH,HS Code: 82075060,,,,Standard,8880.00,INR,HIGH,"Qty 2, Unit Set, PU 2",,
Hettich,Connecting Fittings,Blue Max Mini Machine,20498,Drill Bit D. 5 mm Left Hand,179,HIGH,HS Code: 82075060,,,,Standard,1640.00,INR,HIGH,"Qty 2, Unit Pc, PU 2",5,
Hettich,Connecting Fittings,Blue Max Mini Machine,20499,Drill Bit D. 2 mm Left Hand,179,HIGH,HS Code: 82075060,,,,Standard,2640.00,INR,HIGH,"Qty 2, Unit Pc, PU 2",2,
Hettich,Connecting Fittings,Blue Max Mini Machine,9242840,Total (Blue Max Mini Machine Set),179,HIGH,,,,,Standard,98890.00,INR,HIGH,,,
Hettich,Connecting Fittings,Locks,43635,Multi-Purpose Square Lock 22mm - 200 KC,179,HIGH,HS Code: 83013000,,,,Standard,251.00,INR,HIGH,"Qty 1, Unit Set, PU 100",22,
Hettich,Connecting Fittings,Locks,9110389,Multi-Purpose Square Lock 32mm - 200 KC,179,HIGH,HS Code: 83013000,,,,Standard,288.00,INR,HIGH,"Qty 1, Unit Set, PU 100",32,
Hettich,Connecting Fittings,Locks,9246395,Multi-Purpose Square Lock 22mm - 400 KC with Foldable & Master key,179,HIGH,HS Code: 83013000,,,,Standard,288.00,INR,HIGH,"Qty 1, Unit Set, PU 100",22,
Hettich,Connecting Fittings,Locks,9259400,Multi-drawer Pedestal Lock 22 mm - 200 KC,179,HIGH,HS Code: 83013000,,,,Standard,211.00,INR,HIGH,"Qty 1, Unit Set, PU 100",22,
Hettich,Connecting Fittings,Locks,9289652,Multi-drawer Pedestal Lock 22 mm - 400 KC with Foldable Key and Master Key,179,HIGH,HS Code: 83013000,,,,Standard,236.00,INR,HIGH,"Qty 1, Unit Set, PU 200",22,
Hettich,Connecting Fittings,Locks,9259415,MD Lock Accessories & Rod,179,HIGH,HS Code: 83016000,,,,Standard,214.00,INR,HIGH,"Qty 1, Unit Set, PU 100",,
Hettich,Connecting Fittings,Locks,30125,Stop bracket Type-3011 (For Multi Purpose Locks),179,HIGH,HS Code: 83024200,,,,Standard,460.00,INR,HIGH,"Qty 10, Unit Pc, PU 100",,
Hettich,Connecting Fittings,Push Lock,9180613,Push-Lock 22mm 200 KC with Master Key,179,HIGH,HS Code: 83013000,,,,Standard,223.00,INR,HIGH,"Qty 1, Unit Set, PU 200",22,
Hettich,Connecting Fittings,Push Lock,9182732,Push-Lock 32mm 200 KC with Master Key,179,HIGH,HS Code: 83013000,,,,Standard,236.00,INR,HIGH,"Qty 1, Unit Set, PU 200",32,
Hettich,Connecting Fittings,Numeric Lock,930123401,Numerical Lock - Left/908L with Master Key,179,HIGH,,,,,Standard,705.00,INR,HIGH,,,
Hettich,Connecting Fittings,Numeric Lock,930123402,Numerical Lock - Left/908L with Master Key & Accessories,179,HIGH,HS Code: 83013000; note on page: order model 908L for right side of cabinet,,,,Standard,705.00,INR,HIGH,"Qty 1, Unit Set, PU 200",,
Hettich,Connecting Fittings,Numeric Lock,930123501,Numerical Lock - Right/908R with Master Key,179,HIGH,,,,,Standard,705.00,INR,HIGH,,,
Hettich,Connecting Fittings,Numeric Lock,930123502,Numerical Lock - Right/908R with Master Key & Accessories,179,HIGH,HS Code: 83013000; note on page: order model 908R for left side of cabinet,,,,Standard,705.00,INR,HIGH,"Qty 1, Unit Set, PU 200",,
Hettich,Connecting Fittings,Espagnolette Cabinet Lock For 20 mm Doors Upto 8 ft,9136128,Prestige 2000 Set Z23 Dia 18 mm - 20 mm,180,HIGH,HS Code: 83013000,,,,Standard,1455.00,INR,HIGH,"Qty 1, Unit Set, PU 10",,
Hettich,Connecting Fittings,Espagnolette Cabinet Lock For 20 mm Doors Upto 8 ft,72251,Espagnolette rod 1000 mm length,180,HIGH,HS Code: 83013000,,,,Standard,232.00,INR,HIGH,"Qty 1, Unit Set, PU 10",1000,
Hettich,Connecting Fittings,Espagnolette Cabinet Lock For 20 mm Doors Upto 8 ft,72253,Espagnolette rod 1500 mm length,180,HIGH,HS Code: 83013000,,,,Standard,352.00,INR,HIGH,"Qty 1, Unit Set, PU 10",1500,
Hettich,Connecting Fittings,Espagnolette Cabinet Lock For 20 mm Doors Upto 8 ft,9078861,Lock Barrel+Keys Z23 18001-18050,180,HIGH,HS Code: 83013000,,,,Standard,577.00,INR,HIGH,"Qty 1, Unit Set, PU 10",,
Hettich,Connecting Fittings,Espagnolette Cabinet Lock For 26 mm Doors Upto 8 ft,9154261,Prestige 2000 Set Z23 Dia 18 mm - 26 mm,180,HIGH,HS Code: 83013000,,,,Standard,1497.00,INR,HIGH,"Qty 1, Unit Set, PU 10",,
Hettich,Connecting Fittings,Espagnolette Cabinet Lock For 26 mm Doors Upto 8 ft,72251,Espagnolette rod 1000 mm length,180,HIGH,HS Code: 83013000,,,,Standard,232.00,INR,HIGH,"Qty 1, Unit Set, PU 10",1000,
Hettich,Connecting Fittings,Espagnolette Cabinet Lock For 26 mm Doors Upto 8 ft,72253,Espagnolette rod 1500 mm length,180,HIGH,HS Code: 83013000,,,,Standard,352.00,INR,HIGH,"Qty 1, Unit Set, PU 10",1500,
Hettich,Connecting Fittings,Espagnolette Cabinet Lock For 26 mm Doors Upto 8 ft,9078861,Lock Barrel+Keys Z23 18001-18050,180,HIGH,HS Code: 83013000,,,,Standard,577.00,INR,HIGH,"Qty 1, Unit Set, PU 10",,
Hettich,Connecting Fittings,Cylinder Lock Set for 3-Door Sliding-Door Cabinets (Max Door Width=1200 mm; Thickness 20-22 mm),9133927,3 Door Sliding Lock Set Z23 Dia 18 mm,180,HIGH,HS Code: 83013000,,,,Standard,2850.00,INR,HIGH,"Qty 1, Unit Set, PU 10",,
Hettich,Connecting Fittings,Cylinder Lock Set for 3-Door Sliding-Door Cabinets (Max Door Width=1200 mm; Thickness 20-22 mm),9078861,Lock Barrel+Keys Z23 18001-18050,180,HIGH,HS Code: 83013000,,,,Standard,577.00,INR,HIGH,"Qty 1, Unit Set, PU 10",,
Hettich,Connecting Fittings,Cylinder Lock Set for 2-Door Sliding-Door Cabinets (Max Door Width=1500 mm; Thickness 20-28 mm),9133926,2 Door Sliding Lock Set Z23 Dia 18 mm,180,HIGH,HS Code: 83013000,,,,Standard,2000.00,INR,HIGH,"Qty 1, Unit Set, PU 10",,
Hettich,Connecting Fittings,Cylinder Lock Set for 2-Door Sliding-Door Cabinets (Max Door Width=1500 mm; Thickness 20-28 mm),9078861,Lock Barrel+Keys Z23 18001-18050,180,HIGH,HS Code: 83013000,,,,Standard,577.00,INR,HIGH,"Qty 1, Unit Set, PU 10",,
Hettich,Connecting Fittings,Automatic Door Bolt Nickel,48259,Automatic Door Bolt Nickel,180,HIGH,HS Code: 83013000,,,,Nickel,920.00,INR,HIGH,"Qty 1, Unit Pc, PU 10",,
Hettich,Aluminium Profiles,19 mm Straight Frame Profile,9348526,19 mm Straight Frame Profile 3000 mm,182,HIGH,HS Code: 76042990; Glass thickness: 4 mm; code marked * = Available till stock last,,,,Matt Black,2627.00,INR,HIGH,"Unit Pc, PU 8",19,
Hettich,Aluminium Profiles,19 mm Straight Frame Profile,9348527,19 mm Straight Frame Profile 3000 mm,182,HIGH,HS Code: 76042990; Glass thickness: 4 mm; code marked * = Available till stock last,,,,Champagne,2627.00,INR,HIGH,"Unit Pc, PU 8",19,
Hettich,Aluminium Profiles,19 mm Straight Frame Profile,9348528,19 mm Straight Frame Profile 3000 mm,182,HIGH,HS Code: 76042990; Glass thickness: 4 mm; code marked * = Available till stock last,,,,Stainless Steel,2627.00,INR,HIGH,"Unit Pc, PU 8",19,
Hettich,Aluminium Profiles,19 mm Straight Frame Profile,9348529,19 mm Straight Frame Profile 3000 mm,182,HIGH,HS Code: 76042990; Glass thickness: 4 mm; code marked * = Available till stock last,,,,Grey,2627.00,INR,HIGH,"Unit Pc, PU 8",19,
Hettich,Aluminium Profiles,19 mm Straight Frame Profile,9348530,19 mm Straight Frame Profile 3000 mm,182,HIGH,HS Code: 76042990; Glass thickness: 4 mm; code marked * = Available till stock last,,,,Copper,2627.00,INR,HIGH,"Unit Pc, PU 8",19,
Hettich,Aluminium Profiles,19 mm Straight Frame Profile,9348531,19 mm Straight Frame Profile 3000 mm,182,HIGH,HS Code: 76042990; Glass thickness: 4 mm; code marked * = Available till stock last,,,,Bright Chrome,2891.00,INR,HIGH,"Unit Pc, PU 8",19,
Hettich,Aluminium Profiles,19 mm Straight Frame Profile,9348532,19 mm Straight Frame Profile 3000 mm,182,HIGH,HS Code: 76042990; Glass thickness: 4 mm; code marked * = Available till stock last,,,,Rose,2891.00,INR,HIGH,"Unit Pc, PU 8",19,
Hettich,Aluminium Profiles,19 mm Straight Frame Profile,9348533,19 mm Straight Frame Profile 3000 mm,182,HIGH,HS Code: 76042990; Glass thickness: 4 mm; code marked * = Available till stock last,,,,Golden,2891.00,INR,HIGH,"Unit Pc, PU 8",19,
Hettich,Aluminium Profiles,19 mm Straight Frame Profile with handle,9348535,19 mm Straight Frame Profile with handle 3000 mm,182,HIGH,HS Code: 76042990; Glass thickness: 4 mm; code marked * = Available till stock last,,,,Matt Black,3287.00,INR,HIGH,"Unit Pc, PU 8",19,
Hettich,Aluminium Profiles,19 mm Straight Frame Profile with handle,9348536,19 mm Straight Frame Profile with handle 3000 mm,182,HIGH,HS Code: 76042990; Glass thickness: 4 mm; code marked * = Available till stock last,,,,Champagne,3287.00,INR,HIGH,"Unit Pc, PU 8",19,
Hettich,Aluminium Profiles,19 mm Straight Frame Profile with handle,9348537,19 mm Straight Frame Profile with handle 3000 mm,182,HIGH,HS Code: 76042990; Glass thickness: 4 mm; code marked * = Available till stock last,,,,Stainless Steel,3287.00,INR,HIGH,"Unit Pc, PU 8",19,
Hettich,Aluminium Profiles,19 mm Straight Frame Profile with handle,9348538,19 mm Straight Frame Profile with handle 3000 mm,182,HIGH,HS Code: 76042990; Glass thickness: 4 mm; code marked * = Available till stock last,,,,Grey,3287.00,INR,HIGH,"Unit Pc, PU 8",19,
Hettich,Aluminium Profiles,19 mm Straight Frame Profile with handle,9348539,19 mm Straight Frame Profile with handle 3000 mm,182,HIGH,HS Code: 76042990; Glass thickness: 4 mm; code marked * = Available till stock last,,,,Copper,3287.00,INR,HIGH,"Unit Pc, PU 8",19,
Hettich,Aluminium Profiles,19 mm Straight Frame Profile with handle,9348540,19 mm Straight Frame Profile with handle 3000 mm,182,HIGH,HS Code: 76042990; Glass thickness: 4 mm; code marked * = Available till stock last,,,,Bright Chrome,3419.00,INR,HIGH,"Unit Pc, PU 8",19,
Hettich,Aluminium Profiles,19 mm Straight Frame Profile with handle,9348541,19 mm Straight Frame Profile with handle 3000 mm,182,HIGH,HS Code: 76042990; Glass thickness: 4 mm; code marked * = Available till stock last,,,,Rose,3419.00,INR,HIGH,"Unit Pc, PU 8",19,
Hettich,Aluminium Profiles,19 mm Straight Frame Profile with handle,9348542,19 mm Straight Frame Profile with handle 3000 mm,182,HIGH,HS Code: 76042990; Glass thickness: 4 mm; code marked * = Available till stock last,,,,Golden,3419.00,INR,HIGH,"Unit Pc, PU 8",19,
Hettich,Aluminium Profiles,45 mm Straight Frame Profile,9345502,45 mm Straight Frame Profile 3000 mm,182,HIGH,HS Code: 76042990; Glass thickness: 4 mm; code marked * = Available till stock last,,,,Matt Black,4158.00,INR,HIGH,"Unit Pc, PU 4",45,
Hettich,Aluminium Profiles,45 mm Straight Frame Profile,9345503,45 mm Straight Frame Profile 3000 mm,182,HIGH,HS Code: 76042990; Glass thickness: 4 mm; code marked * = Available till stock last,,,,Champagne,4158.00,INR,HIGH,"Unit Pc, PU 4",45,
Hettich,Aluminium Profiles,45 mm Straight Frame Profile,9345505,45 mm Straight Frame Profile 3000 mm,182,HIGH,HS Code: 76042990; Glass thickness: 4 mm; code marked * = Available till stock last,,,,Stainless Steel,4158.00,INR,HIGH,"Unit Pc, PU 4",45,
Hettich,Aluminium Profiles,45 mm Straight Frame Profile,9345506,45 mm Straight Frame Profile 3000 mm,182,HIGH,HS Code: 76042990; Glass thickness: 4 mm; code marked * = Available till stock last,,,,Grey,4158.00,INR,HIGH,"Unit Pc, PU 4",45,
Hettich,Aluminium Profiles,45 mm Straight Frame Profile,9345507,45 mm Straight Frame Profile 3000 mm,182,HIGH,HS Code: 76042990; Glass thickness: 4 mm; code marked * = Available till stock last,,,,Copper,4158.00,INR,HIGH,"Unit Pc, PU 4",45,
Hettich,Aluminium Profiles,45 mm Straight Frame Profile,9345508,45 mm Straight Frame Profile 3000 mm,182,HIGH,HS Code: 76042990; Glass thickness: 4 mm; code marked * = Available till stock last,,,,Bright Chrome,4875.00,INR,HIGH,"Unit Pc, PU 4",45,
Hettich,Aluminium Profiles,45 mm Straight Frame Profile,9345510,45 mm Straight Frame Profile 3000 mm,182,HIGH,HS Code: 76042990; Glass thickness: 4 mm; code marked * = Available till stock last,,,,Rose,4875.00,INR,HIGH,"Unit Pc, PU 4",45,
Hettich,Aluminium Profiles,45 mm Straight Frame Profile,9345511,45 mm Straight Frame Profile 3000 mm,182,HIGH,HS Code: 76042990; Glass thickness: 4 mm; code marked * = Available till stock last,,,,Golden,4875.00,INR,HIGH,"Unit Pc, PU 4",45,
Hettich,Aluminium Profiles,45 mm Straight Frame Profile with F Handle,9345512,45 mm Straight Frame Profile with F Handle 3000 mm,182,HIGH,HS Code: 76042990; Glass thickness: 4 mm; code marked * = Available till stock last,,,,Matt Black,5082.00,INR,HIGH,"Unit Pc, PU 4",45,
Hettich,Aluminium Profiles,45 mm Straight Frame Profile with F Handle,9345516,45 mm Straight Frame Profile with F Handle 3000 mm,182,HIGH,HS Code: 76042990; Glass thickness: 4 mm; code marked * = Available till stock last,,,,Champagne,5082.00,INR,HIGH,"Unit Pc, PU 4",45,
Hettich,Aluminium Profiles,45 mm Straight Frame Profile with F Handle,9345517,45 mm Straight Frame Profile with F Handle 3000 mm,182,HIGH,HS Code: 76042990; Glass thickness: 4 mm; code marked * = Available till stock last,,,,Stainless Steel,5082.00,INR,HIGH,"Unit Pc, PU 4",45,
Hettich,Aluminium Profiles,45 mm Straight Frame Profile with F Handle,9345518,45 mm Straight Frame Profile with F Handle 3000 mm,182,HIGH,HS Code: 76042990; Glass thickness: 4 mm; code marked * = Available till stock last,,,,Grey,5082.00,INR,HIGH,"Unit Pc, PU 4",45,
Hettich,Aluminium Profiles,45 mm Straight Frame Profile with F Handle,9345519,45 mm Straight Frame Profile with F Handle 3000 mm,182,HIGH,HS Code: 76042990; Glass thickness: 4 mm; code marked * = Available till stock last,,,,Copper,5082.00,INR,HIGH,"Unit Pc, PU 4",45,
Hettich,Aluminium Profiles,45 mm Straight Frame Profile with F Handle,9345521,45 mm Straight Frame Profile with F Handle 3000 mm,182,HIGH,HS Code: 76042990; Glass thickness: 4 mm; code marked * = Available till stock last,,,,Bright Chrome,5938.00,INR,HIGH,"Unit Pc, PU 4",45,
Hettich,Aluminium Profiles,45 mm Straight Frame Profile with F Handle,9345522,45 mm Straight Frame Profile with F Handle 3000 mm,182,HIGH,HS Code: 76042990; Glass thickness: 4 mm; code marked * = Available till stock last,,,,Rose,5938.00,INR,HIGH,"Unit Pc, PU 4",45,
Hettich,Aluminium Profiles,45 mm Straight Frame Profile with F Handle,9345523,45 mm Straight Frame Profile with F Handle 3000 mm,182,HIGH,HS Code: 76042990; Glass thickness: 4 mm; code marked * = Available till stock last,,,,Golden,5938.00,INR,HIGH,"Unit Pc, PU 4",45,
Hettich,Aluminium Profiles,45 mm Straight Frame Profile with I Handle,9348544,45 mm Straight Frame Profile with I Handle 3000 mm,182,HIGH,HS Code: 76042990; Glass thickness: 4 mm; code marked * = Available till stock last,,,,Matt Black,4871.00,INR,HIGH,"Unit Pc, PU 4",45,
Hettich,Aluminium Profiles,45 mm Straight Frame Profile with I Handle,9348545,45 mm Straight Frame Profile with I Handle 3000 mm,182,HIGH,HS Code: 76042990; Glass thickness: 4 mm; code marked * = Available till stock last,,,,Champagne,4871.00,INR,HIGH,"Unit Pc, PU 4",45,
Hettich,Aluminium Profiles,45 mm Straight Frame Profile with I Handle,9348546,45 mm Straight Frame Profile with I Handle 3000 mm,182,HIGH,HS Code: 76042990; Glass thickness: 4 mm; code marked * = Available till stock last,,,,Stainless Steel,4871.00,INR,HIGH,"Unit Pc, PU 4",45,
Hettich,Aluminium Profiles,45 mm Straight Frame Profile with I Handle,9348547,45 mm Straight Frame Profile with I Handle 3000 mm,182,HIGH,HS Code: 76042990; Glass thickness: 4 mm; code marked * = Available till stock last,,,,Grey,4871.00,INR,HIGH,"Unit Pc, PU 4",45,
Hettich,Aluminium Profiles,45 mm Straight Frame Profile with I Handle,9348548,45 mm Straight Frame Profile with I Handle 3000 mm,182,HIGH,HS Code: 76042990; Glass thickness: 4 mm; code marked * = Available till stock last,,,,Copper,4871.00,INR,HIGH,"Unit Pc, PU 4",45,
Hettich,Aluminium Profiles,45 mm Straight Frame Profile with I Handle,9348549,45 mm Straight Frame Profile with I Handle 3000 mm,182,HIGH,HS Code: 76042990; Glass thickness: 4 mm; code marked * = Available till stock last,,,,Bright Chrome,5267.00,INR,HIGH,"Unit Pc, PU 4",45,
Hettich,Aluminium Profiles,45 mm Straight Frame Profile with I Handle,9348550,45 mm Straight Frame Profile with I Handle 3000 mm,182,HIGH,HS Code: 76042990; Glass thickness: 4 mm; code marked * = Available till stock last,,,,Rose,5267.00,INR,HIGH,"Unit Pc, PU 4",45,
Hettich,Aluminium Profiles,45 mm Straight Frame Profile with I Handle,9348551,45 mm Straight Frame Profile with I Handle 3000 mm,182,HIGH,HS Code: 76042990; Glass thickness: 4 mm; code marked * = Available till stock last,,,,Golden,5267.00,INR,HIGH,"Unit Pc, PU 4",45,
Hettich,Aluminium Profiles,55 mm Straight Frame Profile,9345456,55 mm Straight Frame Profile 3000 mm,182,HIGH,HS Code: 76042990; Glass thickness: 4 mm; code marked * = Available till stock last,,,,Matt Black,4686.00,INR,HIGH,"Unit Pc, PU 4",55,
Hettich,Aluminium Profiles,55 mm Straight Frame Profile,9345457,55 mm Straight Frame Profile 3000 mm,182,HIGH,HS Code: 76042990; Glass thickness: 4 mm; code marked * = Available till stock last,,,,Champagne,4686.00,INR,HIGH,"Unit Pc, PU 4",55,
Hettich,Aluminium Profiles,55 mm Straight Frame Profile,9345458,55 mm Straight Frame Profile 3000 mm,182,HIGH,HS Code: 76042990; Glass thickness: 4 mm; code marked * = Available till stock last,,,,Stainless Steel,4686.00,INR,HIGH,"Unit Pc, PU 4",55,
Hettich,Aluminium Profiles,55 mm Straight Frame Profile,9345459,55 mm Straight Frame Profile 3000 mm,182,HIGH,HS Code: 76042990; Glass thickness: 4 mm; code marked * = Available till stock last,,,,Grey,4686.00,INR,HIGH,"Unit Pc, PU 4",55,
Hettich,Aluminium Profiles,55 mm Straight Frame Profile,9345460,55 mm Straight Frame Profile 3000 mm,182,HIGH,HS Code: 76042990; Glass thickness: 4 mm; code marked * = Available till stock last,,,,Copper,4686.00,INR,HIGH,"Unit Pc, PU 4",55,
Hettich,Aluminium Profiles,55 mm Straight Frame Profile,9345491,55 mm Straight Frame Profile 3000 mm,182,HIGH,HS Code: 76042990; Glass thickness: 4 mm; code marked * = Available till stock last,,,,Bright Chrome,5563.00,INR,HIGH,"Unit Pc, PU 4",55,
Hettich,Aluminium Profiles,55 mm Straight Frame Profile,9345492,55 mm Straight Frame Profile 3000 mm,182,HIGH,HS Code: 76042990; Glass thickness: 4 mm; code marked * = Available till stock last,,,,Rose,5563.00,INR,HIGH,"Unit Pc, PU 4",55,
Hettich,Aluminium Profiles,55 mm Straight Frame Profile,9345493,55 mm Straight Frame Profile 3000 mm,182,HIGH,HS Code: 76042990; Glass thickness: 4 mm; code marked * = Available till stock last,,,,Golden,5563.00,INR,HIGH,"Unit Pc, PU 4",55,
Hettich,Aluminium Profiles,55 mm Straight Frame Profile with C Handle,9345494,55 mm Straight Frame Profile with C Handle 3000 mm,183,HIGH,HS Code: 76042990; Glass thickness: 4 mm; code marked * = Available till stock last,,,,Matt Black,5874.00,INR,HIGH,"Unit Pc, PU 4",55,
Hettich,Aluminium Profiles,55 mm Straight Frame Profile with C Handle,9345495,55 mm Straight Frame Profile with C Handle 3000 mm,183,HIGH,HS Code: 76042990; Glass thickness: 4 mm; code marked * = Available till stock last,,,,Champagne,5874.00,INR,HIGH,"Unit Pc, PU 4",55,
Hettich,Aluminium Profiles,55 mm Straight Frame Profile with C Handle,9345496,55 mm Straight Frame Profile with C Handle 3000 mm,183,HIGH,HS Code: 76042990; Glass thickness: 4 mm; code marked * = Available till stock last,,,,Stainless Steel,5874.00,INR,HIGH,"Unit Pc, PU 4",55,
Hettich,Aluminium Profiles,55 mm Straight Frame Profile with C Handle,9345497,55 mm Straight Frame Profile with C Handle 3000 mm,183,HIGH,HS Code: 76042990; Glass thickness: 4 mm; code marked * = Available till stock last,,,,Grey,5874.00,INR,HIGH,"Unit Pc, PU 4",55,
Hettich,Aluminium Profiles,55 mm Straight Frame Profile with C Handle,9345498,55 mm Straight Frame Profile with C Handle 3000 mm,183,HIGH,HS Code: 76042990; Glass thickness: 4 mm; code marked * = Available till stock last,,,,Copper,5874.00,INR,HIGH,"Unit Pc, PU 4",55,
Hettich,Aluminium Profiles,55 mm Straight Frame Profile with C Handle,9345499,55 mm Straight Frame Profile with C Handle 3000 mm,183,HIGH,HS Code: 76042990; Glass thickness: 4 mm; code marked * = Available till stock last,,,,Bright Chrome,6875.00,INR,HIGH,"Unit Pc, PU 4",55,
Hettich,Aluminium Profiles,55 mm Straight Frame Profile with C Handle,9345500,55 mm Straight Frame Profile with C Handle 3000 mm,183,HIGH,HS Code: 76042990; Glass thickness: 4 mm; code marked * = Available till stock last,,,,Rose,6875.00,INR,HIGH,"Unit Pc, PU 4",55,
Hettich,Aluminium Profiles,55 mm Straight Frame Profile with C Handle,9345501,55 mm Straight Frame Profile with C Handle 3000 mm,183,HIGH,HS Code: 76042990; Glass thickness: 4 mm; code marked * = Available till stock last,,,,Golden,6875.00,INR,HIGH,"Unit Pc, PU 4",55,
Hettich,Aluminium Profiles,Mid Way Joining Profile,9345486,Mid Way Joining Profile 3000 mm,183,HIGH,HS Code: 76042990; Glass thickness: 4/5 mm; code marked * = Available till stock last,,,,Matt Black,2726.00,INR,HIGH,"Unit Pc, PU 8",16,
Hettich,Aluminium Profiles,Mid Way Joining Profile,9345487,Mid Way Joining Profile 3000 mm,183,HIGH,HS Code: 76042990; Glass thickness: 4/5 mm; code marked * = Available till stock last,,,,Champagne,2726.00,INR,HIGH,"Unit Pc, PU 8",16,
Hettich,Aluminium Profiles,Mid Way Joining Profile,9345488,Mid Way Joining Profile 3000 mm,183,HIGH,HS Code: 76042990; Glass thickness: 4/5 mm; code marked * = Available till stock last,,,,Stainless Steel,2726.00,INR,HIGH,"Unit Pc, PU 8",16,
Hettich,Aluminium Profiles,Mid Way Joining Profile,9345489,Mid Way Joining Profile 3000 mm,183,HIGH,HS Code: 76042990; Glass thickness: 4/5 mm; code marked * = Available till stock last,,,,Grey,2726.00,INR,HIGH,"Unit Pc, PU 8",16,
Hettich,Aluminium Profiles,Mid Way Joining Profile,9345490,Mid Way Joining Profile 3000 mm,183,HIGH,HS Code: 76042990; Glass thickness: 4/5 mm; code marked * = Available till stock last,,,,Copper,2726.00,INR,HIGH,"Unit Pc, PU 8",16,
Hettich,Aluminium Profiles,Mid Way Joining Profile,9345611,Mid Way Joining Profile 3000 mm,183,HIGH,HS Code: 76042990; Glass thickness: 4/5 mm; code marked * = Available till stock last,,,,Bright Chrome,3125.00,INR,HIGH,"Unit Pc, PU 8",16,
Hettich,Aluminium Profiles,Mid Way Joining Profile,9345612,Mid Way Joining Profile 3000 mm,183,HIGH,HS Code: 76042990; Glass thickness: 4/5 mm; code marked * = Available till stock last,,,,Rose,3125.00,INR,HIGH,"Unit Pc, PU 8",16,
Hettich,Aluminium Profiles,Mid Way Joining Profile,9345613,Mid Way Joining Profile 3000 mm,183,HIGH,HS Code: 76042990; Glass thickness: 4/5 mm; code marked * = Available till stock last,,,,Golden,3125.00,INR,HIGH,"Unit Pc, PU 8",16,
Hettich,Aluminium Profiles,Gola Profile C Type,9345614,Gola Profile C Type 3000 mm,183,HIGH,HS Code: 76042990; Glass thickness: n/a (no glass thickness/width printed for this row); code marked * = Available till stock last,,,,Matt Black,3234.00,INR,HIGH,"Unit Pc, PU 4",,
Hettich,Aluminium Profiles,Gola Profile C Type,9345615,Gola Profile C Type 3000 mm,183,HIGH,HS Code: 76042990; Glass thickness: n/a (no glass thickness/width printed for this row); code marked * = Available till stock last,,,,Champagne,3234.00,INR,HIGH,"Unit Pc, PU 4",,
Hettich,Aluminium Profiles,Gola Profile C Type,9345616,Gola Profile C Type 3000 mm,183,HIGH,HS Code: 76042990; Glass thickness: n/a (no glass thickness/width printed for this row); code marked * = Available till stock last,,,,Stainless Steel,3234.00,INR,HIGH,"Unit Pc, PU 4",,
Hettich,Aluminium Profiles,Gola Profile C Type,9345617,Gola Profile C Type 3000 mm,183,HIGH,HS Code: 76042990; Glass thickness: n/a (no glass thickness/width printed for this row); code marked * = Available till stock last,,,,Grey,3234.00,INR,HIGH,"Unit Pc, PU 4",,
Hettich,Aluminium Profiles,Gola Profile C Type,9345618,Gola Profile C Type 3000 mm,183,HIGH,HS Code: 76042990; Glass thickness: n/a (no glass thickness/width printed for this row); code marked * = Available till stock last,,,,Copper,3234.00,INR,HIGH,"Unit Pc, PU 4",,
Hettich,Aluminium Profiles,Gola Profile C Type,9345619,Gola Profile C Type 3000 mm,183,HIGH,HS Code: 76042990; Glass thickness: n/a (no glass thickness/width printed for this row); code marked * = Available till stock last,,,,Bright Chrome,3600.00,INR,HIGH,"Unit Pc, PU 4",,
Hettich,Aluminium Profiles,Gola Profile C Type,9345620,Gola Profile C Type 3000 mm,183,HIGH,HS Code: 76042990; Glass thickness: n/a (no glass thickness/width printed for this row); code marked * = Available till stock last,,,,Rose,3600.00,INR,HIGH,"Unit Pc, PU 4",,
Hettich,Aluminium Profiles,Gola Profile C Type,9345621,Gola Profile C Type 3000 mm,183,HIGH,HS Code: 76042990; Glass thickness: n/a (no glass thickness/width printed for this row); code marked * = Available till stock last,,,,Golden,3600.00,INR,HIGH,"Unit Pc, PU 4",,
Hettich,Aluminium Profiles,Gola Profile L Type,9345622,Gola Profile L Type 3000 mm,183,HIGH,HS Code: 76042990; Glass thickness: n/a (no glass thickness/width printed for this row); code marked * = Available till stock last,,,,Matt Black,2574.00,INR,HIGH,"Unit Pc, PU 4",,
Hettich,Aluminium Profiles,Gola Profile L Type,9345623,Gola Profile L Type 3000 mm,183,HIGH,HS Code: 76042990; Glass thickness: n/a (no glass thickness/width printed for this row); code marked * = Available till stock last,,,,Champagne,2574.00,INR,HIGH,"Unit Pc, PU 4",,
Hettich,Aluminium Profiles,Gola Profile L Type,9345624,Gola Profile L Type 3000 mm,183,HIGH,HS Code: 76042990; Glass thickness: n/a (no glass thickness/width printed for this row); code marked * = Available till stock last,,,,Stainless Steel,2574.00,INR,HIGH,"Unit Pc, PU 4",,
Hettich,Aluminium Profiles,Gola Profile L Type,9345625,Gola Profile L Type 3000 mm,183,HIGH,HS Code: 76042990; Glass thickness: n/a (no glass thickness/width printed for this row); code marked * = Available till stock last,,,,Grey,2574.00,INR,HIGH,"Unit Pc, PU 4",,
Hettich,Aluminium Profiles,Gola Profile L Type,9345626,Gola Profile L Type 3000 mm,183,HIGH,HS Code: 76042990; Glass thickness: n/a (no glass thickness/width printed for this row); code marked * = Available till stock last,,,,Copper,2574.00,INR,HIGH,"Unit Pc, PU 4",,
Hettich,Aluminium Profiles,Gola Profile L Type,9345627,Gola Profile L Type 3000 mm,183,HIGH,HS Code: 76042990; Glass thickness: n/a (no glass thickness/width printed for this row); code marked * = Available till stock last,,,,Bright Chrome,2880.00,INR,HIGH,"Unit Pc, PU 4",,
Hettich,Aluminium Profiles,Gola Profile L Type,9345628,Gola Profile L Type 3000 mm,183,HIGH,HS Code: 76042990; Glass thickness: n/a (no glass thickness/width printed for this row); code marked * = Available till stock last,,,,Rose,2880.00,INR,HIGH,"Unit Pc, PU 4",,
Hettich,Aluminium Profiles,Gola Profile L Type,9345629,Gola Profile L Type 3000 mm,183,HIGH,HS Code: 76042990; Glass thickness: n/a (no glass thickness/width printed for this row); code marked * = Available till stock last,,,,Golden,2880.00,INR,HIGH,"Unit Pc, PU 4",,
Hettich,Aluminium Profiles,Vertical Gola Profile C Type,9345878,Vertical Gola Profile C Type 3000 mm,183,HIGH,HS Code: 76042990; Glass thickness: n/a (no glass thickness/width printed for this row); code marked * = Available till stock last,,,,Matt Black,5188.00,INR,HIGH,"Unit Pc, PU 4",,
Hettich,Aluminium Profiles,Vertical Gola Profile C Type,9345879,Vertical Gola Profile C Type 3000 mm,183,HIGH,HS Code: 76042990; Glass thickness: n/a (no glass thickness/width printed for this row); code marked * = Available till stock last,,,,Champagne,5188.00,INR,HIGH,"Unit Pc, PU 4",,
Hettich,Aluminium Profiles,Vertical Gola Profile C Type,9345880,Vertical Gola Profile C Type 3000 mm,183,HIGH,HS Code: 76042990; Glass thickness: n/a (no glass thickness/width printed for this row); code marked * = Available till stock last,,,,Stainless Steel,5188.00,INR,HIGH,"Unit Pc, PU 4",,
Hettich,Aluminium Profiles,Vertical Gola Profile C Type,9345881,Vertical Gola Profile C Type 3000 mm,183,HIGH,HS Code: 76042990; Glass thickness: n/a (no glass thickness/width printed for this row); code marked * = Available till stock last,,,,Grey,5188.00,INR,HIGH,"Unit Pc, PU 4",,
Hettich,Aluminium Profiles,Vertical Gola Profile C Type,9345882,Vertical Gola Profile C Type 3000 mm,183,HIGH,HS Code: 76042990; Glass thickness: n/a (no glass thickness/width printed for this row); code marked * = Available till stock last,,,,Copper,5188.00,INR,HIGH,"Unit Pc, PU 4",,
Hettich,Aluminium Profiles,Vertical Gola Profile C Type,9345883,Vertical Gola Profile C Type 3000 mm,183,HIGH,HS Code: 76042990; Glass thickness: n/a (no glass thickness/width printed for this row); code marked * = Available till stock last,,,,Bright Chrome,5820.00,INR,HIGH,"Unit Pc, PU 4",,
Hettich,Aluminium Profiles,Vertical Gola Profile C Type,9345884,Vertical Gola Profile C Type 3000 mm,183,HIGH,HS Code: 76042990; Glass thickness: n/a (no glass thickness/width printed for this row); code marked * = Available till stock last,,,,Rose,5820.00,INR,HIGH,"Unit Pc, PU 4",,
Hettich,Aluminium Profiles,Vertical Gola Profile C Type,9345885,Vertical Gola Profile C Type 3000 mm,183,HIGH,HS Code: 76042990; Glass thickness: n/a (no glass thickness/width printed for this row); code marked * = Available till stock last,,,,Golden,5820.00,INR,HIGH,"Unit Pc, PU 4",,
Hettich,Aluminium Profiles,Vertical Gola Profile L Type,9345858,Vertical Gola Profile L Type 3000 mm,183,HIGH,HS Code: 76042990; Glass thickness: n/a (no glass thickness/width printed for this row); code marked * = Available till stock last,,,,Matt Black,4563.00,INR,HIGH,"Unit Pc, PU 4",,
Hettich,Aluminium Profiles,Vertical Gola Profile L Type,9345859,Vertical Gola Profile L Type 3000 mm,183,HIGH,HS Code: 76042990; Glass thickness: n/a (no glass thickness/width printed for this row); code marked * = Available till stock last,,,,Champagne,4563.00,INR,HIGH,"Unit Pc, PU 4",,
Hettich,Aluminium Profiles,Vertical Gola Profile L Type,9345860,Vertical Gola Profile L Type 3000 mm,183,HIGH,HS Code: 76042990; Glass thickness: n/a (no glass thickness/width printed for this row); code marked * = Available till stock last,,,,Stainless Steel,4563.00,INR,HIGH,"Unit Pc, PU 4",,
Hettich,Aluminium Profiles,Vertical Gola Profile L Type,9345871,Vertical Gola Profile L Type 3000 mm,183,HIGH,HS Code: 76042990; Glass thickness: n/a (no glass thickness/width printed for this row); code marked * = Available till stock last,,,,Grey,4563.00,INR,HIGH,"Unit Pc, PU 4",,
Hettich,Aluminium Profiles,Vertical Gola Profile L Type,9345872,Vertical Gola Profile L Type 3000 mm,183,HIGH,HS Code: 76042990; Glass thickness: n/a (no glass thickness/width printed for this row); code marked * = Available till stock last,,,,Copper,4563.00,INR,HIGH,"Unit Pc, PU 4",,
Hettich,Aluminium Profiles,Vertical Gola Profile L Type,9345874,Vertical Gola Profile L Type 3000 mm,183,HIGH,HS Code: 76042990; Glass thickness: n/a (no glass thickness/width printed for this row); code marked * = Available till stock last,,,,Bright Chrome,5280.00,INR,HIGH,"Unit Pc, PU 4",,
Hettich,Aluminium Profiles,Vertical Gola Profile L Type,9345875,Vertical Gola Profile L Type 3000 mm,183,HIGH,HS Code: 76042990; Glass thickness: n/a (no glass thickness/width printed for this row); code marked * = Available till stock last,,,,Rose,5280.00,INR,HIGH,"Unit Pc, PU 4",,
Hettich,Aluminium Profiles,Vertical Gola Profile L Type,9345876,Vertical Gola Profile L Type 3000 mm,183,HIGH,HS Code: 76042990; Glass thickness: n/a (no glass thickness/width printed for this row); code marked * = Available till stock last,,,,Golden,5280.00,INR,HIGH,"Unit Pc, PU 4",,
Hettich,Aluminium Profiles,Edge Profile for Wall Cabinet,9345630,Edge Profile for Wall Cabinet 3000 mm,184,HIGH,HS Code: 76042990; code marked * = Available till stock last,,,,Matt Black,3105.00,INR,HIGH,"Unit Pc, PU 8",,
Hettich,Aluminium Profiles,Edge Profile for Wall Cabinet,9345631,Edge Profile for Wall Cabinet 3000 mm,184,HIGH,HS Code: 76042990; code marked * = Available till stock last,,,,Champagne,3105.00,INR,HIGH,"Unit Pc, PU 8",,
Hettich,Aluminium Profiles,Edge Profile for Wall Cabinet,9345632,Edge Profile for Wall Cabinet 3000 mm,184,HIGH,HS Code: 76042990; code marked * = Available till stock last,,,,Stainless Steel,3105.00,INR,HIGH,"Unit Pc, PU 8",,
Hettich,Aluminium Profiles,Edge Profile for Wall Cabinet,9345633,Edge Profile for Wall Cabinet 3000 mm,184,HIGH,HS Code: 76042990; code marked * = Available till stock last,,,,Grey,3105.00,INR,HIGH,"Unit Pc, PU 8",,
Hettich,Aluminium Profiles,Edge Profile for Wall Cabinet,9345634,Edge Profile for Wall Cabinet 3000 mm,184,HIGH,HS Code: 76042990; code marked * = Available till stock last,,,,Copper,3105.00,INR,HIGH,"Unit Pc, PU 8",,
Hettich,Aluminium Profiles,Edge Profile for Wall Cabinet,9345635,Edge Profile for Wall Cabinet 3000 mm,184,HIGH,HS Code: 76042990; code marked * = Available till stock last,,,,Bright Chrome,3500.00,INR,HIGH,"Unit Pc, PU 8",,
Hettich,Aluminium Profiles,Edge Profile for Wall Cabinet,9345636,Edge Profile for Wall Cabinet 3000 mm,184,HIGH,HS Code: 76042990; code marked * = Available till stock last,,,,Rose,3500.00,INR,HIGH,"Unit Pc, PU 8",,
Hettich,Aluminium Profiles,Edge Profile for Wall Cabinet,9345637,Edge Profile for Wall Cabinet 3000 mm,184,HIGH,HS Code: 76042990; code marked * = Available till stock last,,,,Golden,3500.00,INR,HIGH,"Unit Pc, PU 8",,
Hettich,Aluminium Profiles,Eslinga Econ G Profile,9345751,Eslinga Econ G Profile 3000 mm,184,HIGH,HS Code: 76042990; code marked * = Available till stock last,,,,Matt Black,5000.00,INR,HIGH,"Unit Pc, PU 4",,
Hettich,Aluminium Profiles,Eslinga Econ G Profile,9345752,Eslinga Econ G Profile 3000 mm,184,HIGH,HS Code: 76042990; code marked * = Available till stock last,,,,Champagne,5000.00,INR,HIGH,"Unit Pc, PU 4",,
Hettich,Aluminium Profiles,Eslinga Econ G Profile,9345753,Eslinga Econ G Profile 3000 mm,184,HIGH,HS Code: 76042990; code marked * = Available till stock last,,,,Stainless Steel,5000.00,INR,HIGH,"Unit Pc, PU 4",,
Hettich,Aluminium Profiles,Eslinga Econ G Profile,9345754,Eslinga Econ G Profile 3000 mm,184,HIGH,HS Code: 76042990; code marked * = Available till stock last,,,,Grey,5000.00,INR,HIGH,"Unit Pc, PU 4",,
Hettich,Aluminium Profiles,Eslinga Econ G Profile,9345853,Eslinga Econ G Profile 3000 mm,184,HIGH,HS Code: 76042990; code marked * = Available till stock last,,,,Copper,5000.00,INR,HIGH,"Unit Pc, PU 4",,
Hettich,Aluminium Profiles,Eslinga Econ G Profile,9345854,Eslinga Econ G Profile 3000 mm,184,HIGH,HS Code: 76042990; code marked * = Available till stock last,,,,Bright Chrome,5640.00,INR,HIGH,"Unit Pc, PU 4",,
Hettich,Aluminium Profiles,Eslinga Econ G Profile,9345855,Eslinga Econ G Profile 3000 mm,184,HIGH,HS Code: 76042990; code marked * = Available till stock last,,,,Rose,5640.00,INR,HIGH,"Unit Pc, PU 4",,
Hettich,Aluminium Profiles,Eslinga Econ G Profile,9345856,Eslinga Econ G Profile 3000 mm,184,HIGH,HS Code: 76042990; code marked * = Available till stock last,,,,Golden,5640.00,INR,HIGH,"Unit Pc, PU 4",,
Hettich,Aluminium Profiles,Handle Profile,9345638,Handle Profile 3000 mm,184,HIGH,HS Code: 76042990; code marked * = Available till stock last,,,,Matt Black,3102.00,INR,HIGH,"Unit Pc, PU 8",,
Hettich,Aluminium Profiles,Handle Profile,9345639,Handle Profile 3000 mm,184,HIGH,HS Code: 76042990; code marked * = Available till stock last,,,,Champagne,3102.00,INR,HIGH,"Unit Pc, PU 8",,
Hettich,Aluminium Profiles,Handle Profile,9345640,Handle Profile 3000 mm,184,HIGH,HS Code: 76042990; code marked * = Available till stock last,,,,Stainless Steel,3102.00,INR,HIGH,"Unit Pc, PU 8",,
Hettich,Aluminium Profiles,Handle Profile,9345641,Handle Profile 3000 mm,184,HIGH,HS Code: 76042990; code marked * = Available till stock last,,,,Grey,3102.00,INR,HIGH,"Unit Pc, PU 8",,
Hettich,Aluminium Profiles,Handle Profile,9345642,Handle Profile 3000 mm,184,HIGH,HS Code: 76042990; code marked * = Available till stock last,,,,Copper,3102.00,INR,HIGH,"Unit Pc, PU 8",,
Hettich,Aluminium Profiles,Handle Profile,9345643,Handle Profile 3000 mm,184,HIGH,HS Code: 76042990; code marked * = Available till stock last,,,,Bright Chrome,3480.00,INR,HIGH,"Unit Pc, PU 8",,
Hettich,Aluminium Profiles,Handle Profile,9345644,Handle Profile 3000 mm,184,HIGH,HS Code: 76042990; code marked * = Available till stock last,,,,Rose,3480.00,INR,HIGH,"Unit Pc, PU 8",,
Hettich,Aluminium Profiles,Handle Profile,9345645,Handle Profile 3000 mm,184,HIGH,HS Code: 76042990; code marked * = Available till stock last,,,,Golden,3480.00,INR,HIGH,"Unit Pc, PU 8",,
Hettich,Aluminium Profiles,Partition Profile,9345646,Partition Profile 3000 mm,184,HIGH,HS Code: 76042990; code marked * = Available till stock last,,,,Matt Black,1688.00,INR,HIGH,"Unit Pc, PU 8",,
Hettich,Aluminium Profiles,Partition Profile,9345647,Partition Profile 3000 mm,184,HIGH,HS Code: 76042990; code marked * = Available till stock last,,,,Champagne,1688.00,INR,HIGH,"Unit Pc, PU 8",,
Hettich,Aluminium Profiles,Partition Profile,9345648,Partition Profile 3000 mm,184,HIGH,HS Code: 76042990; code marked * = Available till stock last,,,,Stainless Steel,1688.00,INR,HIGH,"Unit Pc, PU 8",,
Hettich,Aluminium Profiles,Partition Profile,9345649,Partition Profile 3000 mm,184,HIGH,HS Code: 76042990; code marked * = Available till stock last,,,,Grey,1688.00,INR,HIGH,"Unit Pc, PU 8",,
Hettich,Aluminium Profiles,Partition Profile,9345650,Partition Profile 3000 mm,184,HIGH,HS Code: 76042990; code marked * = Available till stock last,,,,Copper,1688.00,INR,HIGH,"Unit Pc, PU 8",,
Hettich,Aluminium Profiles,Partition Profile,9345651,Partition Profile 3000 mm,184,HIGH,HS Code: 76042990; code marked * = Available till stock last,,,,Bright Chrome,1920.00,INR,HIGH,"Unit Pc, PU 8",,
Hettich,Aluminium Profiles,Partition Profile,9345652,Partition Profile 3000 mm,184,HIGH,HS Code: 76042990; code marked * = Available till stock last,,,,Rose,1920.00,INR,HIGH,"Unit Pc, PU 8",,
Hettich,Aluminium Profiles,Partition Profile,9345653,Partition Profile 3000 mm,184,HIGH,HS Code: 76042990; code marked * = Available till stock last,,,,Golden,1920.00,INR,HIGH,"Unit Pc, PU 8",,
Hettich,Aluminium Profiles,Straight Profile,9345654,Straight Profile 3000 mm,184,HIGH,HS Code: 76042990; code marked * = Available till stock last,,,,Matt Black,1920.00,INR,HIGH,"Unit Pc, PU 8",,
Hettich,Aluminium Profiles,Straight Profile,9345655,Straight Profile 3000 mm,184,HIGH,HS Code: 76042990; code marked * = Available till stock last,,,,Champagne,1920.00,INR,HIGH,"Unit Pc, PU 8",,
Hettich,Aluminium Profiles,Straight Profile,9345656,Straight Profile 3000 mm,184,HIGH,HS Code: 76042990; code marked * = Available till stock last,,,,Stainless Steel,1920.00,INR,HIGH,"Unit Pc, PU 8",,
Hettich,Aluminium Profiles,Straight Profile,9345657,Straight Profile 3000 mm,184,HIGH,HS Code: 76042990; code marked * = Available till stock last,,,,Grey,1920.00,INR,HIGH,"Unit Pc, PU 8",,
Hettich,Aluminium Profiles,Straight Profile,9345658,Straight Profile 3000 mm,184,HIGH,HS Code: 76042990; code marked * = Available till stock last,,,,Copper,1920.00,INR,HIGH,"Unit Pc, PU 8",,
Hettich,Aluminium Profiles,Straight Profile,9345659,Straight Profile 3000 mm,184,HIGH,HS Code: 76042990; code marked * = Available till stock last,,,,Bright Chrome,2160.00,INR,HIGH,"Unit Pc, PU 8",,
Hettich,Aluminium Profiles,Straight Profile,9345660,Straight Profile 3000 mm,184,HIGH,HS Code: 76042990; code marked * = Available till stock last,,,,Rose,2160.00,INR,HIGH,"Unit Pc, PU 8",,
Hettich,Aluminium Profiles,Straight Profile,9345741,Straight Profile 3000 mm,184,HIGH,HS Code: 76042990; code marked * = Available till stock last,,,,Golden,2160.00,INR,HIGH,"Unit Pc, PU 8",,
Hettich,Aluminium Profiles,Wardrobe Profile,9345742,Wardrobe Profile 3000 mm,184,HIGH,HS Code: 76042990; code marked * = Available till stock last,,,,Matt Black,3620.00,INR,HIGH,"Unit Pc, PU 8",,
Hettich,Aluminium Profiles,Wardrobe Profile,9345743,Wardrobe Profile 3000 mm,184,HIGH,HS Code: 76042990; code marked * = Available till stock last,,,,Champagne,3620.00,INR,HIGH,"Unit Pc, PU 8",,
Hettich,Aluminium Profiles,Wardrobe Profile,9345744,Wardrobe Profile 3000 mm,184,HIGH,HS Code: 76042990; code marked * = Available till stock last,,,,Stainless Steel,3620.00,INR,HIGH,"Unit Pc, PU 8",,
Hettich,Aluminium Profiles,Wardrobe Profile,9345745,Wardrobe Profile 3000 mm,184,HIGH,HS Code: 76042990; code marked * = Available till stock last,,,,Grey,3620.00,INR,HIGH,"Unit Pc, PU 8",,
Hettich,Aluminium Profiles,Wardrobe Profile,9345746,Wardrobe Profile 3000 mm,184,HIGH,HS Code: 76042990; code marked * = Available till stock last,,,,Copper,3620.00,INR,HIGH,"Unit Pc, PU 8",,
Hettich,Aluminium Profiles,Wardrobe Profile,9345747,Wardrobe Profile 3000 mm,184,HIGH,HS Code: 76042990; code marked * = Available till stock last,,,,Bright Chrome,4200.00,INR,HIGH,"Unit Pc, PU 8",,
Hettich,Aluminium Profiles,Wardrobe Profile,9345748,Wardrobe Profile 3000 mm,184,HIGH,HS Code: 76042990; code marked * = Available till stock last,,,,Rose,4200.00,INR,HIGH,"Unit Pc, PU 8",,
Hettich,Aluminium Profiles,Wardrobe Profile,9345749,Wardrobe Profile 3000 mm,184,HIGH,HS Code: 76042990; code marked * = Available till stock last,,,,Golden,4200.00,INR,HIGH,"Unit Pc, PU 8",,
Hettich,Aluminium Profiles,Connector Set,9303247,Angle Connector Set (For all aluminum profiles),185,HIGH,HS Code: 83024200; 1 Set Consists of 4 connectors & 8 screws,,,,Standard,142.00,INR,HIGH,"Unit Set, PU 30",,
Hettich,Aluminium Profiles,Connector Set,9308603,Connector Set for Mid Way Joining Profile,185,HIGH,HS Code: 76042990,,,,Standard,106.00,INR,HIGH,"Unit Pc, PU 10",,
Hettich,Aluminium Profiles,Gola Profile End Cap for C Type with screws,9218244,Gola Profile End Cap for C Type with screws (Left),186,HIGH,HS Code: 83024200; Compatible with: Stainless Steel & Bright Chrome,,,,Stainless Steel & Bright Chrome,278.00,INR,HIGH,"Unit Pc, PU 20",,
Hettich,Aluminium Profiles,Gola Profile End Cap for C Type with screws,9218245,Gola Profile End Cap for C Type with screws (Right),186,HIGH,HS Code: 83024200; Compatible with: Stainless Steel & Bright Chrome,,,,Stainless Steel & Bright Chrome,278.00,INR,HIGH,"Unit Pc, PU 20",,
Hettich,Aluminium Profiles,Gola Profile End Cap for C Type with screws,9299044,Gola Profile End Cap for C Type with screws (Left),186,HIGH,HS Code: 79070090; Compatible with: Matt Black,,,,Matt Black,305.00,INR,HIGH,"Unit Pc, PU 20",,
Hettich,Aluminium Profiles,Gola Profile End Cap for C Type with screws,9299045,Gola Profile End Cap for C Type with screws (Right),186,HIGH,HS Code: 79070090; Compatible with: Matt Black,,,,Matt Black,305.00,INR,HIGH,"Unit Pc, PU 20",,
Hettich,Aluminium Profiles,Gola Profile End Cap for C Type with screws,9310754,Gola Profile End Cap for C Type with screws (Left),186,HIGH,HS Code: 83024200; Compatible with: Rose,,,,Rose,305.00,INR,HIGH,"Unit Pc, PU 20",,
Hettich,Aluminium Profiles,Gola Profile End Cap for C Type with screws,9310755,Gola Profile End Cap for C Type with screws (Right),186,HIGH,HS Code: 83024200; Compatible with: Rose,,,,Rose,305.00,INR,HIGH,"Unit Pc, PU 20",,
Hettich,Aluminium Profiles,Gola Profile End Cap for C Type with screws,9310760,Gola Profile End Cap for C Type with screws (Left),186,HIGH,HS Code: 83024200; Compatible with: Champagne,,,,Champagne,305.00,INR,HIGH,"Unit Pc, PU 20",,
Hettich,Aluminium Profiles,Gola Profile End Cap for C Type with screws,9310761,Gola Profile End Cap for C Type with screws (Right),186,HIGH,HS Code: 83024200; Compatible with: Champagne,,,,Champagne,305.00,INR,HIGH,"Unit Pc, PU 20",,
Hettich,Aluminium Profiles,Gola Profile End Cap for C Type with screws,9348554,Gola Profile End Cap for C Type with screws (Left),186,HIGH,HS Code: 76042990; Compatible with: Copper,,,,Copper,305.00,INR,HIGH,"Unit Pc, PU 20",,
Hettich,Aluminium Profiles,Gola Profile End Cap for C Type with screws,9348555,Gola Profile End Cap for C Type with screws (Right),186,HIGH,HS Code: 76042990; Compatible with: Copper,,,,Copper,305.00,INR,HIGH,"Unit Pc, PU 20",,
Hettich,Aluminium Profiles,Gola Profile End Cap for C Type with screws,9348560,Gola Profile End Cap for C Type with screws (Left),186,HIGH,HS Code: 76042990; Compatible with: Grey,,,,Grey,305.00,INR,HIGH,"Unit Pc, PU 20",,
Hettich,Aluminium Profiles,Gola Profile End Cap for C Type with screws,9348561,Gola Profile End Cap for C Type with screws (Right),186,HIGH,HS Code: 76042990; Compatible with: Grey,,,,Grey,305.00,INR,HIGH,"Unit Pc, PU 20",,
Hettich,Aluminium Profiles,Gola Profile End Cap for C Type with screws,9348566,Gola Profile End Cap for C Type with screws (Left),186,HIGH,HS Code: 76042990; Compatible with: Golden,,,,Golden,305.00,INR,HIGH,"Unit Pc, PU 20",,
Hettich,Aluminium Profiles,Gola Profile End Cap for C Type with screws,9348567,Gola Profile End Cap for C Type with screws (Right),186,HIGH,HS Code: 76042990; Compatible with: Golden,,,,Golden,305.00,INR,HIGH,"Unit Pc, PU 20",,
Hettich,Aluminium Profiles,Gola Profile End Cap for L Type with screws,9218246,Gola Profile End Cap for L Type with screws (Left),186,HIGH,HS Code: 83024200; Compatible with: Stainless Steel & Bright Chrome,,,,Stainless Steel & Bright Chrome,278.00,INR,HIGH,"Unit Pc, PU 20",,
Hettich,Aluminium Profiles,Gola Profile End Cap for L Type with screws,9218247,Gola Profile End Cap for L Type with screws (Right),186,HIGH,HS Code: 83024200; Compatible with: Stainless Steel & Bright Chrome,,,,Stainless Steel & Bright Chrome,278.00,INR,HIGH,"Unit Pc, PU 20",,
Hettich,Aluminium Profiles,Gola Profile End Cap for L Type with screws,9299042,Gola Profile End Cap for L Type with screws (Left),186,HIGH,HS Code: 79070090; Compatible with: Matt Black,,,,Matt Black,305.00,INR,HIGH,"Unit Pc, PU 20",,
Hettich,Aluminium Profiles,Gola Profile End Cap for L Type with screws,9299043,Gola Profile End Cap for L Type with screws (Right),186,HIGH,HS Code: 79070090; Compatible with: Matt Black,,,,Matt Black,305.00,INR,HIGH,"Unit Pc, PU 20",,
Hettich,Aluminium Profiles,Gola Profile End Cap for L Type with screws,9310756,Gola Profile End Cap for L Type with screws (Left),186,HIGH,HS Code: 83024200; Compatible with: Rose,,,,Rose,305.00,INR,HIGH,"Unit Pc, PU 20",,
Hettich,Aluminium Profiles,Gola Profile End Cap for L Type with screws,9310757,Gola Profile End Cap for L Type with screws (Right),186,HIGH,HS Code: 83024200; Compatible with: Rose,,,,Rose,305.00,INR,HIGH,"Unit Pc, PU 20",,
Hettich,Aluminium Profiles,Gola Profile End Cap for L Type with screws,9310762,Gola Profile End Cap for L Type with screws (Left),186,HIGH,HS Code: 83024200; Compatible with: Champagne,,,,Champagne,305.00,INR,HIGH,"Unit Pc, PU 20",,
Hettich,Aluminium Profiles,Gola Profile End Cap for L Type with screws,9310763,Gola Profile End Cap for L Type with screws (Right),186,HIGH,HS Code: 83024200; Compatible with: Champagne,,,,Champagne,305.00,INR,HIGH,"Unit Pc, PU 20",,
Hettich,Aluminium Profiles,Gola Profile End Cap for L Type with screws,9348552,Gola Profile End Cap for L Type with screws (Left),186,HIGH,HS Code: 76042990; Compatible with: Copper,,,,Copper,305.00,INR,HIGH,"Unit Pc, PU 20",,
Hettich,Aluminium Profiles,Gola Profile End Cap for L Type with screws,9348553,Gola Profile End Cap for L Type with screws (Right),186,HIGH,HS Code: 76042990; Compatible with: Copper,,,,Copper,305.00,INR,HIGH,"Unit Pc, PU 20",,
Hettich,Aluminium Profiles,Gola Profile End Cap for L Type with screws,9348558,Gola Profile End Cap for L Type with screws (Left),186,HIGH,HS Code: 76042990; Compatible with: Grey,,,,Grey,305.00,INR,HIGH,"Unit Pc, PU 20",,
Hettich,Aluminium Profiles,Gola Profile End Cap for L Type with screws,9348559,Gola Profile End Cap for L Type with screws (Right),186,HIGH,HS Code: 76042990; Compatible with: Grey,,,,Grey,305.00,INR,HIGH,"Unit Pc, PU 20",,
Hettich,Aluminium Profiles,Gola Profile End Cap for L Type with screws,9348564,Gola Profile End Cap for L Type with screws (Left),186,HIGH,HS Code: 76042990; Compatible with: Golden,,,,Golden,305.00,INR,HIGH,"Unit Pc, PU 20",,
Hettich,Aluminium Profiles,Gola Profile End Cap for L Type with screws,9348565,Gola Profile End Cap for L Type with screws (Right),186,HIGH,HS Code: 76042990; Compatible with: Golden,,,,Golden,305.00,INR,HIGH,"Unit Pc, PU 20",,
Hettich,Aluminium Profiles,Gola Outer Angle Profile Connector with screws,9218248,Gola Outer Angle Profile Connector with screws,186,HIGH,HS Code: 83024200; Compatible with: Stainless Steel & Bright Chrome,,,,Stainless Steel & Bright Chrome,331.00,INR,HIGH,"Unit Pc, PU 20",,
Hettich,Aluminium Profiles,Gola Outer Angle Profile Connector with screws,9299046,Gola Outer Angle Profile Connector with screws,186,HIGH,HS Code: 79070090; Compatible with: Matt Black,,,,Matt Black,328.00,INR,HIGH,"Unit Pc, PU 20",,
Hettich,Aluminium Profiles,Gola Outer Angle Profile Connector with screws,9310758,Gola Outer Angle Profile Connector with screws,186,HIGH,HS Code: 83024200; Compatible with: Rose,,,,Rose,362.00,INR,HIGH,"Unit Pc, PU 20",,
Hettich,Aluminium Profiles,Gola Outer Angle Profile Connector with screws,9310764,Gola Outer Angle Profile Connector with screws,186,HIGH,HS Code: 83024200; Compatible with: Champagne,,,,Champagne,362.00,INR,HIGH,"Unit Pc, PU 20",,
Hettich,Aluminium Profiles,Gola Outer Angle Profile Connector with screws,9348556,Gola Outer Angle Profile Connector with screws,186,HIGH,HS Code: 76042990; Compatible with: Copper,,,,Copper,405.00,INR,HIGH,"Unit Pc, PU 20",,
Hettich,Aluminium Profiles,Gola Outer Angle Profile Connector with screws,9348562,Gola Outer Angle Profile Connector with screws,186,HIGH,HS Code: 76042990; Compatible with: Grey,,,,Grey,405.00,INR,HIGH,"Unit Pc, PU 20",,
Hettich,Aluminium Profiles,Gola Outer Angle Profile Connector with screws,9348568,Gola Outer Angle Profile Connector with screws,186,HIGH,HS Code: 76042990; Compatible with: Golden,,,,Golden,405.00,INR,HIGH,"Unit Pc, PU 20",,
Hettich,Aluminium Profiles,Gola Inner Angle Profile Connector with screws,9218269,Gola Inner Angle Profile Connector with screws,186,HIGH,HS Code: 83024200; Compatible with: Stainless Steel & Bright Chrome,,,,Stainless Steel & Bright Chrome,484.00,INR,HIGH,"Unit Pc, PU 20",,
Hettich,Aluminium Profiles,Gola Inner Angle Profile Connector with screws,9299047,Gola Inner Angle Profile Connector with screws,186,HIGH,HS Code: 79070090; Compatible with: Matt Black,,,,Matt Black,474.00,INR,HIGH,"Unit Pc, PU 20",,
Hettich,Aluminium Profiles,Gola Inner Angle Profile Connector with screws,9310759,Gola Inner Angle Profile Connector with screws,186,HIGH,HS Code: 83024200; Compatible with: Rose,,,,Rose,505.00,INR,HIGH,"Unit Pc, PU 20",,
Hettich,Aluminium Profiles,Gola Inner Angle Profile Connector with screws,9310765,Gola Inner Angle Profile Connector with screws,186,HIGH,HS Code: 83024200; Compatible with: Champagne,,,,Champagne,505.00,INR,HIGH,"Unit Pc, PU 20",,
Hettich,Aluminium Profiles,Gola Inner Angle Profile Connector with screws,9348557,Gola Inner Angle Profile Connector with screws,186,HIGH,HS Code: 76042990; Compatible with: Copper,,,,Copper,705.00,INR,HIGH,"Unit Pc, PU 20",,
Hettich,Aluminium Profiles,Gola Inner Angle Profile Connector with screws,9348563,Gola Inner Angle Profile Connector with screws,186,HIGH,HS Code: 76042990; Compatible with: Grey,,,,Grey,705.00,INR,HIGH,"Unit Pc, PU 20",,
Hettich,Aluminium Profiles,Gola Inner Angle Profile Connector with screws,9348569,Gola Inner Angle Profile Connector with screws,186,HIGH,HS Code: 76042990; Compatible with: Golden,,,,Golden,705.00,INR,HIGH,"Unit Pc, PU 20",,
Hettich,Aluminium Profiles,Gola L Connector set with screws,9333566,Gola L Connector set with screws,186,HIGH,HS Code: 83024200,,,,Standard,46.00,INR,HIGH,"Unit Pc, PU 50",,
Hettich,Aluminium Profiles,19 mm Straight Frame Profile,9288843,19 mm Straight Frame Profile 3000 mm,187,HIGH,HS Code: 76042990; Glass thickness: 4 mm,,,,Silver Anodized,2200.00,INR,HIGH,"Unit Pc, PU 4",19,
Hettich,Aluminium Profiles,19 mm Straight Frame Profile,9307821,19 mm Straight Frame Profile 3000 mm,187,HIGH,HS Code: 76042990; Glass thickness: 4 mm,,,,Stainless Steel,2500.00,INR,HIGH,"Unit Pc, PU 4",19,
Hettich,Aluminium Profiles,19 mm Straight Frame Profile,9307822,19 mm Straight Frame Profile 3000 mm,187,HIGH,HS Code: 76042990; Glass thickness: 4 mm,,,,Black,2500.00,INR,HIGH,"Unit Pc, PU 4",19,
Hettich,Aluminium Profiles,19 mm Straight Frame Profile,9310257,19 mm Straight Frame Profile 3000 mm,187,HIGH,HS Code: 76042990; Glass thickness: 4 mm,,,,Dark Champagne,2500.00,INR,HIGH,"Unit Pc, PU 4",19,
Hettich,Aluminium Profiles,19 mm Straight Frame Profile with handle,9283472,19 mm Straight Frame Profile with handle 3000 mm,187,HIGH,HS Code: 76042990; Glass thickness: 4 mm,,,,Silver Anodized,2800.00,INR,HIGH,"Unit Pc, PU 4",19,
Hettich,Aluminium Profiles,19 mm Straight Frame Profile with handle,9307824,19 mm Straight Frame Profile with handle 3000 mm,187,HIGH,HS Code: 76042990; Glass thickness: 4 mm,,,,Stainless Steel,3170.00,INR,HIGH,"Unit Pc, PU 4",19,
Hettich,Aluminium Profiles,19 mm Straight Frame Profile with handle,9307825,19 mm Straight Frame Profile with handle 3000 mm,187,HIGH,HS Code: 76042990; Glass thickness: 4 mm,,,,Black,3170.00,INR,HIGH,"Unit Pc, PU 4",19,
Hettich,Aluminium Profiles,19 mm Straight Frame Profile with handle,9310258,19 mm Straight Frame Profile with handle 3000 mm,187,HIGH,HS Code: 76042990; Glass thickness: 4 mm,,,,Dark Champagne,3170.00,INR,HIGH,"Unit Pc, PU 4",19,
Hettich,Aluminium Profiles,45 mm Straight Frame Profile,9283473,45 mm Straight Frame Profile 3000 mm,187,HIGH,HS Code: 76042990; Glass thickness: 4 mm,,,,Silver Anodized,4430.00,INR,HIGH,"Unit Pc, PU 4",45,
Hettich,Aluminium Profiles,45 mm Straight Frame Profile,9307827,45 mm Straight Frame Profile 3000 mm,187,HIGH,HS Code: 76042990; Glass thickness: 4 mm,,,,Stainless Steel,5020.00,INR,HIGH,"Unit Pc, PU 4",45,
Hettich,Aluminium Profiles,45 mm Straight Frame Profile,9307828,45 mm Straight Frame Profile 3000 mm,187,HIGH,HS Code: 76042990; Glass thickness: 4 mm,,,,Black,5020.00,INR,HIGH,"Unit Pc, PU 4",45,
Hettich,Aluminium Profiles,45 mm Straight Frame Profile,9310254,45 mm Straight Frame Profile 3000 mm,187,HIGH,HS Code: 76042990; Glass thickness: 4 mm,,,,Dark Champagne,5020.00,INR,HIGH,"Unit Pc, PU 4",45,
Hettich,Aluminium Profiles,45 mm Straight Frame Profile with L Handle,9283485,45 mm Straight Frame Profile with L Handle 3000 mm,187,HIGH,HS Code: 76042990; Glass thickness: 4 mm,,,,Silver Anodized,5780.00,INR,HIGH,"Unit Pc, PU 4",45,
Hettich,Aluminium Profiles,45 mm Straight Frame Profile with L Handle,9307830,45 mm Straight Frame Profile with L Handle 3000 mm,187,HIGH,HS Code: 76042990; Glass thickness: 4 mm,,,,Stainless Steel,6550.00,INR,HIGH,"Unit Pc, PU 4",45,
Hettich,Aluminium Profiles,45 mm Straight Frame Profile with L Handle,9307847,45 mm Straight Frame Profile with L Handle 3000 mm,187,HIGH,HS Code: 76042990; Glass thickness: 4 mm,,,,Black,6550.00,INR,HIGH,"Unit Pc, PU 4",45,
Hettich,Aluminium Profiles,45 mm Straight Frame Profile with L Handle,9310256,45 mm Straight Frame Profile with L Handle 3000 mm,187,HIGH,HS Code: 76042990; Glass thickness: 4 mm,,,,Dark Champagne,6550.00,INR,HIGH,"Unit Pc, PU 4",45,
Hettich,Aluminium Profiles,45 mm Straight Frame Profile with C Handle,9283474,45 mm Straight Frame Profile with C Handle 3000 mm,187,HIGH,HS Code: 76042990; Glass thickness: 4 mm; Width printed as 55mm despite '45mm' in product name,,,,Silver Anodized,5500.00,INR,HIGH,"Unit Pc, PU 4",55,
Hettich,Aluminium Profiles,45 mm Straight Frame Profile with F Handle,9283494,45 mm Straight Frame Profile with F Handle 3000 mm,187,HIGH,HS Code: 76042990; Glass thickness: 4 mm,,,,Silver Anodized,5110.00,INR,HIGH,"Unit Pc, PU 4",45,
Hettich,Aluminium Profiles,45 mm Straight Frame Profile with F Handle,9307849,45 mm Straight Frame Profile with F Handle 3000 mm,187,HIGH,HS Code: 76042990; Glass thickness: 4 mm,,,,Stainless Steel,5780.00,INR,HIGH,"Unit Pc, PU 4",45,
Hettich,Aluminium Profiles,45 mm Straight Frame Profile with F Handle,9307851,45 mm Straight Frame Profile with F Handle 3000 mm,187,HIGH,HS Code: 76042990; Glass thickness: 4 mm,,,,Black,5780.00,INR,HIGH,"Unit Pc, PU 4",45,
Hettich,Aluminium Profiles,45 mm Straight Frame Profile with F Handle,9322379,45 mm Straight Frame Profile with F Handle 3000 mm,187,HIGH,HS Code: 76042990; Glass thickness: 4 mm,,,,Dark Champagne,5780.00,INR,HIGH,"Unit Pc, PU 4",45,
Hettich,Aluminium Profiles,45mm Straight Frame Profile (6mm glass),9283490,45mm Straight Frame Profile 3000 mm,187,HIGH,HS Code: 76042990; Glass thickness: 6 mm; distinct 6mm-glass variant of the 4mm-glass 45mm Straight Frame Profile above,,,,Silver Anodized,3690.00,INR,HIGH,"Unit Pc, PU 4",45,
Hettich,Aluminium Profiles,45 mm Straight Frame Profile with L Handle (6mm glass),9283493,45 mm Straight Frame Profile with L Handle 3000 mm,187,HIGH,HS Code: 76042990; Glass thickness: 6 mm; distinct 6mm-glass variant of the 4mm-glass L Handle profile above,,,,Silver Anodized,4970.00,INR,HIGH,"Unit Pc, PU 4",45,
Hettich,Aluminium Profiles,45 mm Straight Stick-On Frame Profile,9283488,45 mm Straight Stick-On Frame Profile 3000 mm,188,HIGH,HS Code: 76042990; Glass thickness: 4 mm; no DC variant printed for this product,,,,Silver Anodized,3570.00,INR,HIGH,"Unit Pc, PU 4",45,
Hettich,Aluminium Profiles,45 mm Straight Stick-On Frame Profile,9302252,45 mm Straight Stick-On Frame Profile 3000 mm,188,HIGH,HS Code: 76042990; Glass thickness: 4 mm; no DC variant printed for this product,,,,Stainless Steel,4050.00,INR,HIGH,"Unit Pc, PU 4",45,
Hettich,Aluminium Profiles,45 mm Straight Stick-On Frame Profile,9302253,45 mm Straight Stick-On Frame Profile 3000 mm,188,HIGH,HS Code: 76042990; Glass thickness: 4 mm; no DC variant printed for this product,,,,Black,4050.00,INR,HIGH,"Unit Pc, PU 4",45,
Hettich,Aluminium Profiles,45 mm Straight Stick-On Frame Profile with L handle,9283487,45 mm Straight Stick-On Frame Profile with L handle 3000 mm,188,HIGH,HS Code: 76042990; Glass thickness: 4 mm; no DC variant printed for this product,,,,Silver Anodized,4840.00,INR,HIGH,"Unit Pc, PU 4",45,
Hettich,Aluminium Profiles,45 mm Straight Stick-On Frame Profile with L handle,9302229,45 mm Straight Stick-On Frame Profile with L handle 3000 mm,188,HIGH,HS Code: 76042990; Glass thickness: 4 mm; no DC variant printed for this product,,,,Stainless Steel,5490.00,INR,HIGH,"Unit Pc, PU 4",45,
Hettich,Aluminium Profiles,45 mm Straight Stick-On Frame Profile with L handle,9302230,45 mm Straight Stick-On Frame Profile with L handle 3000 mm,188,HIGH,HS Code: 76042990; Glass thickness: 4 mm; no DC variant printed for this product,,,,Black,5490.00,INR,HIGH,"Unit Pc, PU 4",45,
Hettich,Aluminium Profiles,45 mm Straight Frameless Stick on Profile,9306110,45 mm Straight Frameless Stick on Profile 3000 mm,188,HIGH,HS Code: 76042990; Glass thickness: 4 mm; no DC variant printed for this product,,,,Silver Anodized,3620.00,INR,HIGH,"Unit Pc, PU 4",45,
Hettich,Aluminium Profiles,45 mm Straight Frameless Stick on Profile,9306161,45 mm Straight Frameless Stick on Profile 3000 mm,188,HIGH,HS Code: 76042990; Glass thickness: 4 mm; no DC variant printed for this product,,,,Stainless Steel,4100.00,INR,HIGH,"Unit Pc, PU 4",45,
Hettich,Aluminium Profiles,45 mm Straight Frameless Stick on Profile,9306163,45 mm Straight Frameless Stick on Profile 3000 mm,188,HIGH,HS Code: 76042990; Glass thickness: 4 mm; no DC variant printed for this product,,,,Black,4100.00,INR,HIGH,"Unit Pc, PU 4",45,
Hettich,Aluminium Profiles,45 mm Straight Frameless Stick on Handle Profile,9306164,45 mm Straight Frameless Stick on Handle Profile 3000 mm,188,HIGH,HS Code: 76042990; Glass thickness: 4 mm; no DC variant printed for this product,,,,Silver Anodized,4620.00,INR,HIGH,"Unit Pc, PU 4",45,
Hettich,Aluminium Profiles,45 mm Straight Frameless Stick on Handle Profile,9306165,45 mm Straight Frameless Stick on Handle Profile 3000 mm,188,HIGH,HS Code: 76042990; Glass thickness: 4 mm; no DC variant printed for this product,,,,Stainless Steel,5240.00,INR,HIGH,"Unit Pc, PU 4",45,
Hettich,Aluminium Profiles,45 mm Straight Frameless Stick on Handle Profile,9306167,45 mm Straight Frameless Stick on Handle Profile 3000 mm,188,HIGH,HS Code: 76042990; Glass thickness: 4 mm; no DC variant printed for this product,,,,Black,5240.00,INR,HIGH,"Unit Pc, PU 4",45,
Hettich,Aluminium Profiles,55 mm Straight Frame Profile,9288842,55 mm Straight Frame Profile 3000 mm,188,HIGH,HS Code: 76042990; Glass thickness: 4 mm,,,,Silver Anodized,4430.00,INR,HIGH,"Unit Pc, PU 4",55,
Hettich,Aluminium Profiles,55 mm Straight Frame Profile,9307853,55 mm Straight Frame Profile 3000 mm,188,HIGH,HS Code: 76042990; Glass thickness: 4 mm,,,,Stainless Steel,5020.00,INR,HIGH,"Unit Pc, PU 4",55,
Hettich,Aluminium Profiles,55 mm Straight Frame Profile,9307854,55 mm Straight Frame Profile 3000 mm,188,HIGH,HS Code: 76042990; Glass thickness: 4 mm,,,,Black,5020.00,INR,HIGH,"Unit Pc, PU 4",55,
Hettich,Aluminium Profiles,55 mm Straight Frame Profile,9310252,55 mm Straight Frame Profile 3000 mm,188,HIGH,HS Code: 76042990; Glass thickness: 4 mm,,,,Dark Champagne,5020.00,INR,HIGH,"Unit Pc, PU 4",55,
Hettich,Aluminium Profiles,55 mm Straight Frame Profile with C Handle,9288844,55 mm Straight Frame Profile with C Handle 3000 mm,188,HIGH,HS Code: 76042990; Glass thickness: 4 mm,,,,Silver Anodized,5460.00,INR,HIGH,"Unit Pc, PU 4",55,
Hettich,Aluminium Profiles,55 mm Straight Frame Profile with C Handle,9307856,55 mm Straight Frame Profile with C Handle 3000 mm,188,HIGH,HS Code: 76042990; Glass thickness: 4 mm,,,,Stainless Steel,6190.00,INR,HIGH,"Unit Pc, PU 4",55,
Hettich,Aluminium Profiles,55 mm Straight Frame Profile with C Handle,9307857,55 mm Straight Frame Profile with C Handle 3000 mm,188,HIGH,HS Code: 76042990; Glass thickness: 4 mm,,,,Black,6190.00,INR,HIGH,"Unit Pc, PU 4",55,
Hettich,Aluminium Profiles,55 mm Straight Frame Profile with C Handle,9310253,55 mm Straight Frame Profile with C Handle 3000 mm,188,HIGH,HS Code: 76042990; Glass thickness: 4 mm,,,,Dark Champagne,6190.00,INR,HIGH,"Unit Pc, PU 4",55,
Hettich,Aluminium Profiles,55 mm Curved Frame Profile,9288848,55 mm Curved Frame Profile 3000 mm,188,HIGH,HS Code: 76042990; Glass thickness: 4/5 mm,,,,Silver Anodized,5420.00,INR,HIGH,"Unit Pc, PU 4",55,
Hettich,Aluminium Profiles,55 mm Curved Frame Profile with Handle,9283471,55 mm Curved Frame Profile 3000 mm with Handle,188,HIGH,HS Code: 76042990; Glass thickness: 4/5 mm,,,,Silver Anodized,6580.00,INR,HIGH,"Unit Pc, PU 4",55,
Hettich,Aluminium Profiles,55 mm Straight Frame Profile (8mm glass),9283491,55 mm Straight Frame Profile 3000 mm,189,HIGH,HS Code: 76042990; Glass thickness: 8 mm,,,,Silver Anodized,4190.00,INR,HIGH,"Unit Pc, PU 4",55,
Hettich,Aluminium Profiles,55 mm Straight Frame Profile (8mm glass),9340558,55 mm Straight Frame Profile 3000 mm,189,HIGH,HS Code: 76042990; Glass thickness: 8 mm,,,,Stainless Steel,4500.00,INR,HIGH,"Unit Pc, PU 4",55,
Hettich,Aluminium Profiles,55 mm Straight Frame Profile (8mm glass),9340557,55 mm Straight Frame Profile 3000 mm,189,HIGH,HS Code: 76042990; Glass thickness: 8 mm,,,,Black,4500.00,INR,HIGH,"Unit Pc, PU 4",55,
Hettich,Aluminium Profiles,55 mm Straight Frame Profile (8mm glass),9340559,55 mm Straight Frame Profile 3000 mm,189,HIGH,HS Code: 76042990; Glass thickness: 8 mm,,,,Dark Champagne,4500.00,INR,HIGH,"Unit Pc, PU 4",55,
Hettich,Aluminium Profiles,55 mm Straight Frame Profile with F Handle (8mm glass),9283495,55 mm Straight Frame Profile with F Handle 3000 mm,189,HIGH,HS Code: 76042990; Glass thickness: 8 mm,,,,Silver Anodized,5180.00,INR,HIGH,"Unit Pc, PU 4",55,
Hettich,Aluminium Profiles,55 mm Straight Frame Profile with F Handle (8mm glass),9340571,55 mm Straight Frame Profile with F Handle 3000 mm,189,HIGH,HS Code: 76042990; Glass thickness: 8 mm,,,,Stainless Steel,5500.00,INR,HIGH,"Unit Pc, PU 4",55,
Hettich,Aluminium Profiles,55 mm Straight Frame Profile with F Handle (8mm glass),9340560,55 mm Straight Frame Profile with F Handle 3000 mm,189,HIGH,HS Code: 76042990; Glass thickness: 8 mm,,,,Black,5500.00,INR,HIGH,"Unit Pc, PU 4",55,
Hettich,Aluminium Profiles,55 mm Straight Frame Profile with F Handle (8mm glass),9340572,55 mm Straight Frame Profile with F Handle 3000 mm,189,HIGH,HS Code: 76042990; Glass thickness: 8 mm,,,,Dark Champagne,5500.00,INR,HIGH,"Unit Pc, PU 4",55,
Hettich,Aluminium Profiles,Edge Profile,9283498,Edge Profile (22 mm) 3000 mm,189,HIGH,HS Code: 76042990; Suitable for: 19 mm board thickness,,,,Silver Anodized,860.00,INR,HIGH,"Unit Pc, PU 8",,
Hettich,Aluminium Profiles,Edge Profile,9299208,Edge Profile (22 mm) 3000 mm,189,HIGH,HS Code: 76042990; Suitable for: 19 mm board thickness,,,,Stainless Steel,980.00,INR,HIGH,"Unit Pc, PU 8",,
Hettich,Aluminium Profiles,Edge Profile,9307613,Edge Profile (22 mm) 3000 mm,189,HIGH,HS Code: 76042990; Suitable for: 19 mm board thickness,,,,Black,980.00,INR,HIGH,"Unit Pc, PU 8",,
Hettich,Aluminium Profiles,Edge Profile,9310262,Edge Profile (22 mm) 3000 mm,189,HIGH,HS Code: 76042990; Suitable for: 19 mm board thickness,,,,Dark Champagne,980.00,INR,HIGH,"Unit Pc, PU 8",,
Hettich,Aluminium Profiles,Edge Profile,9283500,Edge Profile (25 mm) 3000 mm,189,HIGH,HS Code: 76042990; Suitable for: 22 mm board thickness,,,,Silver Anodized,960.00,INR,HIGH,"Unit Pc, PU 8",,
Hettich,Aluminium Profiles,Edge Profile,9299209,Edge Profile (25 mm) 3000 mm,189,HIGH,HS Code: 76042990; Suitable for: 22 mm board thickness,,,,Stainless Steel,1090.00,INR,HIGH,"Unit Pc, PU 8",,
Hettich,Aluminium Profiles,Edge Profile,9307614,Edge Profile (25 mm) 3000 mm,189,HIGH,HS Code: 76042990; Suitable for: 22 mm board thickness,,,,Black,1090.00,INR,HIGH,"Unit Pc, PU 8",,
Hettich,Aluminium Profiles,Edge Profile,9310263,Edge Profile (25 mm) 3000 mm,189,HIGH,HS Code: 76042990; Suitable for: 22 mm board thickness,,,,Dark Champagne,1090.00,INR,HIGH,"Unit Pc, PU 8",,
Hettich,Aluminium Profiles,Edge Profile,9283517,Edge Profile for Wall cabinet 3000 mm,189,HIGH,HS Code: 76042990; Suitable for: 16.8 mm board thickness onwards,,,,Silver Anodized,2790.00,INR,HIGH,"Unit Pc, PU 12",,
Hettich,Aluminium Profiles,Edge Profile,9299223,Edge Profile for Wall cabinet 3000 mm,189,HIGH,HS Code: 76042990; Suitable for: 16.8 mm board thickness onwards,,,,Stainless Steel,3160.00,INR,HIGH,"Unit Pc, PU 12",,
Hettich,Aluminium Profiles,Edge Profile,9307859,Edge Profile for Wall cabinet 3000 mm,189,HIGH,HS Code: 76042990; Suitable for: 16.8 mm board thickness onwards,,,,Black,3160.00,INR,HIGH,"Unit Pc, PU 12",,
Hettich,Aluminium Profiles,Edge Profile,9310267,Edge Profile for Wall cabinet 3000 mm,189,HIGH,HS Code: 76042990; Suitable for: 16.8 mm board thickness onwards,,,,Dark Champagne,3160.00,INR,HIGH,"Unit Pc, PU 12",,
Hettich,Aluminium Profiles,Edge Profile,9312136,Edge Profile for Wall cabinet 3000 mm,189,HIGH,HS Code: 76042990; Suitable for: 18.8 mm board thickness onwards,,,,Silver Anodized,2910.00,INR,HIGH,"Unit Pc, PU 12",,
Hettich,Aluminium Profiles,Edge Profile,9312247,Edge Profile for Wall cabinet 3000 mm,189,HIGH,HS Code: 76042990; Suitable for: 18.8 mm board thickness onwards,,,,Stainless Steel,3300.00,INR,HIGH,"Unit Pc, PU 12",,
Hettich,Aluminium Profiles,Edge Profile,9312249,Edge Profile for Wall cabinet 3000 mm,189,HIGH,HS Code: 76042990; Suitable for: 18.8 mm board thickness onwards,,,,Black,3300.00,INR,HIGH,"Unit Pc, PU 12",,
Hettich,Aluminium Profiles,Edge Profile,9322380,Edge Profile for Wall cabinet 3000 mm,189,HIGH,HS Code: 76042990; Suitable for: 18.8 mm board thickness onwards,,,,Dark Champagne,3300.00,INR,HIGH,"Unit Pc, PU 12",,
Hettich,Aluminium Profiles,Mid Way Joining profile,9283496,Mid Way Joining profile 3000 mm,189,HIGH,HS Code: 76042990; Suitable for: 4 & 5 mm,,,,Silver Anodized,1960.00,INR,HIGH,"Unit Pc, PU 8",16,
Hettich,Aluminium Profiles,Mid Way Joining profile,9307861,Mid Way Joining profile 3000 mm,189,HIGH,HS Code: 76042990; Suitable for: 4 & 5 mm,,,,Stainless Steel,2220.00,INR,HIGH,"Unit Pc, PU 8",16,
Hettich,Aluminium Profiles,Mid Way Joining profile,9307862,Mid Way Joining profile 3000 mm,189,HIGH,HS Code: 76042990; Suitable for: 4 & 5 mm,,,,Black,2220.00,INR,HIGH,"Unit Pc, PU 8",16,
Hettich,Aluminium Profiles,Mid Way Joining profile,9310261,Mid Way Joining profile 3000 mm,189,HIGH,HS Code: 76042990; Suitable for: 4 & 5 mm,,,,Dark Champagne,2220.00,INR,HIGH,"Unit Pc, PU 8",16,
Hettich,Aluminium Profiles,Mid Way Joining Profile,9308603,Connector Set for Mid Way Joining Profile,189,HIGH,HS Code: 76042990; duplicate listing of same code/price as page 185,,,,Standard,106.00,INR,HIGH,"Unit Pc, PU 10",,
Hettich,Aluminium Profiles,Gola Profile,9283515,Gola profile C Type,190,HIGH,"HS Code: 76042990; Length: 3000 mm (standard bar length, not a distinguishing size)",,,,Silver Anodized,2950.00,INR,HIGH,"Unit Pc, PU 10",,
Hettich,Aluminium Profiles,Gola Profile,9299221,Gola profile C Type,190,HIGH,"HS Code: 76042990; Length: 3000 mm (standard bar length, not a distinguishing size)",,,,Stainless Steel,3320.00,INR,HIGH,"Unit Pc, PU 10",,
Hettich,Aluminium Profiles,Gola Profile,9299226,Gola profile C Type,190,HIGH,"HS Code: 76042990; Length: 3000 mm (standard bar length, not a distinguishing size)",,,,Black,3320.00,INR,HIGH,"Unit Pc, PU 10",,
Hettich,Aluminium Profiles,Gola Profile,9310426,Gola profile C Type,190,HIGH,"HS Code: 76042990; Length: 3000 mm (standard bar length, not a distinguishing size)",,,,Dark Champagne,3320.00,INR,HIGH,"Unit Pc, PU 10",,
Hettich,Aluminium Profiles,Gola Profile,9283516,Gola profile L Type,190,HIGH,"HS Code: 76042990; Length: 3000 mm (standard bar length, not a distinguishing size)",,,,Silver Anodized,2330.00,INR,HIGH,"Unit Pc, PU 10",,
Hettich,Aluminium Profiles,Gola Profile,9299222,Gola profile L Type,190,HIGH,"HS Code: 76042990; Length: 3000 mm (standard bar length, not a distinguishing size)",,,,Stainless Steel,2630.00,INR,HIGH,"Unit Pc, PU 10",,
Hettich,Aluminium Profiles,Gola Profile,9299225,Gola profile L Type,190,HIGH,"HS Code: 76042990; Length: 3000 mm (standard bar length, not a distinguishing size)",,,,Black,2630.00,INR,HIGH,"Unit Pc, PU 10",,
Hettich,Aluminium Profiles,Gola Profile,9310427,Gola profile L Type,190,HIGH,"HS Code: 76042990; Length: 3000 mm (standard bar length, not a distinguishing size)",,,,Dark Champagne,2630.00,INR,HIGH,"Unit Pc, PU 10",,
Hettich,Aluminium Profiles,Vertical Gola Profile,9293474,Gola profile (Vertical application) - Double side C profile,190,HIGH,"HS Code: 76042990; Length: 3000 mm (standard bar length, not a distinguishing size)",,,,Silver Anodized,4640.00,INR,HIGH,"Unit Pc, PU 4",,
Hettich,Aluminium Profiles,Vertical Gola Profile,9302257,Gola profile (Vertical application) - Double side C profile,190,HIGH,"HS Code: 76042990; Length: 3000 mm (standard bar length, not a distinguishing size)",,,,Stainless Steel,5260.00,INR,HIGH,"Unit Pc, PU 4",,
Hettich,Aluminium Profiles,Vertical Gola Profile,9300496,Gola profile (Vertical application) - Double side C profile,190,HIGH,"HS Code: 76042990; Length: 3000 mm (standard bar length, not a distinguishing size)",,,,Black,5260.00,INR,HIGH,"Unit Pc, PU 4",,
Hettich,Aluminium Profiles,Vertical Gola Profile,9310269,Gola profile (Vertical application) - Double side C profile,190,HIGH,"HS Code: 76042990; Length: 3000 mm (standard bar length, not a distinguishing size)",,,,Dark Champagne,5260.00,INR,HIGH,"Unit Pc, PU 4",,
Hettich,Aluminium Profiles,Vertical Gola Profile,9293473,Gola profile (Vertical application) - Single side L profile,190,HIGH,"HS Code: 76042990; Length: 3000 mm (standard bar length, not a distinguishing size)",,,,Silver Anodized,4120.00,INR,HIGH,"Unit Pc, PU 4",,
Hettich,Aluminium Profiles,Vertical Gola Profile,9302256,Gola profile (Vertical application) - Single side L profile,190,HIGH,"HS Code: 76042990; Length: 3000 mm (standard bar length, not a distinguishing size)",,,,Stainless Steel,4670.00,INR,HIGH,"Unit Pc, PU 4",,
Hettich,Aluminium Profiles,Vertical Gola Profile,9300494,Gola profile (Vertical application) - Single side L profile,190,HIGH,"HS Code: 76042990; Length: 3000 mm (standard bar length, not a distinguishing size)",,,,Black,4670.00,INR,HIGH,"Unit Pc, PU 4",,
Hettich,Aluminium Profiles,Vertical Gola Profile,9310268,Gola profile (Vertical application) - Single side L profile,190,HIGH,"HS Code: 76042990; Length: 3000 mm (standard bar length, not a distinguishing size)",,,,Dark Champagne,4670.00,INR,HIGH,"Unit Pc, PU 4",,
Hettich,Aluminium Profiles,Sink Counter Profile with Connectors,9293475,Sink counter profile,190,HIGH,HS Code: 76042990; Length: 3000 mm,,,,Silver Anodized,2870.00,INR,HIGH,"Unit Pc, PU 6",,
Hettich,Aluminium Profiles,Sink Counter Profile with Connectors,9293678,Bracket for sink counter profile left,190,HIGH,HS Code: 76042990,,,,Standard,26.00,INR,HIGH,"Unit Pc, PU 50",,
Hettich,Aluminium Profiles,Sink Counter Profile with Connectors,9293699,Bracket for sink counter profile right,190,HIGH,HS Code: 76042990,,,,Standard,26.00,INR,HIGH,"Unit Pc, PU 50",,
Hettich,Aluminium Profiles,Gola Profile Accessories,9212563,Gola Profile End Cap for C Type with screws (Left),190,HIGH,HS Code: 76042990; Compatible with: Silver Anodized,,,,Silver Anodized,277.00,INR,HIGH,"Unit Pc, PU 20",,
Hettich,Aluminium Profiles,Gola Profile Accessories,9212564,Gola Profile End Cap for C Type with screws (Right),190,HIGH,HS Code: 76042990; Compatible with: Silver Anodized,,,,Silver Anodized,277.00,INR,HIGH,"Unit Pc, PU 20",,
Hettich,Aluminium Profiles,Gola Profile Accessories,9218244,Gola Profile End Cap for C Type with screws (Left),190,HIGH,HS Code: 83024200; Compatible with: Stainless Steel,,,,Stainless Steel,278.00,INR,HIGH,"Unit Pc, PU 20",,
Hettich,Aluminium Profiles,Gola Profile Accessories,9218245,Gola Profile End Cap for C Type with screws (Right),190,HIGH,HS Code: 83024200; Compatible with: Stainless Steel,,,,Stainless Steel,278.00,INR,HIGH,"Unit Pc, PU 20",,
Hettich,Aluminium Profiles,Gola Profile Accessories,9299044,Gola Profile End Cap for C Type with screws (Left),190,HIGH,HS Code: 79070090; Compatible with: Black,,,,Black,305.00,INR,HIGH,"Unit Pc, PU 20",,
Hettich,Aluminium Profiles,Gola Profile Accessories,9299045,Gola Profile End Cap for C Type with screws (Right),190,HIGH,HS Code: 79070090; Compatible with: Black,,,,Black,305.00,INR,HIGH,"Unit Pc, PU 20",,
Hettich,Aluminium Profiles,Gola Profile Accessories,9310760,Gola Profile End Cap for C Type with screws (Left),190,HIGH,HS Code: 83024200; Compatible with: Dark Champagne,,,,Dark Champagne,305.00,INR,HIGH,"Unit Pc, PU 20",,
Hettich,Aluminium Profiles,Gola Profile Accessories,9310761,Gola Profile End Cap for C Type with screws (Right),190,HIGH,HS Code: 83024200; Compatible with: Dark Champagne,,,,Dark Champagne,305.00,INR,HIGH,"Unit Pc, PU 20",,
Hettich,Aluminium Profiles,Gola Profile Accessories,9212565,Gola Profile End Cap for L Type with screws (Left),190,HIGH,HS Code: 76042990; Compatible with: Silver Anodized,,,,Silver Anodized,277.00,INR,HIGH,"Unit Pc, PU 20",,
Hettich,Aluminium Profiles,Gola Profile Accessories,9212566,Gola Profile End Cap for L Type with screws (Right),190,HIGH,HS Code: 76042990; Compatible with: Silver Anodized,,,,Silver Anodized,277.00,INR,HIGH,"Unit Pc, PU 20",,
Hettich,Aluminium Profiles,Gola Profile Accessories,9218246,Gola Profile End Cap for L Type with screws (Left),190,HIGH,HS Code: 83024200; Compatible with: Stainless Steel,,,,Stainless Steel,278.00,INR,HIGH,"Unit Pc, PU 20",,
Hettich,Aluminium Profiles,Gola Profile Accessories,9218247,Gola Profile End Cap for L Type with screws (Right),190,HIGH,HS Code: 83024200; Compatible with: Stainless Steel,,,,Stainless Steel,278.00,INR,HIGH,"Unit Pc, PU 20",,
Hettich,Aluminium Profiles,Gola Profile Accessories,9299042,Gola Profile End Cap for L Type with screws (Left),190,HIGH,HS Code: 79070090; Compatible with: Black,,,,Black,305.00,INR,HIGH,"Unit Pc, PU 20",,
Hettich,Aluminium Profiles,Gola Profile Accessories,9299043,Gola Profile End Cap for L Type with screws (Right),190,HIGH,HS Code: 79070090; Compatible with: Black,,,,Black,305.00,INR,HIGH,"Unit Pc, PU 20",,
Hettich,Aluminium Profiles,Gola Profile Accessories,9310762,Gola Profile End Cap for L Type with screws (Left),190,HIGH,HS Code: 83024200; Compatible with: Dark Champagne,,,,Dark Champagne,305.00,INR,HIGH,"Unit Pc, PU 20",,
Hettich,Aluminium Profiles,Gola Profile Accessories,9310763,Gola Profile End Cap for L Type with screws (Right),190,HIGH,HS Code: 83024200; Compatible with: Dark Champagne,,,,Dark Champagne,305.00,INR,HIGH,"Unit Pc, PU 20",,
Hettich,Aluminium Profiles,Gola Profile Accessories,9212567,Gola Outer Angle Profile Connector with screws,191,HIGH,HS Code: 76042990; Compatible with: Silver Anodized,,,,Silver Anodized,331.00,INR,HIGH,"Unit Pc, PU 20",,
Hettich,Aluminium Profiles,Gola Profile Accessories,9218248,Gola Outer Angle Profile Connector with screws,191,HIGH,HS Code: 83024200; Compatible with: Stainless Steel,,,,Stainless Steel,331.00,INR,HIGH,"Unit Pc, PU 20",,
Hettich,Aluminium Profiles,Gola Profile Accessories,9299046,Gola Outer Angle Profile Connector with screws,191,HIGH,HS Code: 79070090; Compatible with: Black,,,,Black,328.00,INR,HIGH,"Unit Pc, PU 20",,
Hettich,Aluminium Profiles,Gola Profile Accessories,9310764,Gola Outer Angle Profile Connector with screws,191,HIGH,HS Code: 83024200; Compatible with: Dark Champagne,,,,Dark Champagne,362.00,INR,HIGH,"Unit Pc, PU 20",,
Hettich,Aluminium Profiles,Gola Profile Accessories,9212568,Gola Inner Angle Profile Connector with screws,191,HIGH,HS Code: 76042990; Compatible with: Silver Anodized,,,,Silver Anodized,484.00,INR,HIGH,"Unit Pc, PU 20",,
Hettich,Aluminium Profiles,Gola Profile Accessories,9218269,Gola Inner Angle Profile Connector with screws,191,HIGH,HS Code: 83024200; Compatible with: Stainless Steel,,,,Stainless Steel,484.00,INR,HIGH,"Unit Pc, PU 20",,
Hettich,Aluminium Profiles,Gola Profile Accessories,9299047,Gola Inner Angle Profile Connector with screws,191,HIGH,HS Code: 79070090; Compatible with: Black,,,,Black,474.00,INR,HIGH,"Unit Pc, PU 20",,
Hettich,Aluminium Profiles,Gola Profile Accessories,9310765,Gola Inner Angle Profile Connector with screws,191,HIGH,HS Code: 83024200; Compatible with: Dark Champagne,,,,Dark Champagne,505.00,INR,HIGH,"Unit Pc, PU 20",,
Hettich,Aluminium Profiles,Gola Profile Accessories,9333566,Gola L Connector set with screws,191,HIGH,HS Code: 76042990,,,,Standard,46.00,INR,HIGH,"Unit Pc, PU 50",,
Hettich,Aluminium Profiles,Profile Handles,9316534,Handle Eslinga (G Profile) with End cap - Profile 35 mm (H) & (L) 3000 mm,192,HIGH,HS Code: 76042990,,,,Silver Anodized,4530.00,INR,HIGH,"Unit Pc, PU 4",,
Hettich,Aluminium Profiles,Profile Handles,9306108,Handle Eslinga (G Profile) with End cap - Profile 35 mm (H) & (L) 3000 mm,192,HIGH,HS Code: 76042990,,,,Black,5130.00,INR,HIGH,"Unit Pc, PU 4",,
Hettich,Aluminium Profiles,Profile Handles,9316535,Handle Eslinga (G Profile) with End cap - End cap,192,HIGH,HS Code: 76042990,,,,Silver Anodized,10.00,INR,HIGH,"Unit Set, PU 1",,
Hettich,Aluminium Profiles,Profile Handles,9306109,Handle Eslinga (G Profile) with End cap - End cap,192,HIGH,HS Code: 76042990,,,,Black,10.00,INR,HIGH,"Unit Set, PU 1",,
Hettich,Aluminium Profiles,Profile Handles,9283502,Handle Eslinga (G Profile) - Profile height 40 mm & Length 3000 mm,192,HIGH,HS Code: 76042990,,,,Silver Anodized,5940.00,INR,HIGH,"Unit Pc, PU 4",,
Hettich,Aluminium Profiles,Profile Handles,9322411,Handle Eslinga (G Profile) - Profile height 40 mm & Length 3000 mm,192,HIGH,HS Code: 76042990,,,,Stainless Steel,6720.00,INR,HIGH,"Unit Pc, PU 4",,
Hettich,Aluminium Profiles,Profile Handles,9302228,Handle Eslinga (G Profile) - Profile height 40 mm & Length 3000 mm,192,HIGH,HS Code: 76042990,,,,Black,6720.00,INR,HIGH,"Unit Pc, PU 4",,
Hettich,Aluminium Profiles,Profile Handles,9322412,Handle Eslinga (G Profile) - Profile height 40 mm & Length 3000 mm,192,HIGH,HS Code: 76042990,,,,Dark Champagne,6720.00,INR,HIGH,"Unit Pc, PU 4",,
Hettich,Aluminium Profiles,Profile Handles,9283503,Eslinga Econ (G Profile) - Profile height 35 mm & Length 3000 mm,192,HIGH,HS Code: 76042990,,,,Silver Anodized,4580.00,INR,HIGH,"Unit Pc, PU 4",,
Hettich,Aluminium Profiles,Profile Handles,9299210,Eslinga Econ (G Profile) - Profile height 35 mm & Length 3000 mm,192,HIGH,HS Code: 76042990,,,,Stainless Steel,5190.00,INR,HIGH,"Unit Pc, PU 4",,
Hettich,Aluminium Profiles,Profile Handles,9299224,Eslinga Econ (G Profile) - Profile height 35 mm & Length 3000 mm,192,HIGH,HS Code: 76042990,,,,Black,5190.00,INR,HIGH,"Unit Pc, PU 4",,
Hettich,Aluminium Profiles,Profile Handles,9310266,Eslinga Econ (G Profile) - Profile height 35 mm & Length 3000 mm,192,HIGH,HS Code: 76042990,,,,Dark Champagne,5190.00,INR,HIGH,"Unit Pc, PU 4",,
Hettich,Aluminium Profiles,Profile Handles,9133756,Lutetia - Profile height 28 mm & Length 3000 mm,192,HIGH,HS Code: 76042990,,,,Silver Anodized,3720.00,INR,HIGH,"Unit Pc, PU 4",,
Hettich,Aluminium Profiles,Profile Handles,9322413,Lutetia - Profile height 28 mm & Length 3000 mm,192,HIGH,HS Code: 76042990,,,,Stainless Steel,4210.00,INR,HIGH,"Unit Pc, PU 4",,
Hettich,Aluminium Profiles,Profile Handles,9322414,Lutetia - Profile height 28 mm & Length 3000 mm,192,HIGH,HS Code: 76042990,,,,Black,4210.00,INR,HIGH,"Unit Pc, PU 4",,
Hettich,Aluminium Profiles,Profile Handles,9310302,Lutetia - Profile height 28 mm & Length 3000 mm,192,HIGH,HS Code: 76042990,,,,Dark Champagne,4210.00,INR,HIGH,"Unit Pc, PU 4",,
Hettich,Aluminium Profiles,Profile Handles,9125763,Calisia - Length 1950 mm,192,HIGH,HS Code: 76042990,,,,Silver Anodized,3490.00,INR,HIGH,"Unit Pc, PU 8",,
Hettich,Aluminium Profiles,Profile Handles,9125832,Lindavia - For 19 mm board & Length 2000 mm,192,HIGH,,,,,Silver Anodized,2090.00,INR,HIGH,"Unit Pc, PU 12",,
Hettich,Aluminium Profiles,Profile Handles,9131455,Ticinum - Length 2000 mm,192,HIGH,HS Code: 76042990,,,,Silver Anodized,2220.00,INR,HIGH,"Unit Pc, PU 12",,
Hettich,Aluminium Profiles,Profile Handles,1161200,Seveso (19 mm thickness) - Profile height 38 mm for 19 mm thickness & Length 2400 mm,192,HIGH,HS Code: 76042990,,,,Silver Anodized,2370.00,INR,HIGH,"Unit Pc, PU 6",,
Hettich,Aluminium Profiles,Profile Handles,9333370,Seveso (19 mm thickness) - Profile height 38 mm for 19 mm thickness & Length 2400 mm,192,HIGH,HS Code: 76042990,,,,Stainless Steel,2680.00,INR,HIGH,"Unit Pc, PU 6",,
Hettich,Aluminium Profiles,Profile Handles,9333371,Seveso (19 mm thickness) - Profile height 38 mm for 19 mm thickness & Length 2400 mm,192,HIGH,HS Code: 76042990,,,,Black,2680.00,INR,HIGH,"Unit Pc, PU 6",,
Hettich,Aluminium Profiles,Profile Handles,9333372,Seveso (19 mm thickness) - Profile height 38 mm for 19 mm thickness & Length 2400 mm,192,HIGH,HS Code: 76042990,,,,Dark Champagne,2680.00,INR,HIGH,"Unit Pc, PU 6",,
Hettich,Aluminium Profiles,Profile Handles,9360398,Seveso End Cap 19 mm (Right/Left),192,HIGH,HS Code: 76042990; no SS (Stainless Steel) variant printed for this end cap,,,,Silver Anodized,40.00,INR,HIGH,"Unit Set, PU 1",,
Hettich,Aluminium Profiles,Profile Handles,9360396,Seveso End Cap 19 mm (Right/Left),192,HIGH,HS Code: 76042990; no SS (Stainless Steel) variant printed for this end cap,,,,Black,40.00,INR,HIGH,"Unit Set, PU 1",,
Hettich,Aluminium Profiles,Profile Handles,9360397,Seveso End Cap 19 mm (Right/Left),192,HIGH,HS Code: 76042990; no SS (Stainless Steel) variant printed for this end cap,,,,Dark Champagne,40.00,INR,HIGH,"Unit Set, PU 1",,
Hettich,Aluminium Profiles,Profile Handles,1161199,Seveso (17 mm thickness) - Profile height 38 mm for 17 mm thickness & Length 2400 mm,192,HIGH,HS Code: 76042990,,,,Silver Anodized,1910.00,INR,HIGH,"Unit Pc, PU 6",,
Hettich,Aluminium Profiles,Profile Handles,9338908,Seveso (17 mm thickness) - Profile height 38 mm for 17 mm thickness & Length 2400 mm,192,HIGH,HS Code: 76042990,,,,Stainless Steel,2560.00,INR,HIGH,"Unit Pc, PU 6",,
Hettich,Aluminium Profiles,Profile Handles,9338906,Seveso (17 mm thickness) - Profile height 38 mm for 17 mm thickness & Length 2400 mm,192,HIGH,HS Code: 76042990,,,,Black,2560.00,INR,HIGH,"Unit Pc, PU 6",,
Hettich,Aluminium Profiles,Profile Handles,9338907,Seveso (17 mm thickness) - Profile height 38 mm for 17 mm thickness & Length 2400 mm,192,HIGH,HS Code: 76042990,,,,Dark Champagne,2560.00,INR,HIGH,"Unit Pc, PU 6",,
Hettich,Aluminium Profiles,Profile Handles,9360401,Seveso End Cap 17 mm (Right/Left),192,HIGH,HS Code: 76042990; no SS (Stainless Steel) variant printed for this end cap,,,,Silver Anodized,40.00,INR,HIGH,"Unit Set, PU 1",,
Hettich,Aluminium Profiles,Profile Handles,9360399,Seveso End Cap 17 mm (Right/Left),192,HIGH,HS Code: 76042990; no SS (Stainless Steel) variant printed for this end cap,,,,Black,40.00,INR,HIGH,"Unit Set, PU 1",,
Hettich,Aluminium Profiles,Profile Handles,9360400,Seveso End Cap 17 mm (Right/Left),192,HIGH,HS Code: 76042990; no SS (Stainless Steel) variant printed for this end cap,,,,Dark Champagne,40.00,INR,HIGH,"Unit Set, PU 1",,
Hettich,Handles,Econ Handle,1180122,Adonia,194,HIGH,HS Code: 83024200,,,,Nickel Matt,80.00,INR,HIGH,"Qty 1, Unit Pc, PU 200",96,
Hettich,Handles,Econ Handle,1180121,Adonia,194,HIGH,HS Code: 83024200,,,,Nickel Matt,126.00,INR,HIGH,"Qty 1, Unit Pc, PU 150",128,
Hettich,Handles,Econ Handle,1180167,Alano,194,HIGH,HS Code: 83024200,,,,Nickel Matt,96.00,INR,HIGH,"Qty 1, Unit Pc, PU 200",96,
Hettich,Handles,Econ Handle,1180166,Alano,194,HIGH,HS Code: 83024200,,,,Nickel Matt,133.00,INR,HIGH,"Qty 1, Unit Pc, PU 125",128,
Hettich,Handles,Econ Handle,9220976,Agacia,194,HIGH,HS Code: 83024200; code marked * = Available till stock last,,,,Nickel Matt,93.00,INR,HIGH,"Qty 1, Unit Pc, PU 50",96,
Hettich,Handles,Econ Handle,9220977,Agacia,194,HIGH,HS Code: 83024200; code marked * = Available till stock last,,,,Bright Chrome,134.00,INR,HIGH,"Qty 1, Unit Pc, PU 50",128,
Hettich,Handles,ProDecor Handles,9995780,Baldone,194,LOW,,,,,Bright Chrome,273.00,INR,LOW,,160,
Hettich,Handles,ProDecor Handles,9113501,Evisa,194,HIGH,HS Code: 83024200; code marked * = Available till stock last,,,,Bright Chrome,293.00,INR,HIGH,"Qty 1, Unit Pc, PU 30",128,
Hettich,Handles,ProDecor Handles,1170155,Salona,194,HIGH,HS Code: 83024200,,,,Stainless steel,390.00,INR,HIGH,"Qty 1, Unit Pc, PU 30",160,
Hettich,Handles,ProDecor Handles,9113468,Parma,194,HIGH,HS Code: 83024200; code marked * = Available till stock last,,,,Bright Chrome,475.00,INR,HIGH,"Qty 1, Unit Pc, PU 50",128,
Hettich,Handles,ProDecor Handles,9211116,Messana,194,HIGH,HS Code: 83024200; code marked * = Available till stock last,,,,Brushed Stainless Steel,310.00,INR,HIGH,"Qty 1, Unit Pc, PU 50",32,
Hettich,Handles,ProDecor Handles,9248726,Lamezia,195,HIGH,HS Code: 83024200; code marked * = Available till stock last,,,,Stainless steel,344.00,INR,HIGH,"Qty 1, Unit Pc, PU 25",145,
Hettich,Handles,ProDecor Handles,9248727,Lamezia,195,HIGH,HS Code: 83024200; code marked * = Available till stock last,,,,Stainless steel,428.00,INR,HIGH,"Qty 1, Unit Pc, PU 25",195,
Hettich,Handles,ProDecor Handles,9105815,Lamezia,195,HIGH,HS Code: 83024200; code marked * = Available till stock last,,,,Stainless steel,1243.00,INR,HIGH,"Qty 1, Unit Pc, PU 5",295,
Hettich,Handles,ProDecor Handles,9105816,Lamezia,195,HIGH,HS Code: 83024200; code marked * = Available till stock last,,,,Stainless steel,1302.00,INR,HIGH,"Qty 1, Unit Pc, PU 5",345,
Hettich,Handles,ProDecor Handles,9105819,Lamezia,195,HIGH,HS Code: 83024200; code marked * = Available till stock last,,,,Stainless steel,1448.00,INR,HIGH,"Qty 1, Unit Pc, PU 5",395,
Hettich,Handles,ProDecor Handles,9105820,Lamezia,195,HIGH,HS Code: 83024200; code marked * = Available till stock last,,,,Stainless steel,1536.00,INR,HIGH,"Qty 1, Unit Pc, PU 5",445,
Hettich,Handles,ProDecor Handles,9105821,Lamezia,195,HIGH,HS Code: 83024200; code marked * = Available till stock last,,,,Stainless steel,1770.00,INR,HIGH,"Qty 1, Unit Pc, PU 5",495,
Hettich,Handles,ProDecor Handles,9105822,Lamezia,195,HIGH,HS Code: 83024200; code marked * = Available till stock last,,,,Stainless steel,1974.00,INR,HIGH,"Qty 1, Unit Pc, PU 5",595,
Hettich,Handles,ProDecor Handles,9105823,Lamezia,195,HIGH,HS Code: 83024200; code marked * = Available till stock last,,,,Stainless steel,2502.00,INR,HIGH,"Qty 1, Unit Pc, PU 25",795,
Hettich,Handles,ProDecor Handles,9105824,Lamezia,195,HIGH,HS Code: 83024200; code marked * = Available till stock last,,,,Stainless steel,2910.00,INR,HIGH,"Qty 1, Unit Pc, PU 5",895,
Hettich,Handles,ProDecor Handles,9105825,Lamezia,195,HIGH,HS Code: 83024200; code marked * = Available till stock last,,,,Stainless steel,1957.00,INR,HIGH,"Qty 1, Unit Pc, PU 25",995,
Hettich,Handles,ProDecor Handles,9105826,Lamezia,195,HIGH,HS Code: 83024200; code marked * = Available till stock last,,,,Stainless steel,2139.00,INR,HIGH,"Qty 1, Unit Pc, PU 25",1195,
Hettich,Handles,ProDecor Handles,9247829,Lamezia,195,HIGH,HS Code: 83024200; code marked * = Available till stock last,,,,Anodised Aluminum,314.00,INR,HIGH,"Qty 1, Unit Pc, PU 25",145,
Hettich,Handles,ProDecor Handles,9247830,Lamezia,195,HIGH,HS Code: 83024200; code marked * = Available till stock last,,,,Anodised Aluminum,392.00,INR,HIGH,"Qty 1, Unit Pc, PU 25",195,
Hettich,Handles,ProDecor Handles,9105827,Lamezia,195,HIGH,HS Code: 83024200; code marked * = Available till stock last,,,,Anodised Aluminum,893.00,INR,HIGH,"Qty 1, Unit Pc, PU 25",295,
Hettich,Handles,ProDecor Handles,9105828,Lamezia,195,HIGH,HS Code: 83024200; code marked * = Available till stock last,,,,Anodised Aluminum,951.00,INR,HIGH,"Qty 1, Unit Pc, PU 25",345,
Hettich,Handles,ProDecor Handles,9105829,Lamezia,195,HIGH,HS Code: 83024200; code marked * = Available till stock last,,,,Anodised Aluminum,1097.00,INR,HIGH,"Qty 1, Unit Pc, PU 25",395,
Hettich,Handles,ProDecor Handles,9105830,Lamezia,195,HIGH,HS Code: 83024200; code marked * = Available till stock last,,,,Anodised Aluminum,738.00,INR,HIGH,"Qty 1, Unit Pc, PU 25",445,
Hettich,Handles,ProDecor Handles,9105831,Lamezia,195,HIGH,HS Code: 83024200; code marked * = Available till stock last,,,,Anodised Aluminum,1419.00,INR,HIGH,"Qty 1, Unit Pc, PU 25",495,
Hettich,Handles,ProDecor Handles,9105832,Lamezia,195,HIGH,HS Code: 83024200; code marked * = Available till stock last,,,,Anodised Aluminum,992.00,INR,HIGH,"Qty 1, Unit Pc, PU 25",595,
Hettich,Handles,ProDecor Handles,9105833,Lamezia,195,HIGH,HS Code: 83024200; code marked * = Available till stock last,,,,Anodised Aluminum,1320.00,INR,HIGH,"Qty 1, Unit Pc, PU 25",795,
Hettich,Handles,ProDecor Handles,9105834,Lamezia,195,HIGH,HS Code: 83024200; code marked * = Available till stock last,,,,Anodised Aluminum,2530.00,INR,HIGH,"Qty 1, Unit Pc, PU 25",895,
Hettich,Handles,ProDecor Handles,9105835,Lamezia,195,HIGH,HS Code: 83024200; code marked * = Available till stock last,,,,Anodised Aluminum,1721.00,INR,HIGH,"Qty 1, Unit Pc, PU 25",995,
Hettich,Handles,ProDecor Handles,9105836,Lamezia,195,HIGH,HS Code: 83024200; code marked * = Available till stock last,,,,Anodised Aluminum,1866.00,INR,HIGH,"Qty 1, Unit Pc, PU 25",1195,
Hettich,Shelving System: Cube PLUS,Profiles,9307899,Basic Profile (3000 mm length),197,HIGH,HS Code: 76042100,,,,Black Finish,3760.00,INR,HIGH,"Qty 1, Unit Pc, PU 4",,
Hettich,Shelving System: Cube PLUS,Profiles,9321241,Wood Profile for 18 mm panels (3000 mm length),197,HIGH,HS Code: 76042100,,,,Black Finish,4600.00,INR,HIGH,"Qty 1, Unit Pc, PU 4",,
Hettich,Shelving System: Cube PLUS,Profiles,9321243,Glass/Wood Profile for 6/10 mm panels (3000 mm length),197,HIGH,HS Code: 76042100,,,,Black Finish,4600.00,INR,HIGH,"Qty 1, Unit Pc, PU 4",,
Hettich,Shelving System: Cube PLUS,Connectors,9307882,Double connector 2 way,197,HIGH,HS Code: 83024200,,,,Black Finish,249.00,INR,HIGH,"Qty 1, Unit Pc, PU 1",,
Hettich,Shelving System: Cube PLUS,Connectors,9307884,Triple 2D connector 3 way,197,HIGH,HS Code: 83024200,,,,Black Finish,249.00,INR,HIGH,"Qty 1, Unit Pc, PU 1",,
Hettich,Shelving System: Cube PLUS,Connectors,9307886,Triple 3D Connector 3 Way,197,HIGH,HS Code: 83024200,,,,Black Finish,249.00,INR,HIGH,"Qty 1, Unit Pc, PU 1",,
Hettich,Shelving System: Cube PLUS,Connectors,9307888,Quadruple Connector 4 Way,197,HIGH,HS Code: 83024200,,,,Black Finish,249.00,INR,HIGH,"Qty 1, Unit Pc, PU 1",,
Hettich,Shelving System: Cube PLUS,Connectors,9307890,Quintuple connector 5 way,197,HIGH,HS Code: 83024200,,,,Black Finish,249.00,INR,HIGH,"Qty 1, Unit Pc, PU 1",,
Hettich,Shelving System: Cube PLUS,Accessories,9307892,Fixing Screw M4x16mm Steel,197,HIGH,HS Code: 73181558,,,,Black Finish,5.00,INR,HIGH,"Qty 1, Unit Pc, PU 200",,
Hettich,Shelving System: Cube PLUS,Accessories,9307893,Cover Cap for M4 Screw,197,HIGH,HS Code: 39263000,,,,Black Finish,2.00,INR,HIGH,"Qty 1, Unit Pc, PU 200",,
Hettich,Shelving System: Cube PLUS,Accessories,9319027,"Set of wall mounting, pan head screw and wall plug",197,HIGH,HS Code: 83024200,,,,Standard,116.00,INR,HIGH,"Qty 1, Unit Set, PU 1",,
Hettich,Shelving System: Cube PLUS,Accessories,9314947,Support (Buffer) for glass shelf 6 mm dia stick on,197,HIGH,HS Code: 39269097,,,,Translucent,10.00,INR,HIGH,"Qty 5, Unit Pc, PU 5",6,
Hettich,Shelving System: Cube PLUS,RTA Modules,9321395,Module 1: W300 x D300 x H300 (With Wooden Shelf) Wooden Shelf not included. Required size (258 x 258 x 18 mm) - 2 Pc,198,HIGH,HS Code 76042100,,,,Standard,4215.00,INR,HIGH,"Qty 1, Unit Set, PU 1",,
Hettich,Shelving System: Cube PLUS,RTA Modules,9321421,Module 1: W300 x D300 x H300 (With Glass Shelf) Glass not included. Required size (258 x 258 x 6 mm) - 2 Pc,198,HIGH,HS Code 76042100,,,,Standard,4215.00,INR,HIGH,"Qty 1, Unit Set, PU 1",,
Hettich,Shelving System: Cube PLUS,RTA Modules,9321396,Module 2: W600 x D300 x H300 (With Wooden Shelf) Wooden Shelf not included. Required size (558 x 258 x 18 mm) - 2 Pc,198,HIGH,HS Code 76042100,,,,Standard,4961.00,INR,HIGH,"Qty 1, Unit Set, PU 1",,
Hettich,Shelving System: Cube PLUS,RTA Modules,9321422,Module 2: W600 x D300 x H300 (With Glass Shelf) Glass not included. Required size (558 x 258 x 6 mm) - 2 Pc,198,HIGH,HS Code 76042100,,,,Standard,4961.00,INR,HIGH,"Qty 1, Unit Set, PU 1",,
Hettich,Shelving System: Cube PLUS,RTA Modules,9321397,Module 3: W750 x D300 x H300 (With Wooden Shelf) Wooden Shelf not included. Required size (708 x 258 x 18 mm) - 2 Pc,198,HIGH,HS Code 76042100,,,,Standard,5333.00,INR,HIGH,"Qty 1, Unit Set, PU 1",,
Hettich,Shelving System: Cube PLUS,RTA Modules,9321423,Module 3: W750 x D300 x H300 (With Glass Shelf) Glass not included. Required size (708 x 258 x 6 mm) - 2 Pc,198,HIGH,HS Code 76042100,,,,Standard,5333.00,INR,HIGH,"Qty 1, Unit Set, PU 1",,
Hettich,Shelving System: Cube PLUS,RTA Modules,9321398,Module 4: W300 x D300 x H600 (With Wooden Shelf) Wooden Shelf not included. Required size (258 x 258 x 18 mm) - 2 Pc,198,HIGH,HS Code 76042100,,,,Standard,4961.00,INR,HIGH,"Qty 1, Unit Set, PU 1",,
Hettich,Shelving System: Cube PLUS,RTA Modules,9321424,Module 4: W300 x D300 x H600 (With Glass Shelf) Glass not included. Required size (258 x 258 x 6 mm) - 2 Pc,198,HIGH,HS Code 76042100,,,,Standard,4961.00,INR,HIGH,"Qty 1, Unit Set, PU 1",,
Hettich,Shelving System: Cube PLUS,RTA Modules,9321399,Module 5: W600 x D300 x H580 (With Wooden Shelf) Wooden Shelf not included. Required size (558 x 258 x 18 mm) - 3 Pc,198,HIGH,HS Code 76042100,,,,Standard,7845.00,INR,HIGH,"Qty 1, Unit Set, PU 1",,
Hettich,Shelving System: Cube PLUS,RTA Modules,9321425,Module 5: W600 x D300 x H580 (With Glass Shelf) Glass not included. Required size (558 x 258 x 6 mm) - 3 Pc,198,HIGH,HS Code 76042100,,,,Standard,7845.00,INR,HIGH,"Qty 1, Unit Set, PU 1",,
Hettich,Shelving System: Cube PLUS,RTA Modules,9321427,Module 5: W600 x D300 x H580 (With Wooden & Glass Shelf) Wooden Shelf not included. Required size (558 x 258 x 18 mm) - 2 Pc. Glass not included. Required size (558 mm x 258 mm x 6 mm) - 1 Pc,199,HIGH,HS Code 76042100,,,,Standard,7845.00,INR,HIGH,"Qty 1, Unit Set, PU 1",,
Hettich,Shelving System: Cube PLUS,RTA Modules,9321400,Module 6: W300 x D300 x H580 (With Wooden Shelf) Wooden Shelf not included. Required size (258 x 258 x 18 mm) - 3 Pc,199,HIGH,HS Code 76042100,,,,Standard,6726.00,INR,HIGH,"Qty 1, Unit Set, PU 1",,
Hettich,Shelving System: Cube PLUS,RTA Modules,9321426,Module 6: W300 x D300 x H580 (With Glass Shelf) Glass not included. Required size (258 x 258 x 6 mm) - 3 Pc,199,HIGH,HS Code 76042100,,,,Standard,7594.00,INR,HIGH,"Qty 1, Unit Set, PU 1",,
Hettich,Shelving System: Cube PLUS,RTA Modules,9321428,Module 6: W300 x D300 x H580 (With Wooden & Glass Shelf) Wooden Shelf not included. Required size (258 x 258 x 18 mm) - 2 Pc. Glass not included. Required size (258 x 258 x 6 mm) - 1 Pc,199,HIGH,HS Code 76042100,,,,Standard,6726.00,INR,HIGH,"Qty 1, Unit Set, PU 1",,
Hettich,Shelving System: Cube PLUS,RTA Modules,9323999,Wooden shelf: W258 x D258 x H18 mm,199,HIGH,HS Code 44111400,,,,Standard,585.00,INR,HIGH,"Qty 1, Unit Pc, PU 1",,
Hettich,Shelving System: Cube PLUS,RTA Modules,9324000,Wooden shelf: W558 x D258 x H18 mm,199,HIGH,HS Code 44111400,,,,Standard,1084.00,INR,HIGH,"Qty 1, Unit Pc, PU 1",,
Hettich,Shelving System: Cube PLUS,RTA Modules,9324091,Wooden shelf: W708 x D258 x H18 mm,199,HIGH,HS Code 44111400,,,,Standard,1343.00,INR,HIGH,"Qty 1, Unit Pc, PU 1",,
Hettich,Shelving System: Cube PLUS,RTA Modules,9325657,Glass shelf: W258 x D258 x H6 mm,199,HIGH,HS Code 70071900,,,,Standard,360.00,INR,HIGH,"Qty 1, Unit Pc, PU 1",,
Hettich,Shelving System: Cube PLUS,RTA Modules,9325658,Glass shelf: W558 x D258 x H6 mm,199,HIGH,HS Code 70071900,,,,Standard,735.00,INR,HIGH,"Qty 1, Unit Pc, PU 1",,
Hettich,Shelving System: Cube PLUS,RTA Modules,9325659,Glass shelf: W708 x D258 x H6 mm,199,HIGH,HS Code 70071900,,,,Standard,925.00,INR,HIGH,"Qty 1, Unit Pc, PU 1",,
Hettich,Door Hinges,Mortise Door Hinge: HBN 20 Series,9250490,"HBN-20 Wide, 158/160 : 6.3""x6.3""x3.5, SS 304, Heavy duty hinge, Patented grease free ball bearing technology, Loading capacity 300kg/pair, Square",201,HIGH,HS Code 83021090; *Available till stock last,,,,SS,16534.00,INR,HIGH,"Qty 1, Unit Pair, PU 1",,
Hettich,Door Hinges,Mortise Door Hinge: HBN 14 Series,9228734,"HBN-14 4""x3""x3 Square edge Z shape drilling pattern for timber doors, capacity 160kg, EN1935 Grade14, Finish SS",201,HIGH,HS Code 83021090; *Available till stock last; EN1935 classification grades for HBN14: 4-7-7-1-1-3-1-14,,,,SS,2224.00,INR,HIGH,"Qty 1, Unit Pair, PU 1",,
Hettich,Door Hinges,Mortise Door Hinge: HBN 14 Series,9250468,"HBN-14 5""x4""x3 Square edge Z shape drilling pattern for timber doors, capacity 160kg, EN1935 Grade14, Finish SS",201,HIGH,HS Code 83021090; *Available till stock last,,,,SS,2751.00,INR,HIGH,"Qty 1, Unit Pair, PU 1",,
Hettich,Door Hinges,Mortise Door Hinge: HBN 14 Series,9228736,"HBN-14 4""x3""x3 Round edge Z shape drilling pattern for timber doors, capacity 160kg, EN1935 Grade14, Finish SS",201,HIGH,HS Code 83021090; *Available till stock last,,,,SS,2224.00,INR,HIGH,"Qty 1, Unit Pair, PU 1",,
Hettich,Door Hinges,Mortise Door Hinge: HBN 14 Series,9228721,"HBN-14 4""x3""x3 Square edge C shape drilling pattern for Steel doors, capacity 160kg EN1935 Grade14, Finish SS",201,HIGH,HS Code 83021090; *Available till stock last,,,,SS,2224.00,INR,HIGH,"Qty 1, Unit Pair, PU 1",,
Hettich,Door Hinges,Mortise Door Hinge: HBN 14 Series,9228725,"HBN-14 5""x3""x3 Square edge C shape drilling pattern for Steel doors, capacity 160kg EN1935 Grade14, Finish SS",201,HIGH,HS Code 83021090; *Available till stock last,,,,SS,2563.00,INR,HIGH,"Qty 1, Unit Pair, PU 1",,
Hettich,Door Hinges,Mortise Door Hinge: HBN 14 Series,9228727,"HBN-14 5""x4""x3 Square edge C shape drilling pattern for Steel doors, capacity 160kg, EN1935 Grade14, Finish SS",201,HIGH,HS Code 83021090; *Available till stock last,,,,SS,2751.00,INR,HIGH,"Qty 1, Unit Pair, PU 1",,
Hettich,Door Hinges,"HIN - Ball Bearing Hinge: SS 304, 105 min Fire rated, 200,000 Cycle, 5 years Functional Warranty",9268384,"SS 304 hinge RD 4""x3""x3, loading capacity up to 120 kg SS finish (with screws)",202,HIGH,HS Code 83021000; *Available till stock last,,,,SS,1103.00,INR,HIGH,"Qty 1, Unit Pair, PU 1",,
Hettich,Door Hinges,"HIN - Ball Bearing Hinge: SS 304, 105 min Fire rated, 200,000 Cycle, 5 years Functional Warranty",9251646,"SS 304 Ball Bearing Hinge, Square Edge, 4""x3""x3, Loading capacity 120 Kg, SS finish (with screws)",202,HIGH,HS Code 83021010,,,,SS,935.00,INR,HIGH,"Qty 1, Unit Pair, PU 1",,
Hettich,Door Hinges,"HIN - Ball Bearing Hinge: SS 304, 105 min Fire rated, 200,000 Cycle, 5 years Functional Warranty",9268632,"SS 304 hinge RD 5""x3""x3 loading capacity up to 120 kg SS Finish (with Screws)",202,HIGH,HS Code 83021000; *Available till stock last,,,,SS,1257.00,INR,HIGH,"Qty 1, Unit Pair, PU 1",,
Hettich,Door Hinges,"HIN - Ball Bearing Hinge: SS 304, 105 min Fire rated, 200,000 Cycle, 5 years Functional Warranty",9251654,"SS 304 Ball Bearing Hinge, Square Edge, 5""x3""x3, SS finish (with screws)",202,HIGH,HS Code 83021010,,,,SS,1105.00,INR,HIGH,"Qty 1, Unit Pair, PU 1",,
Hettich,Door Hinges,"HIN - Ball Bearing Hinge: SS 304, 105 min Fire rated, 200,000 Cycle, 5 years Functional Warranty",9359866,"SS 304 hinge SQ 4""x3""x3"" loading Capacity up to 120 kg, BL Finish (with screws)",202,HIGH,HS Code 83021000; *Available till stock last,,,,BL,1369.00,INR,HIGH,"Qty 1, Unit Pair, PU 1",,
Hettich,Door Hinges,"HIN - Ball Bearing Hinge: SS 304, 105 min Fire rated, 200,000 Cycle, 5 years Functional Warranty",9251648,"SS 304 Ball Bearing Hinge, Square Edge, 4""x3""x3, loading capacity 120 Kg, BL finish (with screws)",202,HIGH,HS Code 83021010,,,,BL,1100.00,INR,HIGH,"Qty 1, Unit Pair, PU 1",,
Hettich,Door Hinges,"HIN - Ball Bearing Hinge: SS 304, 105 min Fire rated, 200,000 Cycle, 5 years Functional Warranty",9251656,"SS 304 Ball Bearing Hinge, Square Edge, 5""x3""x3, Loading capacity 120 Kg, BL finish (with screws)",202,LOW,,,,,BL,1340.00,INR,LOW,,,
Hettich,Door Hinges,HIN - Ball Bearing Hinge Antique Brass (AB) Finish,9251650,"SS 304 Ball Bearing Hinge, Square Edge, 4""x3""x3, loading capacity 120 Kg, AB finish (with screws)",202,HIGH,HS Code 83021010,,,,AB,1155.00,INR,HIGH,"Qty 1, Unit Pair, PU 1",,
Hettich,Door Hinges,HIN - Ball Bearing Hinge Antique Brass (AB) Finish,9251658,"SS 304 Ball Bearing Hinge, Square Edge, 5""x3""x3, loading capacity 120 Kg, AB finish (with screws)",202,HIGH,HS Code 83021010,,,,AB,1390.00,INR,HIGH,"Qty 1, Unit Pair, PU 1",,
Hettich,Door Hinges,"Non Ball Bearing Hinge, Loading capacity 60 kg",9251678,"SS 304 Non Ball Bearing Hinge, Sq 4""x3""x2.5, Loading capacity 60 kg, SS finish (with screws)",202,HIGH,HS Code 83021010,,,,SS,710.00,INR,HIGH,"Qty 1, Unit Pair, PU 1",,
Hettich,Door Hinges,"Non Ball Bearing Hinge, Loading capacity 60 kg",9251691,"SS 304 Non Ball Bearing Hinge, Rd, 4""x3""x2.5, Loading capacity 60 kg, SS finish (with screws)",202,HIGH,HS Code 83021010,,,,SS,710.00,INR,HIGH,"Qty 1, Unit Pair, PU 1",,
Hettich,Door Hinges,"Non Ball Bearing Hinge, Loading capacity 60 kg",9351655,"SS 304 hinge Sq 5""x3""x2.5, Loading capacity up to 60 kg per 3 hinge, SS finish (without screws)",202,HIGH,,,,,SS,949.00,INR,HIGH,,,
Hettich,Door Hinges,"Non Ball Bearing Hinge, Loading capacity 60 kg",9251685,"SS 304 Non Ball Bearing hinge, Sq, 5""x3""x2.5, Loading capacity 60 kg, SS finish (with screws)",202,HIGH,HS Code 83021010,,,,SS,860.00,INR,HIGH,"Qty 1, Unit Pair, PU 1",,
Hettich,Door Hinges,"Non Ball Bearing Hinge, Loading capacity 60 kg",9251697,"SS 304 Non Ball Bearing hinge, Rd, 5""x3""x2.5, Loading capacity 60 kg, SS finish (with screws)",202,HIGH,HS Code 83021010,,,,SS,860.00,INR,HIGH,"Qty 1, Unit Pair, PU 1",,
Hettich,Door Hinges,Flush Hinge,9228247,"HBN-13-4325ZM/102: Flush Hinge, 4""x3""x2.5 Loading capacity 40kg/pair, SS finish",203,HIGH,HS Code 83021090; *Available till stock last,,,,SS,1259.00,INR,HIGH,"Qty 1, Unit Pair, PU 1",,
Hettich,Door Hinges,Flush Hinge,9251702,"Flush Hinge, Square Edge, 4""x3""x2.5 Loading capacity 40kg, SS finish (without screws)",203,HIGH,HS Code 83021010,,,,SS,595.00,INR,HIGH,"Qty 1, Unit Pair, PU 1",,
Hettich,Door Hinges,Flush Hinge,9251703,"Flush Hinge, Square Edge, 4""x3""x2.5 Loading capacity 40kg, SS finish (with screws)",203,HIGH,HS Code 83021010,,,,SS,650.00,INR,HIGH,"Qty 1, Unit Pair, PU 1",,
Hettich,Door Hinges,Flush Hinge,9251704,"Flush Hinge, Square Edge, 5""x3""x2.5 Loading capacity 40kg, SS finish (with screws)",203,HIGH,HS Code 83021010,,,,SS,690.00,INR,HIGH,"Qty 1, Unit Pair, PU 1",,
Hettich,Door Hinges,Spring Hinge,9228242,"HBN-18-102/102-SPR: Spring Hinge, 4""x4""x3, SS 304, loading capacity 40kg/pair",203,HIGH,HS Code 83021090,,,,SS,2646.00,INR,HIGH,"Qty 1, Unit Pair, PU 1",,
Hettich,Door Hinges,Concealed Hinge,9228248,"HBC-25-1835/117, Concealed Hinge, Min door thickness- 29 mm, Loading Capacity : 30 kg/pair, Finish Silver",203,HIGH,HS Code 83021090; *Available till stock last,,,,Silver,5925.00,INR,HIGH,"Qty 1, Unit Set, PU 1",29,
Hettich,Door Hinges,2D Concealed Hinge,9250982,"HBC-32 : 2D Concealed Hinge, Min. Door Thickness : 40 mm, Loading Capacity: 80 kg, Finish Silver",203,HIGH,HS Code 83021000; *Available till stock last,,,,Silver,5487.00,INR,HIGH,"Qty 1, Unit Set, PU 1",40,
Hettich,Door Hinges,2D Concealed Hinge,9250983,"HBC-35 : 2D Concealed Hinge, Min. Door Thickness : 45 mm, Loading Capacity: 120 kg, Finish Silver",203,HIGH,HS Code 83021000; *Available till stock last,,,,Silver,9535.00,INR,HIGH,"Qty 1, Unit Set, PU 1",45,
Hettich,Door Hinges,2D Concealed Hinge,9250985,"HBC-35 : 2D Concealed Hinge, Min. Door Thickness : 45 mm, Loading Capacity : 120 Kg, Finish Black",203,HIGH,HS Code 83021000; *Available till stock last,,,,Black,9535.00,INR,HIGH,"Qty 1, Unit Set, PU 1",45,
Hettich,Door Hinges,"3D Concealed Hinges (Hinge Material, Base: Zinc Alloy; Connector: Aluminum Alloy)",9228474,"HBC-25-1440/150Z-3D: 3D-Concealed Hinge, Min Door Thickness: 35 mm, Loading Capacity: 40 kg/pair, Finish Silver",203,HIGH,HS Code 83021090,,,,Silver,5582.00,INR,HIGH,"Qty 1, Unit Pair, PU 1",35,
Hettich,Door Hinges,"3D Concealed Hinges (Hinge Material, Base: Zinc Alloy; Connector: Aluminum Alloy)",9228475,"HBC-28-1640/177Z-3D: 3D-Concealed Hinge, Min Door Thickness: 40 mm, Loading Capacity: 80 kg/pair, Finish Silver",203,HIGH,HS Code 83021090,,,,Silver,7342.00,INR,HIGH,"Qty 1, Unit Pair, PU 1",40,
Hettich,Door Hinges,"3D Concealed Hinges (Hinge Material, Base: Zinc Alloy; Connector: Aluminum Alloy)",9228476,"HBC-34-1845/246Z-3D: 3D-Concealed Hinge, Min Door Thickness: 45 mm Loading Capacity: 120 kg/pair, Finish Silver",203,HIGH,HS Code 83021090,,,,Silver,12132.00,INR,HIGH,"Qty 1, Unit Pair, PU 1",45,
Hettich,Door Hinges,"3D Concealed Hinges (Hinge Material, Base: Zinc Alloy; Connector: Aluminum Alloy)",9251126,"HBC-25-1440/150Z-3D : 3D-Concealed Hinge, Min Door Thickness: 35 mm, Loading Capacity: 40 kg, Finish Matt Black",203,HIGH,HS Code 83021000,,,,Matt Black,6105.00,INR,HIGH,"Qty 1, Unit Pair, PU 1",35,
Hettich,Door Hinges,"3D Concealed Hinges (Hinge Material, Base: Zinc Alloy; Connector: Aluminum Alloy)",9251127,"HBC-28-1640/177Z-3D: 3D-Concealed Hinge, Min Door Thickness: 40 mm, Loading Capacity: 80 kg, Finish Matt Black",203,HIGH,HS Code 83021090,,,,Matt Black,7342.00,INR,HIGH,"Qty 1, Unit Pair, PU 1",40,
Hettich,Door Hinges,"3D Concealed Hinges (Hinge Material, Base: Zinc Alloy; Connector: Aluminum Alloy)",9251128,"HBC-34-1845/246Z-3D: 3D-Concealed Hinge, Min Door Thickness: 45 mm, Loading Capacity: 120 kg, Finish Matt Black",203,HIGH,HS Code 83021090,,,,Matt Black,13274.00,INR,HIGH,"Qty 1, Unit Pair, PU 1",45,
Hettich,Door Closer,HSS 31,9227810,"HSS 31: EN 1-3, With slide rail B; For Door Width 750-950 mm and Door Weight 20-100 kg; Fixed Back-check; EN1154 certified, Fire Rated; 500,000 cycles tested, Finish SA",204,HIGH,HS Code 83024190; *Available till stock last; section header: Surface Mounted Door Closer with Slide rail,,,,SA,14336.00,INR,HIGH,"Qty 1, Unit Set, PU 1",,
Hettich,Door Closer,HSS 33,9250996,"HSS 33: EN 3, With slide rail K; For Door Width 750-950 mm and Door Weight 20-80 kg; with Hold Open, Finish SA (EN1154 certified, Fire Rated; 500,000 cycles tested)",204,HIGH,HS Code 83024100; *Available till stock last; section header: Surface Mounted Door Closer with Slide rail,,,,SA,8800.00,INR,HIGH,"Qty 1, Unit Set, PU 1",,
Hettich,Door Closer,HSA 15,9359895,"HSA 15: EN 2/3/4/5, For Door Width 850-1250 mm and Door Weight 40-100 kg, Finish BL",204,HIGH,HS Code 83024100; *Available till stock last; section header: Surface Mounted Door Closer with Standard Arm,,,,BL,6498.00,INR,HIGH,"Qty 1, Unit set, PU 1",,
Hettich,Door Closer,HSA 10 F,9228766,"HSA 10 F HO: EN 2/3/4, For Door Width 850-1100 mm and Door Weight 40-80 kg, with Hold Open Arm, Fire Rated, Finish SA",204,HIGH,HS Code 83024190; section header: Surface Mounted Door Closer with standard arm,,,,SA,5039.00,INR,HIGH,"Qty 1, Unit Set, PU 1",,
Hettich,Door Closer,HSA 10 D,9227817,"HSA 10 D EN: EN 2/3/4, For Door Width 850-1100 mm and Door Weight 40-80 kg; with standard arm; EN 1154 Certified; Fire Rated",204,HIGH,HS Code 83024100,,,,SA,4455.00,INR,HIGH,"Qty 1, Unit Set, PU 1",,
Hettich,Door Closer,HSA 10 D,9228767,"HSA 10 D EN HO: EN 2/3/4, For Door Width 850-1100 mm and Door Weight 40-80 kg; With Hold Open Arm, EN 1154 Certified; Fire Rated",204,HIGH,HS Code 83024100,,,,SA,5585.00,INR,HIGH,"Qty 1, Unit Set, PU 1",,
Hettich,Door Closer,HIN 10,9251642,"HIN 10 with standard arm EN2/3, adjustable closing/latching speed, Silver",204,HIGH,HS Code 83026000,,,,Silver,1998.00,INR,HIGH,"Qty 1, Unit Set, PU 1",,
Hettich,Door Closer,HIN 10,9251643,"HIN 10 with hold open arm EN2/3, adjustable closing/latching speed, Black",204,HIGH,HS Code 83026000,,,,Black,2229.00,INR,HIGH,"Qty 1, Unit Set, PU 1",,
Hettich,Door Closer,HCS 600,9251382-v1,"HCS 600 : EN 3-6, with HO sliderail, For Door Width 950-1400 mm, Load Capacity 60-200 kg, Finish Silver",204,HIGH,DB uses suffixed codes (-v1/-v2) to keep both rows distinct.,,,,Silver,24860.00,INR,HIGH,DB uses suffixed codes (-v1/-v2) to keep both rows distinct.,,
Hettich,Door Closer,HCS 600,9251382-v2,"HCS 600 : EN 3-6, with HO sliderail, For Door Width 950-1400 mm, Load Capacity 60-200 kg, Finish Silver (Minimum door thickness : 50 mm)",204,HIGH,DB uses suffixed codes (-v1/-v2) to keep both rows distinct.,,,,Silver,31999.00,INR,HIGH,DB uses suffixed codes (-v1/-v2) to keep both rows distinct.,50,
Hettich,Door Closer,HCS 400,9250843,"HCS 400 with hold open Slide rail: EN 2-4, For Door Width 850-1100 mm and Door Weight 40-120 kg; Finish SA, EN1154 Certified; Fire rated; 500,000 cycle tested (Min. Door Thickness - 40 mm)",205,HIGH,HS Code 83024190,,,,SA,19999.00,INR,HIGH,"Qty 1, Unit Set, PU 1",40,
Hettich,Door Closer,HCS 400,9251399,"HCS 400 with hold open Slide rail: EN 2-4, For Door Width 850-1100 mm & Door Weight 40-120 kg; Finish Black, (Min. Door Thickness - 40 mm)",205,HIGH,HS Code 83024100,,,,Black,22599.00,INR,HIGH,"Qty 1, Unit Set, PU 1",40,
Hettich,Door Closer,HCS 385,9251421,"HCS 385: EN 2-4, With Hold Open Slide rail; For Door Width 850-1100 mm & Door Weight 40-80 kg, Finish SA (With Back Check Action) (Min. Wooden Door Thickness - 47 mm)",205,HIGH,HS Code 83021000,,,,SA,9999.00,INR,HIGH,"Qty 1, Unit Set, PU 1",47,
Hettich,Door Closer,HCS 385,9251398,"HCS 385: EN 2-4, With Hold Open Slide rail; for Door Width 850-1100 mm and Door Weight 40-80 kg, Finish Black (With Back Check Action) (Min. Wooden Door Thickness - 47 mm)",205,HIGH,HS Code 83024100,,,,Black,11498.00,INR,HIGH,"Qty 1, Unit Set, PU 1",47,
Hettich,Door Closer,HCS 380,9227824,"HCS 380: EN 3, With Hold Open Slide rail; For Door Width 950 mm and Door Weight 60 kg finish SA (Min. Door Thickness - 40 mm).",205,HIGH,HS Code 83024190,,,,SA,6403.00,INR,HIGH,"Qty 1, Unit Set, PU 1",40,
Hettich,Door Closer,Door Closer Accessories,9227829,Hold open arm (70-130 deg) for all standard arm model,205,HIGH,HS Code 83024190,,,,Standard,2834.00,INR,HIGH,"Qty 1, Unit Set, PU 1",,
Hettich,Door Closer,Door Closer Accessories,9227831,FKL Hold Open device for slide rail B for Models: HSS 61/51/41/31 (not to be used with HSS 33),205,HIGH,HS Code 83024190; *Available till stock last,,,,Standard,1221.00,INR,HIGH,"Qty 1, Unit Set, PU 1",,
Hettich,Door Closer,Door Closer Accessories,9250938,Hold Open Device For HCS 400 New,205,HIGH,HS Code 83024190,,,,Standard,1065.00,INR,HIGH,"Qty 1, Unit Set, PU 1",,
Hettich,Door Closer,Door Closer Accessories,9250395,"HSR Basis 2: Basic Door Coordinator for door closers for doors up to 200 kg, EN 1158 Certified (One door dimensions Width: Max. 1600 mm, Weight: Max. 200 Kg, Required Space above door : Min. 30 mm)",205,HIGH,HS Code 83014090; *Available till stock last,,,,Standard,3635.00,INR,HIGH,"Qty 1, Unit Set, PU 1",,
Hettich,Door Closer,Door Closer Accessories,9227839,Angle Bracket For HSA 50/20/15/14,205,HIGH,HS Code 83024190; *Available till stock last,,,,Standard,1269.00,INR,HIGH,"Qty 1, Unit Set, PU 1",,
Hettich,Door Closer,Door Closer Accessories,9228295,"HGL GC - Glass Clamping Device, For Door closer HSS-41, Glass thickness 8 - 12 mm.",205,HIGH,HS Code 83024190; *Available till stock last,,,,Standard,5909.00,INR,HIGH,"Qty 1, Unit Pc, PU 1",,
Hettich,Mortise Locking Solution,"ProLock Basic HH 2310 (Hollow), Door Thickness: 28-45 mm",9250943,ProLock Basic HH 2310 handle + Handle Set SS,206,HIGH,HS Code 83024100,,,,SS,1410.00,INR,HIGH,"Qty 1, Unit Set, PU 1",,
Hettich,Mortise Locking Solution,ProLock 1 HH 2110 (Hollow) (Suitable for door thickness of 40-60 mm),9251435,ProLock 1 HH 2110 Handle + Handle set SS (Hollow Pipe Dia : 19 mm),206,HIGH,HS Code 83024110,,,,SS,1850.00,INR,HIGH,"Qty 1, Unit Set, PU 1",,
Hettich,Mortise Locking Solution,ProLock 1 HH 2110 (Hollow) (Suitable for door thickness of 40-60 mm),9228101,ProLock 1 HH 2110 Handle + WC Bathroom set SS,206,HIGH,HS Code 83024190; *Available till stock last,,,,SS,3686.00,INR,HIGH,"Qty 1, Unit Set, PU 1",,
Hettich,Mortise Locking Solution,ProLock 1 HH 2110 (Hollow) (Suitable for door thickness of 40-60 mm),9250012,ProLock 1 HH 2110 Handle + Handle set BL,206,HIGH,HS Code 83024190; *Available till stock last,,,,BL,3637.00,INR,HIGH,"Qty 1, Unit Set, PU 1",,
Hettich,Mortise Locking Solution,ProLock 1 HH 2210 (Hollow) (Suitable for door thickness of 40-60 mm),9251441,"ProLock 1 HH 2210 Handle + Handle set SS (Hollow, Pipe Dia : 19 mm)",206,HIGH,HS Code 83024190,,,,SS,1620.00,INR,HIGH,"Qty 1, Unit Set, PU 1",,
Hettich,Mortise Locking Solution,ProLock 1 HH 2310 (Hollow) (Suitable for door thickness of 40-60 mm),9251446,"ProLock 1 HH 2310 Handle + Handle set SS (Hollow, Pipe Dia : 19 mm)",206,HIGH,HS Code 83024190,,,,SS,1850.00,INR,HIGH,"Qty 1, Unit Set, PU 1",,
Hettich,Mortise Locking Solution,ProLock 1 HH 2310 (Hollow) (Suitable for door thickness of 40-60 mm),9251448,"ProLock 1 HH 2310 Handle + Handle set BL (Hollow, Pipe Dia : 19 mm)",206,HIGH,HS Code 83021090,,,,BL,3528.00,INR,HIGH,"Qty 1, Unit Set, PU 1",,
Hettich,Mortise Locking Solution,ProLock 1 HH 2340 (Hollow) (Suitable for door thickness of 40-60 mm),9228108,ProLock 1 HH 2340 Handle + Handle set SS,206,HIGH,HS Code 83024190; *Available till stock last,,,,SS,1850.00,INR,HIGH,"Qty 1, Unit Set, PU 1",,
Hettich,Mortise Locking Solution,ProLock 1 HH 2340 (Hollow) (Suitable for door thickness of 40-60 mm),9249914,ProLock 1 HH 2340 Handle + Handle set AB,206,HIGH,HS Code 83021090; *Available till stock last,,,,AB,2416.00,INR,HIGH,"Qty 1, Unit Set, PU 1",,
Hettich,Mortise Locking Solution,ProLock 1 HH 2410 (Hollow) (Suitable for door thickness of 40-60 mm),9251426,ProLock 1 HH 2410 Handle + Handle set SS (Hollow Handle),206,HIGH,HS Code 83024110,,,,SS,2551.00,INR,HIGH,"Qty 1, Unit Set, PU 1",,
Hettich,Mortise Locking Solution,ProLock 1 HH 2410 (Hollow) (Suitable for door thickness of 40-60 mm),9249916,ProLock 1 HH 2410 Handle + Handle set AB,206,HIGH,HS Code 83021090; *Available till stock last,,,,AB,3188.00,INR,HIGH,"Qty 1, Unit Set, PU 1",,
Hettich,Mortise Locking Solution,ProLock 1 HH 2610 (SS 304 Solid Die cast) (Suitable for door thickness of 40-60 mm),9249923,ProLock 1 HH 2610 Handle + Handle set AB,207,HIGH,HS Code 83021090; *Available till stock last,,,,AB,4786.00,INR,HIGH,"Qty 1, Unit Set, PU 1",,
Hettich,Mortise Locking Solution,ProLock 1 HH 2620 (SS 304 Solid Die cast) (Suitable for door thickness of 40-60 mm),9228770,ProLock 1 HH 2620 Handle + Handle set SS,207,HIGH,HS Code 83024190; *Available till stock last,,,,SS,4149.00,INR,HIGH,"Qty 1, Unit Set, PU 1",,
Hettich,Mortise Locking Solution,ProLock 1 HH 2630 (SS 304 Solid Die cast) (Suitable for door thickness of 40-60 mm),9228772,ProLock 1 HH 2630 Handle + Handle set SS,207,HIGH,HS Code 83024190; *Available till stock last,,,,SS,4149.00,INR,HIGH,"Qty 1, Unit Set, PU 1",,
Hettich,Mortise Locking Solution,ProLock 1 HH 2650 (SS 304 Solid Die cast) (Suitable for door thickness of 40-60 mm),9251425,ProLock 1 HH 2650 Handle + Handle set SS (Solid Handle),207,HIGH,HS Code 83024110,,,,SS,4311.00,INR,HIGH,"Qty 1, Unit Set, PU 1",,
Hettich,Mortise Locking Solution,ProLock 1 HH 2650 (SS 304 Solid Die cast) (Suitable for door thickness of 40-60 mm),9249931,ProLock 1 HH 2650 Handle + Handle set AB,207,HIGH,HS Code 83024190; *Available till stock last,,,,AB,4805.00,INR,HIGH,"Qty 1, Unit Set, PU 1",,
Hettich,Mortise Locking Solution,ProLock 1 HH 2680 (SS 304 Solid Die cast) (Suitable for door thickness of 40-60 mm),9228782,ProLock 1 HH 2680 Handle + Handle set SS,207,HIGH,HS Code 83021090; *Available till stock last,,,,SS,4149.00,INR,HIGH,"Qty 1, Unit Set, PU 1",,
Hettich,Mortise Locking Solution,ProLock 1 HH 2710 (SS 304 Solid Die cast) (Suitable for door thickness of 40-60 mm),9228786,ProLock 1 HH 2710 Handle + Handle set SS,207,HIGH,HS Code 83021090; *Available till stock last,,,,SS,4149.00,INR,HIGH,"Qty 1, Unit Set, PU 1",,
Hettich,Mortise Locking Solution,ProLock 1 HH 2720 (SS 304 Solid Die cast) (Suitable for door thickness of 40-60 mm),9228788,ProLock 1 HH 2720 Handle + Handle set SS,207,HIGH,HS Code 83021090; *Available till stock last,,,,SS,4149.00,INR,HIGH,"Qty 1, Unit Set, PU 1",,
Hettich,Mortise Locking Solution,ProLock 1 HH 2720 (SS 304 Solid Die cast) (Suitable for door thickness of 40-60 mm),9249943,ProLock 1 HH 2720 Handle + Handle set AB,207,HIGH,HS Code 83024190; *Available till stock last,,,,AB,4786.00,INR,HIGH,"Qty 1, Unit Set, PU 1",,
Hettich,Mortise Locking Solution,ProLock 1 HH 2760 (Hollow) (Suitable for door thickness of 40-60 mm),9228794,ProLock 1 HH 2760 Handle + Handle set SS,207,HIGH,HS Code 83024190; *Available till stock last,,,,SS,2551.00,INR,HIGH,"Qty 1, Unit Set, PU 1",,
Hettich,Mortise Locking Solution,ProLock 1 HH 2760 (Hollow) (Suitable for door thickness of 40-60 mm),9249949,ProLock 1 HH 2760 Handle + Handle set AB,207,HIGH,HS Code 83021090; *Available till stock last,,,,AB,3188.00,INR,HIGH,"Qty 1, Unit Set, PU 1",,
Hettich,Mortise Locking Solution,ProLock 1 HH 2110 (Oval Rose Hollow Handles) (Suitable for door thickness of 40-60 mm),9228117,ProLock 1 HH 2110/0 Handle + Handle set SS (Please order Profile Sash Lock with this handles),208,HIGH,HS Code 83024190; *Available till stock last,,,,SS,2107.00,INR,HIGH,"Qty 1, Unit Set, PU 1",,
Hettich,Mortise Locking Solution,ProLock 1 HH 2210/0 (Oval Rose Hollow Handles) (Suitable for door thickness of 40-60 mm),9250025,ProLock 1 HH 2210/0 Handle + Handle set BL,208,HIGH,HS Code 83021090; *Available till stock last,,,,BL,3776.00,INR,HIGH,"Qty 1, Unit Set, PU 1",,
Hettich,Mortise Locking Solution,ProLock 1 HH 2310/0 (Oval Rose Hollow Handles) (Suitable for door thickness of 40-60 mm),9228121,ProLock 1 HH 2310/0 Handle + Handle set SS,208,HIGH,HS Code 83024190; *Available till stock last,,,,SS,2107.00,INR,HIGH,"Qty 1, Unit Set, PU 1",,
Hettich,Mortise Locking Solution,Spare Escutcheons - Round PZ Escutcheon (For Dead bolt / Roller Latch / Single Dead Bolt Lock Only),9251629,"Round PZ Escutcheon 1, SS",208,HIGH,HS Code 83024190,,,,SS,320.00,INR,HIGH,"Qty 1, Unit Set, PU 1",,
Hettich,Mortise Locking Solution,Spare Escutcheons - Round PZ Escutcheon (For Dead bolt / Roller Latch / Single Dead Bolt Lock Only),9250307,"Round PZ Escutcheon 1, BL",208,HIGH,HS Code 83021090; *Available till stock last,,,,BL,569.00,INR,HIGH,"Qty 1, Unit set, PU 1",,
Hettich,Mortise Locking Solution,Spare Escutcheons - Round PZ Escutcheon (For Dead bolt / Roller Latch / Single Dead Bolt Lock Only),9250390,"Oval PZ Escutcheon, SS",208,HIGH,HS Code 83024190; *Available till stock last; row printed under 'Round PZ Escutcheon' sub-header despite being an Oval variant,,,,SS,415.00,INR,HIGH,"Qty 1, Unit Set, PU 1",,
Hettich,Mortise Locking Solution,Spare Escutcheons - Round PZ Escutcheon (For Dead bolt / Roller Latch / Single Dead Bolt Lock Only),9250393,"Oval PZ Escutcheon, BL",208,HIGH,HS Code 83021090; *Available till stock last; row printed under 'Round PZ Escutcheon' sub-header despite being an Oval variant,,,,BL,693.00,INR,HIGH,"Qty 1, Unit Set, PU 1",,
Hettich,Mortise Locking Solution,Sash Locks (For Main and Internal doors),9250209,HBS 31 FSL: Sash Lock DIN Left/Right CTC 72 & Backset 55 BL,209,HIGH,HS Code 83021090; *Available till stock last,,,,BL,3007.00,INR,HIGH,"Qty 1, Unit Set, PU 1",55,
Hettich,Mortise Locking Solution,Sash Locks (For Main and Internal doors),9228576,HBS 31 FSL: Sash Lock DIN Left/Right CTC 85 & Backset 45 SS Finish,209,HIGH,HS Code 83014090,,,,SS,2104.00,INR,HIGH,"Qty 1, Unit Set, PU 1",45,
Hettich,Mortise Locking Solution,Sash Locks (For Main and Internal doors),9228577,HBS 31 FSL: Sash Lock DIN Left/Right CTC 85 & Backset 50 SS Finish,209,HIGH,HS Code 83014090; *Available till stock last,,,,SS,2131.00,INR,HIGH,"Qty 1, Unit Set, PU 1",50,
Hettich,Mortise Locking Solution,Sash Locks (For Main and Internal doors),9228578,HBS 31 FSL: Sash Lock DIN Left/Right CTC 85 & Backset 55 SS Finish,209,HIGH,HS Code 83014090; *Available till stock last,,,,SS,2131.00,INR,HIGH,"Qty 1, Unit Set, PU 1",55,
Hettich,Mortise Locking Solution,Sash Locks (For Main and Internal doors),9228579,HBS 31 FSL: Sash Lock DIN Left/Right CTC 85 & Backset 60 SS Finish,209,HIGH,HS Code 83014090,,,,SS,2183.00,INR,HIGH,"Qty 1, Unit Set, PU 1",60,
Hettich,Mortise Locking Solution,Sash Locks (For Main and Internal doors),9250131,HBS 31 FSL: Sash Lock DIN Left/Right CTC 85 & Backset 55 AB Finish,209,HIGH,HS Code 83014090,,,,AB,2415.00,INR,HIGH,"Qty 1, Unit Set, PU 1",55,
Hettich,Mortise Locking Solution,Profile Sash Lock Body,9228575,HBS 31 FSL: Profile Sash Lock DIN Left/Right CTC 85 & Backset 35 SS,209,HIGH,HS Code 83014000; *Available till stock last,,,,SS,1630.00,INR,HIGH,"Qty 1, Unit Set, PU 1",35,
Hettich,Mortise Locking Solution,Profile Sash Lock Body,9250219,HBS 31 FSL: Profile Sash Lock DIN Left/Right CTC 85 & Backset 30 BL,209,HIGH,HS Code 83021090; *Available till stock last,,,,BL,2359.00,INR,HIGH,"Qty 1, Unit Set, PU 1",30,
Hettich,Mortise Locking Solution,Dead Lock Body,9250121,"HBS 31 FDL: Dead Lock DIN Left/Right CTC 72 & Backset 55, AB",209,HIGH,HS Code 83014090; *Available till stock last,,,,AB,2380.00,INR,HIGH,"Qty 1, Unit Set, PU 1",55,
Hettich,Mortise Locking Solution,Profile Dead Lock Body,9228586,HBS 31 FDL: Profile Dead Lock DIN Left/Right CTC 85 & Backset 30 SS,209,HIGH,HS Code 83014090; *Available till stock last,,,,SS,1468.00,INR,HIGH,"Qty 1, Unit set, PU 1",30,
Hettich,Mortise Locking Solution,Profile Dead Lock Body,9250231,HBS 31 FDL: Profile Dead Lock DIN Left/Right CTC 85 & Backset 30 BL,209,HIGH,HS Code 83021090; *Available till stock last,,,,BL,2261.00,INR,HIGH,"Qty 1, Unit Set, PU 1",30,
Hettich,Mortise Locking Solution,Sash Lock (For fire rated Main and Internal doors),9251082,"HBS 31 FESL: Sash Lock DIN Left/Right CTC 72 & Backset 60 EN 12209, Fire Rated",209,HIGH,HS Code 83014090,,,,Standard,2171.00,INR,HIGH,"Qty 1, Unit Set, PU 1",60,
Hettich,Mortise Locking Solution,Sash Lock (For fire rated Main and Internal doors),9251402,"HBS 31 FESL: Sash Lock DIN Left/Right CTC 72 & Backset 60 EN 12209, Fire Rated, BL Finish",209,HIGH,HS Code 83014000,,,,BL,2360.00,INR,HIGH,"Qty 1, Unit Set, PU 1",60,
Hettich,Mortise Locking Solution,Sash Lock (For fire rated Main and Internal doors),9251078,"HBS 31 FESL: Sash Lock DIN Left/Right CTC 72 & Backset 55 EN 12209, Fire Rated",209,HIGH,HS Code 83021090,,,,Standard,1666.00,INR,HIGH,"Qty 1, Unit Set, PU 1",55,
Hettich,Mortise Locking Solution,Dead Lock (For fire rated doors),9251086,"HBS 31 FEDL: Dead Lock, DIN Left/Right CTC 72 & Backset 55 EN 12209, Fire Rated",210,HIGH,HS Code 83021090,,,,Standard,1515.00,INR,HIGH,"Qty 1, Unit Set, PU 1",55,
Hettich,Mortise Locking Solution,Dead Lock (For fire rated doors),9251090,"HBS 31 FEDL: Dead Lock, DIN Left/Right CTC 72 & Backset 60 EN 12209, Fire Rated",210,HIGH,HS Code 83021090; *Available till stock last,,,,Standard,1214.00,INR,HIGH,"Qty 1, Unit Set, PU 1",60,
Hettich,Mortise Locking Solution,Security Lock,9250585,"HBS 31 SL: Security Lock, DIN Left/Right CTC 85 & Backset 60",210,HIGH,HS Code 83014090; *Available till stock last,,,,Standard,2135.00,INR,HIGH,"Qty 1, Unit Set, PU 1",60,
Hettich,Mortise Locking Solution,Roller latch (For two way opening doors),9228147,HBS 31 FRL: Roller Latch Lock DIN Left/Right CTC 72 & Backset 60,210,HIGH,HS Code 83014090,,,,Standard,2932.00,INR,HIGH,"Qty 1, Unit Set, PU 1",60,
Hettich,Mortise Locking Solution,Roller latch (For two way opening doors),9251629,Round PZ Escutcheon 1 (Please order escutcheon separately),210,LOW,,,,,SS,320.00,INR,LOW,,,
Hettich,Mortise Locking Solution,Bathroom Lock (For use in bathroom doors with WC version handles),9228142,HBS 31 FBL: Bathroom Lock DIN Left/Right CTC 78 & Backset 55 SS Finish,210,HIGH,HS Code 83014090,,,,SS,2455.00,INR,HIGH,"Qty 1, Unit Set, PU 1",55,
Hettich,Mortise Locking Solution,Bathroom Lock (For use in bathroom doors with WC version handles),9228143,HBS 31 FBL: Bathroom Lock DIN Left/Right CTC 78 & backset 60 SS Finish,210,HIGH,HS Code 83014090,,,,SS,2510.00,INR,HIGH,"Qty 1, Unit Set, PU 1",60,
Hettich,Mortise Locking Solution,Single Dead Bolt Lock,9228148,"HBS 31 FSDL: Single Dead Lock DIN Left/Right Backset 55, SS",210,HIGH,HS Code 83014090,,,,SS,1748.00,INR,HIGH,"Qty 1, Unit Set, PU 1",55,
Hettich,Mortise Locking Solution,Single Dead Bolt Lock,9250217,"HBS 31 FSDL: Single Dead Lock DIN Left/Right Backset 55, BL",210,HIGH,HS Code 83021090; *Available till stock last,,,,BL,2518.00,INR,HIGH,"Qty 1, Unit Set, PU 1",55,
Hettich,Mortise Locking Solution,Single Dead Bolt Lock,9250125,"HBS 31 FSDL: Single Dead Lock DIN Left/Right Backset 55, AB",210,HIGH,HS Code 83014090; *Available till stock last,,,,AB,2056.00,INR,HIGH,"Qty 1, Unit Set, PU 1",55,
Hettich,Mortise Locking Solution,Single Dead Bolt Lock,9251629,Round PZ Escutcheon 1 (Please Order Escutcheon separately),210,LOW,,,,,SS,320.00,INR,LOW,,,
Hettich,Mortise Locking Solution,Single Latch Lock,9228149,"HBS 31 FSSL: Single Latch Lock DIN Left/Right-Backset 55, SS",210,HIGH,HS Code 83014090,,,,SS,1800.00,INR,HIGH,"Qty 1, Unit Set, PU 1",55,
Hettich,Mortise Locking Solution,Single Latch Lock,9250218,"HBS 31 FSSL: Single Latch Lock DIN Left/Right Backset 55, BL",210,HIGH,HS Code 83021090; *Available till stock last,,,,BL,2582.00,INR,HIGH,"Qty 1, Unit Set, PU 1",55,
Hettich,Mortise Locking Solution,Single Latch Lock,9250126,"HBS 31 FSSL: Single Latch Lock DIN Left/Right Backset 55, AB",210,HIGH,HS Code 83014090; *Available till stock last,,,,AB,2092.00,INR,HIGH,"Qty 1, Unit Set, PU 1",55,
Hettich,Mortise Locking Solution,Roller Catch Lock,9228716,Roller ball Catch,210,HIGH,HS Code 83014090; *Available till stock last,,,,Standard,1314.00,INR,HIGH,"Qty 1, Unit Set, PU 1",,
Hettich,Mortise Locking Solution,Allen key Tubewell Lock,9250584,Allen key Tubewell Lock SS,211,HIGH,HS Code 83014090,,,,SS,1137.00,INR,HIGH,"Qty 1, Unit Set, PU 1",,
Hettich,Mortise Locking Solution,Sliding PZ Lock,9228481,Hettich Sliding Lock PZ DIN Left/Right backset 50 mm (Please order Sliding Handle or Escutcheon & also cylinder according to door thickness),211,HIGH,HS Code 83014090,,,,Standard,1768.00,INR,HIGH,"Qty 1, Unit Set, PU 1",50,
Hettich,Mortise Locking Solution,Sliding WC Lock,9228482,Hettich Sliding Lock WC DIN Left/Right backset 50 mm (Please order WC sliding Handle or Escutcheon),211,HIGH,HS Code 83014090,,,,Standard,1768.00,INR,HIGH,"Qty 1, Unit Set, PU 1",50,
Hettich,Mortise Locking Solution,Sliding door WC handle with knob,9228712,WC Sliding Door Handle For Timber Doors SS 304 Satin Finish,211,HIGH,HS Code 83024190,,,,SS,2182.00,INR,HIGH,"Qty 1, Unit Set, PU 1",,
Hettich,Mortise Locking Solution,Sliding WC Escutcheon with knob,9228713,WC Sliding Door Escutcheons For Timber Doors SS304 Satin Finish,211,HIGH,HS Code 83024190,,,,SS,2314.00,INR,HIGH,"Qty 1, Unit Set, PU 1",,
Hettich,Euro Profile Cylinder,HSCL - Standard Double Cylinder,9228172,"HSCL 70: Both side key 70 mm, for max door thickness - 50 mm - SS Finish",212,HIGH,HS Code 83014090; *Available till stock last,,,,SS,2005.00,INR,HIGH,"Qty 1, Unit Set, PU 1",70,
Hettich,Euro Profile Cylinder,HSCL - Standard Double Cylinder,9250239,"HSCL 70: Both side key 70 mm, for max door thickness - 50 mm Finish BL",212,HIGH,HS Code 83021090; *Available till stock last,,,,BL,2872.00,INR,HIGH,"Qty 1, Unit Set, PU 1",70,
Hettich,Euro Profile Cylinder,HTCL - Thumb Turn Cylinder,9250324,"HTCL 100: One side key and one side knob 100 mm, for max door thickness - 80 mm - SS Finish",212,HIGH,HS Code 83014090; *Available till stock last,,,,SS,2806.00,INR,HIGH,"Qty 1, Unit Set, PU 1",100,
Hettich,Euro Profile Cylinder,HTCL - Thumb Turn Cylinder,9250154,"HTCL 80: One side key and one side knob 80 mm, for max door thickness - 60 mm Finish AB",212,HIGH,HS Code 83014090; *Available till stock last,,,,AB,2534.00,INR,HIGH,"Qty 1, Unit Set, PU 1",80,
Hettich,Euro Profile Cylinder,HTCL - Thumb Turn Cylinder,9250243,"HTCL 60: One side key and one side knob 60 mm, for max door thickness - 40 mm Finish BL",212,HIGH,HS Code 83014090; *Available till stock last,,,,BL,3110.00,INR,HIGH,"Qty 1, Unit Set, PU 1",60,
Hettich,Euro Profile Cylinder,HBCL - Bathroom Cylinder,9228181,"HBCL 60: One side knob and one side coin slot 60 mm, for max door thickness-40 mm - SS Finish",212,HIGH,HS Code 83014090; *Available till stock last,,,,SS,1417.00,INR,HIGH,"Qty 1, Unit Set, PU 1",60,
Hettich,Euro Profile Cylinder,HBCL - Bathroom Cylinder,9250156,"HBCL 60: One side knob and one side coin slot 60 mm, for max door thickness-40 mm Finish AB",212,HIGH,HS Code 83021090; *Available till stock last,,,,AB,1440.00,INR,HIGH,"Qty 1, Unit Set, PU 1",60,
Hettich,Euro Profile Cylinder,HBCL - Bathroom Cylinder,9250157,"HBCL 70: One side knob and one side coin slot 70 mm, for max door thickness-50 mm Finish AB",212,HIGH,HS Code 83014090; *Available till stock last,,,,AB,1606.00,INR,HIGH,"Qty 1, Unit Set, PU 1",70,
Hettich,Euro Profile Cylinder,HBCL - Bathroom Cylinder,9250249,"HBCL 70: One side knob and one side coin slot 70 mm, for max door thickness-50 mm Finish BL",212,HIGH,HS Code 83014090; *Available till stock last,,,,BL,2522.00,INR,HIGH,"Qty 1, Unit Set, PU 1",70,
Hettich,Euro Profile Cylinder,HHCL - Half Cylinder,9228185,"HHCL 45: One side key only 45 mm, for max door thickness-45 mm - SS Finish",212,HIGH,HS Code 83014090; *Available till stock last,,,,SS,1847.00,INR,HIGH,"Qty 1, Unit Set, PU 1",45,
Hettich,Euro Profile Cylinder,HHCL - Half Cylinder,9228184,"HHCL 40: One side key only 40 mm, for max door thickness-40 mm - SS Finish",212,HIGH,HS Code 83014090; *Available till stock last,,,,SS,1380.00,INR,HIGH,"Qty 1, Unit Set, PU 1",40,
Hettich,Euro Profile Cylinder,HHTL - Half Thumb Turn Cylinder,9228729,"HHTL 40: One side thumb turn only 40 mm, for max door thickness-40 mm SS Finish",212,HIGH,HS Code 83014090; *Available till stock last,,,,SS,1472.00,INR,HIGH,"Qty 1, Unit Set, PU 1",40,
Hettich,Euro Profile Cylinder,HSCL - Standard Double Cylinder,9251532,"HSCL 60: Both side key 60 mm, for max door thickness - 40 mm - SS Finish (3 Computer Key)",213,HIGH,HS Code 83014090,,,,SS,1465.00,INR,HIGH,"Qty 1, Unit Set, PU 1",60,
Hettich,Euro Profile Cylinder,HSCL - Standard Double Cylinder,9251534,"HSCL 60: Both side key 60 mm, for max door thickness - 40 mm - Black Finish (3 Computer Key)",213,HIGH,HS Code 83014090,,,,Black,1540.00,INR,HIGH,"Qty 1, Unit Set, PU 1",60,
Hettich,Euro Profile Cylinder,HTCL - Thumb Turn Cylinder,9251541,"HTCL 60: One side key and one side knob 60 mm, for max door thickness - 40 mm - SS Finish (3 Computer Key)",213,HIGH,HS Code 83014090,,,,SS,1620.00,INR,HIGH,"Qty 1, Unit Set, PU 1",60,
Hettich,Euro Profile Cylinder,HTCL - Thumb Turn Cylinder,9251543,"HTCL 60: One side key and one side knob 60 mm, for max door thickness - 40 mm - Bl Finish (3 Computer Key)",213,HIGH,HS Code 83014090,,,,BL,1695.00,INR,HIGH,"Qty 1, Unit Set, PU 1",60,
Hettich,Euro Profile Cylinder,HTCL - Thumb Turn Cylinder,9251544,"HTCL 70: One side key and one side knob 70 mm, for max door thickness - 50 mm - SS Finish (3 Computer Key)",213,HIGH,HS Code 83014090,,,,SS,1700.00,INR,HIGH,"Qty 1, Unit Set, PU 1",70,
Hettich,Euro Profile Cylinder,HTCL - Thumb Turn Cylinder,9251545,"HTCL 70: One side key and one side knob 70 mm, for max door thickness - 50 mm - AB Finish (3 Computer Key)",213,HIGH,HS Code 83014090,,,,AB,1770.00,INR,HIGH,"Qty 1, Unit Set, PU 1",70,
Hettich,Euro Profile Cylinder,HTCL - Thumb Turn Cylinder,9251546,"HTCL 70: One side key and one side knob 70 mm, for max door thickness - 50 mm - Bl Finish (3 Computer Key)",213,HIGH,HS Code 83014090,,,,BL,1770.00,INR,HIGH,"Qty 1, Unit Set, PU 1",70,
Hettich,Euro Profile Cylinder,HTCL - Thumb Turn Cylinder,9251547,"HTCL 80: One side key and one side knob 80 mm, for max door thickness - 60 mm - SS Finish (3 Computer Key)",213,HIGH,HS Code 83014090,,,,SS,1820.00,INR,HIGH,"Qty 1, Unit Set, PU 1",80,
Hettich,Euro Profile Cylinder,HBCL - Bathroom Cylinder,9251556,"HBCL 60: One side knob and one side coin slot 60 mm, for max door thickness - 40 mm - SS Finish",213,HIGH,HS Code 83014090,,,,SS,1110.00,INR,HIGH,"Qty 1, Unit Set, PU 1",60,
Hettich,Euro Profile Cylinder,HBCL - Bathroom Cylinder,9251557,"HBCL 60: One side knob and one side coin slot 60 mm, for max door thickness - 40 mm - AB Finish",213,HIGH,HS Code 83014090,,,,AB,1175.00,INR,HIGH,"Qty 1, Unit Set, PU 1",60,
Hettich,Euro Profile Cylinder,HBCL - Bathroom Cylinder,9251558,"HBCL 60: One side knob and one side coin slot 60 mm, for max door thickness - 40 mm - Bl Finish",213,HIGH,HS Code 83014090,,,,BL,1175.00,INR,HIGH,"Qty 1, Unit Set, PU 1",60,
Hettich,Euro Profile Cylinder,HBCL - Bathroom Cylinder,9251559,"HBCL 70: One side knob and one side coin slot 70 mm, for max door thickness - 50 mm- SS Finish",213,HIGH,HS Code 83014090,,,,SS,1190.00,INR,HIGH,"Qty 1, Unit Set, PU 1",70,
Hettich,Euro Profile Cylinder,HSCL - Standard Double Cylinder,9250500,"HSCL 60 : Both side key 60 mm, for max door thickness - 40 mm - SS Finish (with 3 Mechanical keys)",214,HIGH,HS Code 83021090; *Available till stock last,,,,SS,1432.00,INR,HIGH,"Qty 1, Unit set, PU 1",60,
Hettich,Euro Profile Cylinder,HSCL - Standard Double Cylinder,9250501,"HSCL 70 : Both side key 70 mm, for max door thickness - 50 mm - SS Finish (with 3 Mechanical key)",214,HIGH,HS Code 83021090; *Available till stock last,,,,SS,1530.00,INR,HIGH,"Qty 1, Unit set, PU 1",70,
Hettich,Euro Profile Cylinder,HSCL - Standard Double Cylinder,9250502,"HSCL 75 : Both side key 75 mm, for max door thickness - 55 mm - SS Finish (with 3 Mechanical key)",214,HIGH,HS Code 83021090; *Available till stock last,,,,SS,1598.00,INR,HIGH,"Qty 1, Unit set, PU 1",75,
Hettich,Euro Profile Cylinder,HSCL - Standard Double Cylinder,9250503,"HSCL 80 : Both side key 80 mm, for max door thickness - 60 mm - SS Finish (with 3 Mechanical key)",214,HIGH,HS Code 83021090; *Available till stock last,,,,SS,1681.00,INR,HIGH,"Qty 1, Unit set, PU 1",80,
Hettich,Euro Profile Cylinder,HSCL - Standard Double Cylinder,9250543,"HSCL 90 : Both side key 90 mm, for max door thickness - 70 mm - SS Finish (with 3 Mechanical key)",214,HIGH,HS Code 83021090; *Available till stock last,,,,SS,1828.00,INR,HIGH,"Qty 1, Unit set, PU 1",90,
Hettich,Euro Profile Cylinder,HTCL - Thumb Turn Cylinder,9250544,"HTCL 60 : One side key and one side knob 60 mm, for max door thickness - 40 mm - SS Finish (with 3 Mechanical key)",214,HIGH,HS Code 83021090; *Available till stock last,,,,SS,1451.00,INR,HIGH,"Qty 1, Unit set, PU 1",60,
Hettich,Euro Profile Cylinder,HTCL - Thumb Turn Cylinder,9250545,"HTCL 70 : One side key and one side knob 70 mm, for max door thickness - 50 mm - SS Finish (with 3 Mechanical key)",214,HIGH,HS Code 83021090; *Available till stock last,,,,SS,1541.00,INR,HIGH,"Qty 1, Unit set, PU 1",70,
Hettich,Euro Profile Cylinder,HTCL - Thumb Turn Cylinder,9250546,"HTCL 75 : One side key and one side knob 75 mm, for max door thickness - 55 mm - SS Finish (with 3 Mechanical key)",214,HIGH,HS Code 83021090; *Available till stock last,,,,SS,1617.00,INR,HIGH,"Qty 1, Unit set, PU 1",75,
Hettich,Euro Profile Cylinder,HTCL - Thumb Turn Cylinder,9250547,"HTCL 80 : One side key and one side knob 80 mm, for max door thickness - 60 mm - SS Finish (with 3 Mechanical key)",214,HIGH,HS Code 83021090; *Available till stock last,,,,SS,1685.00,INR,HIGH,"Qty 1, Unit set, PU 1",80,
Hettich,Euro Profile Cylinder,HTCL - Thumb Turn Cylinder,9250548,"HTCL 90 : One side key and one side knob 90 mm, for max door thickness - 70 mm - SS Finish (with 3 Mechanical key)",214,HIGH,HS Code 83021090; *Available till stock last,,,,SS,1832.00,INR,HIGH,"Qty 1, Unit set, PU 1",90,
Hettich,Euro Profile Cylinder,HHCL - Half Cylinder,9250549,"HHCL 40 : One side key only 40 mm, for max door thickness-40 mm - SS Finish (with 3 Mechanical key)",214,HIGH,HS Code 83021090; *Available till stock last,,,,SS,1330.00,INR,HIGH,"Qty 1, Unit set, PU 1",40,
Hettich,Euro Profile Cylinder,HHCL - Half Cylinder,9250550,"HHCL 45 : One side key only 45 mm, for max door thickness-45 mm - SS Finish (with 3 Mechanical key)",214,HIGH,HS Code 83021090; *Available till stock last,,,,SS,1376.00,INR,HIGH,"Qty 1, Unit set, PU 1",45,
Hettich,Panic Bar Solution,HPN 3000 RIM (Touch Bar Panic Device) Door Height: 2400 mm | Width: 650-1100 mm | Thickness 45-50 mm,9228616,"HPN 3000 RIM: 1 Point Locking, Touch bar, Steel Silver Painted, Fire Rated",215,HIGH,HS Code 83024190,,,,Silver,10379.00,INR,HIGH,"Qty 1, Unit Set, PU 1",,
Hettich,Panic Bar Solution,HPN 3000 RIM (Touch Bar Panic Device) Door Height: 2400 mm | Width: 650-1100 mm | Thickness 45-50 mm,9228617,"HPN 3000 Vertical: 2 Point locking, touch bar, steel silver painted, fire rated",215,HIGH,HS Code 83024190; *Available till stock last,,,,Silver,14992.00,INR,HIGH,"Qty 1, Unit Set, PU 1",,
Hettich,Panic Bar Solution,HPN 500 IN RIM (Push Bar Panic Device) Door Height: 2400 mm | Width: 750-1100 mm | Thickness 45-50 mm,9228622,"HPN 500 IN RIM: 1 Point Locking, Push bar, Steel Silver Painted, Fire Rated",215,HIGH,HS Code 83024190,,,,Silver,10639.00,INR,HIGH,"Qty 1, Unit Set, PU 1",,
Hettich,Panic Bar Solution,HPN 500 IN RIM (Push Bar Panic Device) Door Height: 2400 mm | Width: 750-1100 mm | Thickness 45-50 mm,9228624,"HPN 500 IN Vertical: 2 Point locking, Push bar, steel silver painted, fire rated",215,HIGH,HS Code 83024190,,,,Silver,19383.00,INR,HIGH,"Qty 1, Unit Set, PU 1",,
Hettich,Panic Bar Solution,Counter Handle On Rose,9228704,Counter handle for HPN on shortplate Silver,215,HIGH,HS Code 83024190; *Available till stock last,,,,Silver,10756.00,INR,HIGH,"Qty 1, Unit Set, PU 1",,
Hettich,Digital Lock/ProLock Infinity,Digital Lock,9251396,"Smart Digital Lock with Password, Fingerprint, Card & with Backup key, Lock Body: CTC 68 & Backset 60, Door Thickness: 35-60 mm",216,HIGH,HS Code 83016000,,,,Standard,24900.00,INR,HIGH,"Qty 1, Unit Set, PU 1",,
Hettich,Digital Lock/ProLock Infinity,ProLock Infinity Handles Design 2,9250891,ProLock Infinity 2 SS DIN Right- Movable,216,HIGH,HS Code 83024190; *Available till stock last,,,,SS,6916.00,INR,HIGH,"Qty 1, Unit Set, PU 1",,
Hettich,Digital Lock/ProLock Infinity,ProLock Infinity Handles Design 2,9250892,ProLock Infinity 2 AB DIN Right- Movable,216,HIGH,HS Code 83021090; *Available till stock last,,,,AB,10432.00,INR,HIGH,"Qty 1, Unit Set, PU 1",,
Hettich,Digital Lock/ProLock Infinity,ProLock Infinity Handles Design 2,9250860,ProLock Infinity 2 AB DIN Left- Movable,216,HIGH,HS Code 83021090; *Available till stock last,,,,AB,10432.00,INR,HIGH,"Qty 1, Unit Set, PU 1",,
Hettich,Digital Lock/ProLock Infinity,ProLock Infinity Handles Design 3,9250902,ProLock Infinity 3 SS DIN Right- Movable (Door Thickness 40-50 mm),216,HIGH,HS Code 83024190; *Available till stock last,,,,SS,6916.00,INR,HIGH,"Qty 1, Unit Set, PU 1",,
Hettich,Digital Lock/ProLock Infinity,ProLock Infinity Lock body with 5 point locking system,9228517,"HBS 21 FSL Sash Lock DIN Left/Right CTC 68 & Backset 60 with 3 Bolt, Latch And 1 Manual Bolt SS Finish",216,HIGH,HS Code 83014090; *Available till stock last,,,,SS,3331.00,INR,HIGH,"Qty 1, Unit Set, PU 1",,
Hettich,Digital Lock/ProLock Infinity,ProLock Infinity Lock body with 5 point locking system,9228629,"HBS 21 FSL Sash Lock DIN Left/Right CTC 68 & Backset 60 with 3 Bolt, Latch And 1 Manual Bolt AB Finish",216,HIGH,HS Code 83014090; *Available till stock last,,,,AB,4124.00,INR,HIGH,"Qty 1, Unit Set, PU 1",,
Hettich,Digital Lock/ProLock Infinity,ProLock Infinity Cylinder with 5 Main keys & 2 construction key,9228518,"ProLock Infinity Euro Profile Cylinder with 2 Row Pin, Anti-Drill Pin & Reversible AB Key size: 70 mm SS Finish",216,HIGH,"HS Code 83014090; *Available till stock last; note: 'AB Key' in description refers to key type, not finish",,,,SS,4061.00,INR,HIGH,"Qty 1, Unit Set, PU 1",70,
Hettich,Digital Lock/ProLock Infinity,ProLock Infinity Cylinder with 5 Main keys & 2 construction key,9228630,"ProLock Infinity Euro Profile Cylinder with 2 Row Pin, Anti-Drill Pin & Reversible AB Key size: 70 mm AB Finish",216,HIGH,HS Code 83014090; *Available till stock last,,,,AB,4803.00,INR,HIGH,"Qty 1, Unit Set, PU 1",70,
Hettich,Digital Lock/ProLock Infinity,ProLock Infinity Cylinder with 5 Main keys & 2 construction key,9228634,"ProLock Infinity Euro Profile Cylinder with 2 Row Pin, Anti-Drill Pin & Reversible AB Key size: 70 mm BL Finish",216,HIGH,HS Code 83014090; *Available till stock last,,,,BL,5864.00,INR,HIGH,"Qty 1, Unit Set, PU 1",70,
Hettich,ProLock Interior/Combo,ProLock Combo,9360360,"ProLock Combo Lever Lock, Door thickness 35-50 mm, with SS 304 Back plate & Lever fixed with Lock and 70 mm cylinder along with 3 keys and Thumb turn on inside, SSS finish",217,HIGH,HS Code 83014000; *Available till stock last,,,,SSS,3740.00,INR,HIGH,"Qty 1, Unit Set, PU 1",,
Hettich,ProLock Interior/Combo,ProLock Combo,9360361,"ProLock Combo Lever Lock, Door Thickness 35-50 mm, WC version with SS 304 Back plate & lever fixed with Lock and 70 mm Emergency coin turn cylinder and Thumb turn on inside, SSS finish",217,HIGH,HS Code 83014000; *Available till stock last,,,,SSS,3740.00,INR,HIGH,"Qty 1, Unit Set, PU 1",,
Hettich,ProLock Interior/Combo,ProLock Combo,9360362,"ProLock Combo Lever Lock, Door thickness 35-50 mm, with SS 304 Back plate & Lever fixed with Lock and cylinder along with 70 mm 3 keys and Thumb turn on inside, AB finish",217,HIGH,HS Code 83014000; *Available till stock last,,,,AB,4395.00,INR,HIGH,"Qty 1, Unit Set, PU 1",,
Hettich,ProLock Interior/Combo,ProLock Combo,9360364,"ProLock Combo Lever Lock, Door Thickness 35-50 mm, WC version with SS 304 Back plate & lever fixed with Lock and 70 mm Emergency coin turn cylinder and Thumb turn on inside, AB finish",217,HIGH,HS Code 83014000; *Available till stock last,,,,AB,4395.00,INR,HIGH,"Qty 1, Unit Set, PU 1",,
Hettich,ProLock Interior/Combo,ProLock Combo,9374288,"ProLock Combo Lever Lock, Door thickness 35-50 mm, with SS 304 Back plate & Lever fixed with Lock and 70 mm cylinder along with 3 keys and Thumb turn on inside, BL finish",217,HIGH,HS Code 83014000; *Available till stock last,,,,BL,4395.00,INR,HIGH,"Qty 1, Unit Set, PU 1",,
Hettich,ProLock Interior/Combo,ProLock Combo,9374289,"ProLock Combo Lever Lock, Door Thickness 35-50 mm, WC version with SS 304 Back plate & lever fixed with Lock and 70 mm Emergency coin turn cylinder and Thumb turn on inside, BL finish",217,HIGH,HS Code 83014000; *Available till stock last,,,,BL,4395.00,INR,HIGH,"Qty 1, Unit Set, PU 1",,
Hettich,ProLock Interior/Combo,ProLock Interior,9250940,"ProLock Interior 1 SN finish DT 30-50 mm Zinc Handle w/ Lock, Satin Nickle finish",217,HIGH,HS Code 83024100; *Available till stock last; source spells finish 'Satin Nickle' (sic),,,,SN,5555.00,INR,HIGH,"Qty 1, Unit Set, PU 1",,
Hettich,Inspiro Handles,Inspiro Locks – WAV,9251728,240mm WAV HDL PLT & 50X85 LB SET-ZN SS,218,HIGH,HS Code 83014090; lockbody spec 50x85mm (see price_notes),,,,SS,4900.00,INR,HIGH,"Qty 1, Unit Set, PU 1; lockbody 50x85mm",240,
Hettich,Inspiro Handles,Inspiro Locks – WAV,9251729,240mm WAV HDL PLT & 50X85 LB SET-ZN AB,218,HIGH,HS Code 83014090; lockbody spec 50x85mm (see price_notes),,,,AB,5200.00,INR,HIGH,"Qty 1, Unit Set, PU 1; lockbody 50x85mm",240,
Hettich,Inspiro Handles,Inspiro Locks – WAV,9251730,240mm WAV HDL PLT & 50X85 LB SET-ZN BL,218,HIGH,HS Code 83014090; lockbody spec 50x85mm (see price_notes),,,,BL,5100.00,INR,HIGH,"Qty 1, Unit Set, PU 1; lockbody 50x85mm",240,
Hettich,Inspiro Handles,Inspiro Locks – WAV,9251731,240mm WAV HDL PLT & 50X85 LB SET-ZN RG,218,HIGH,HS Code 83014090; lockbody spec 50x85mm (see price_notes),,,,RG,6700.00,INR,HIGH,"Qty 1, Unit Set, PU 1; lockbody 50x85mm",240,
Hettich,Inspiro Handles,Inspiro Locks – WAV,9251732,240mm WAV HDL PLT & 50X85 LB SET-ZN GL,218,HIGH,HS Code 83014090; lockbody spec 50x85mm (see price_notes),,,,GL,6700.00,INR,HIGH,"Qty 1, Unit Set, PU 1; lockbody 50x85mm",240,
Hettich,Inspiro Handles,Inspiro Locks – WAV,9251753,200mm WAV HDL PLT & 50X85 LB SET-ZN SS,218,HIGH,HS Code 83014090; lockbody spec 50x85mm (see price_notes),,,,SS,4300.00,INR,HIGH,"Qty 1, Unit Set, PU 1; lockbody 50x85mm",200,
Hettich,Inspiro Handles,Inspiro Locks – WAV,9251754,200mm WAV HDL PLT & 50X85 LB SET-ZN AB,218,HIGH,HS Code 83014090; lockbody spec 50x85mm (see price_notes),,,,AB,4600.00,INR,HIGH,"Qty 1, Unit Set, PU 1; lockbody 50x85mm",200,
Hettich,Inspiro Handles,Inspiro Locks – WAV,9251755,200mm WAV HDL PLT & 50X85 LB SET-ZN BL,218,HIGH,HS Code 83014090; lockbody spec 50x85mm (see price_notes),,,,BL,4500.00,INR,HIGH,"Qty 1, Unit Set, PU 1; lockbody 50x85mm",200,
Hettich,Inspiro Handles,Inspiro Locks – WAV,9251756,200mm WAV HDL PLT & 50X85 LB SET-ZN RG,218,HIGH,HS Code 83014090; lockbody spec 50x85mm (see price_notes),,,,RG,5800.00,INR,HIGH,"Qty 1, Unit Set, PU 1; lockbody 50x85mm",200,
Hettich,Inspiro Handles,Inspiro Locks – WAV,9251757,200mm WAV HDL PLT & 50X85 LB SET-ZN GL,218,HIGH,HS Code 83014090; lockbody spec 50x85mm (see price_notes),,,,GL,5800.00,INR,HIGH,"Qty 1, Unit Set, PU 1; lockbody 50x85mm",200,
Hettich,Inspiro Handles,Inspiro Locks – WAV,9251778,ROU ROSE WAV HDL & 50X85 LB SET-ZN SS,218,HIGH,"HS Code 83014090; compound lockbody dim 50x85mm, no single clean size (see price_notes)",,,,SS,4400.00,INR,HIGH,"Qty 1, Unit Set, PU 1; lockbody 50x85mm",,
Hettich,Inspiro Handles,Inspiro Locks – WAV,9251779,ROU ROSE WAV HDL & 50X85 LB SET-ZN AB,218,HIGH,"HS Code 83014090; compound lockbody dim 50x85mm, no single clean size (see price_notes)",,,,AB,4700.00,INR,HIGH,"Qty 1, Unit Set, PU 1; lockbody 50x85mm",,
Hettich,Inspiro Handles,Inspiro Locks – WAV,9251780,ROU ROSE WAV HDL & 50X85 LB SET-ZN BL,218,HIGH,"HS Code 83014090; compound lockbody dim 50x85mm, no single clean size (see price_notes)",,,,BL,4600.00,INR,HIGH,"Qty 1, Unit Set, PU 1; lockbody 50x85mm",,
Hettich,Inspiro Handles,Inspiro Locks – WAV,9251781,ROU ROSE WAV HDL & 50X85 LB SET-ZN RG,218,HIGH,"HS Code 83014090; compound lockbody dim 50x85mm, no single clean size (see price_notes)",,,,RG,5700.00,INR,HIGH,"Qty 1, Unit Set, PU 1; lockbody 50x85mm",,
Hettich,Inspiro Handles,Inspiro Locks – WAV,9251782,ROU ROSE WAV HDL & 50X85 LB SET-ZN GL,218,HIGH,"HS Code 83014090; compound lockbody dim 50x85mm, no single clean size (see price_notes)",,,,GL,5700.00,INR,HIGH,"Qty 1, Unit Set, PU 1; lockbody 50x85mm",,
Hettich,Inspiro Handles,Inspiro Locks – WAV,9251803,SQR ROSE WAV HDL & 50X85 LB SET-ZN SS,218,HIGH,"HS Code 83014090; compound lockbody dim 50x85mm, no single clean size (see price_notes)",,,,SS,4400.00,INR,HIGH,"Qty 1, Unit Set, PU 1; lockbody 50x85mm",,
Hettich,Inspiro Handles,Inspiro Locks – WAV,9251804,SQR ROSE WAV HDL & 50X85 LB SET-ZN AB,218,HIGH,"HS Code 83014090; compound lockbody dim 50x85mm, no single clean size (see price_notes)",,,,AB,4700.00,INR,HIGH,"Qty 1, Unit Set, PU 1; lockbody 50x85mm",,
Hettich,Inspiro Handles,Inspiro Locks – WAV,9251805,SQR ROSE WAV HDL & 50X85 LB SET-ZN BL,218,HIGH,"HS Code 83014090; compound lockbody dim 50x85mm, no single clean size (see price_notes)",,,,BL,4600.00,INR,HIGH,"Qty 1, Unit Set, PU 1; lockbody 50x85mm",,
Hettich,Inspiro Handles,Inspiro Locks – WAV,9251806,SQR ROSE WAV HDL & 50X85 LB SET-ZN RG,218,HIGH,"HS Code 83014090; compound lockbody dim 50x85mm, no single clean size (see price_notes)",,,,RG,5700.00,INR,HIGH,"Qty 1, Unit Set, PU 1; lockbody 50x85mm",,
Hettich,Inspiro Handles,Inspiro Locks – WAV,9251807,SQR ROSE WAV HDL & 50X85 LB SET-ZN GL,218,HIGH,"HS Code 83014090; compound lockbody dim 50x85mm, no single clean size (see price_notes)",,,,GL,5700.00,INR,HIGH,"Qty 1, Unit Set, PU 1; lockbody 50x85mm",,
Hettich,Inspiro Handles,Inspiro Locks – WAV,9251828,ROU ROSE WAV HDL & 50BST BL SET-ZN SS,218,HIGH,HS Code 83014090; 50BST = 50mm backset,,,,SS,3000.00,INR,HIGH,"Qty 1, Unit Set, PU 1; backset 50mm",50,
Hettich,Inspiro Handles,Inspiro Locks – WAV,9251829,ROU ROSE WAV HDL & 50BST BL SET-ZN AB,218,HIGH,HS Code 83014090; 50BST = 50mm backset,,,,AB,3200.00,INR,HIGH,"Qty 1, Unit Set, PU 1; backset 50mm",50,
Hettich,Inspiro Handles,Inspiro Locks – WAV,9251830,ROU ROSE WAV HDL & 50BST BL SET-ZN BL,218,HIGH,HS Code 83014090; 50BST = 50mm backset,,,,BL,3100.00,INR,HIGH,"Qty 1, Unit Set, PU 1; backset 50mm",50,
Hettich,Inspiro Handles,Inspiro Locks – WAV,9251831,ROU ROSE WAV HDL & 50BST BL SET-ZN RG,218,HIGH,HS Code 83014090; 50BST = 50mm backset,,,,RG,3900.00,INR,HIGH,"Qty 1, Unit Set, PU 1; backset 50mm",50,
Hettich,Inspiro Handles,Inspiro Locks – WAV,9251832,ROU ROSE WAV HDL & 50BST BL SET-ZN GL,218,HIGH,HS Code 83014090; 50BST = 50mm backset,,,,GL,3900.00,INR,HIGH,"Qty 1, Unit Set, PU 1; backset 50mm",50,
Hettich,Inspiro Handles,Inspiro Locks – WAV,9251853,SQR ROSE WAV HDL & 50BST BL SET-ZN SS,218,HIGH,HS Code 83014090; 50BST = 50mm backset,,,,SS,3000.00,INR,HIGH,"Qty 1, Unit Set, PU 1; backset 50mm",50,
Hettich,Inspiro Handles,Inspiro Locks – WAV,9251854,SQR ROSE WAV HDL & 50BST BL SET-ZN AB,218,HIGH,HS Code 83014090; 50BST = 50mm backset,,,,AB,3200.00,INR,HIGH,"Qty 1, Unit Set, PU 1; backset 50mm",50,
Hettich,Inspiro Handles,Inspiro Locks – WAV,9251855,SQR ROSE WAV HDL & 50BST BL SET-ZN BL,218,HIGH,HS Code 83014090; 50BST = 50mm backset,,,,BL,3100.00,INR,HIGH,"Qty 1, Unit Set, PU 1; backset 50mm",50,
Hettich,Inspiro Handles,Inspiro Locks – WAV,9251856,SQR ROSE WAV HDL & 50BST BL SET-ZN RG,218,HIGH,HS Code 83014090; 50BST = 50mm backset,,,,RG,3900.00,INR,HIGH,"Qty 1, Unit Set, PU 1; backset 50mm",50,
Hettich,Inspiro Handles,Inspiro Locks – WAV,9251857,SQR ROSE WAV HDL & 50BST BL SET-ZN GL,218,HIGH,HS Code 83014090; 50BST = 50mm backset,,,,GL,3900.00,INR,HIGH,"Qty 1, Unit Set, PU 1; backset 50mm",50,
Hettich,Inspiro Handles,Inspiro Locks – CURV,9251733,240mm CURV HDL PLT & 50X85 LB SET-ZN SS,218,HIGH,HS Code 83014090; lockbody spec 50x85mm (see price_notes),,,,SS,4800.00,INR,HIGH,"Qty 1, Unit Set, PU 1; lockbody 50x85mm",240,
Hettich,Inspiro Handles,Inspiro Locks – CURV,9251734,240mm CURV HDL PLT & 50X85 LB SET-ZN AB,218,HIGH,HS Code 83014090; lockbody spec 50x85mm (see price_notes),,,,AB,5100.00,INR,HIGH,"Qty 1, Unit Set, PU 1; lockbody 50x85mm",240,
Hettich,Inspiro Handles,Inspiro Locks – CURV,9251735,240mm CURV HDL PLT & 50X85 LB SET-ZN BL,218,HIGH,HS Code 83014090; lockbody spec 50x85mm (see price_notes),,,,BL,5000.00,INR,HIGH,"Qty 1, Unit Set, PU 1; lockbody 50x85mm",240,
Hettich,Inspiro Handles,Inspiro Locks – CURV,9251736,240mm CURV HDL PLT & 50X85 LB SET-ZN RG,218,HIGH,HS Code 83014090; lockbody spec 50x85mm (see price_notes),,,,RG,6600.00,INR,HIGH,"Qty 1, Unit Set, PU 1; lockbody 50x85mm",240,
Hettich,Inspiro Handles,Inspiro Locks – CURV,9251737,240mm CURV HDL PLT & 50X85 LB SET-ZN GL,218,HIGH,HS Code 83014090; lockbody spec 50x85mm (see price_notes),,,,GL,6600.00,INR,HIGH,"Qty 1, Unit Set, PU 1; lockbody 50x85mm",240,
Hettich,Inspiro Handles,Inspiro Locks – CURV,9251758,200mm CURV HDL PLT & 50X85 LB SET-ZN SS,218,HIGH,HS Code 83014090; lockbody spec 50x85mm (see price_notes),,,,SS,4100.00,INR,HIGH,"Qty 1, Unit Set, PU 1; lockbody 50x85mm",200,
Hettich,Inspiro Handles,Inspiro Locks – CURV,9251759,200mm CURV HDL PLT & 50X85 LB SET-ZN AB,218,HIGH,HS Code 83014090; lockbody spec 50x85mm (see price_notes),,,,AB,4400.00,INR,HIGH,"Qty 1, Unit Set, PU 1; lockbody 50x85mm",200,
Hettich,Inspiro Handles,Inspiro Locks – CURV,9251760,200mm CURV HDL PLT & 50X85 LB SET-ZN BL,218,HIGH,HS Code 83014090; lockbody spec 50x85mm (see price_notes),,,,BL,4300.00,INR,HIGH,"Qty 1, Unit Set, PU 1; lockbody 50x85mm",200,
Hettich,Inspiro Handles,Inspiro Locks – CURV,9251761,200mm CURV HDL PLT & 50X85 LB SET-ZN RG,218,HIGH,HS Code 83014090; lockbody spec 50x85mm (see price_notes),,,,RG,5600.00,INR,HIGH,"Qty 1, Unit Set, PU 1; lockbody 50x85mm",200,
Hettich,Inspiro Handles,Inspiro Locks – CURV,9251762,200mm CURV HDL PLT & 50X85 LB SET-ZN GL,218,HIGH,HS Code 83014090; lockbody spec 50x85mm (see price_notes),,,,GL,5600.00,INR,HIGH,"Qty 1, Unit Set, PU 1; lockbody 50x85mm",200,
Hettich,Inspiro Handles,Inspiro Locks – CURV,9251783,ROU ROSE CURV HDL & 50X85 LB SET-ZN SS,218,HIGH,"HS Code 83014090; compound lockbody dim 50x85mm, no single clean size (see price_notes)",,,,SS,4300.00,INR,HIGH,"Qty 1, Unit Set, PU 1; lockbody 50x85mm",,
Hettich,Inspiro Handles,Inspiro Locks – CURV,9251784,ROU ROSE CURV HDL & 50X85 LB SET-ZN AB,218,HIGH,"HS Code 83014090; compound lockbody dim 50x85mm, no single clean size (see price_notes)",,,,AB,4600.00,INR,HIGH,"Qty 1, Unit Set, PU 1; lockbody 50x85mm",,
Hettich,Inspiro Handles,Inspiro Locks – CURV,9251785,ROU ROSE CURV HDL & 50X85 LB SET-ZN BL,218,HIGH,"HS Code 83014090; compound lockbody dim 50x85mm, no single clean size (see price_notes)",,,,BL,4500.00,INR,HIGH,"Qty 1, Unit Set, PU 1; lockbody 50x85mm",,
Hettich,Inspiro Handles,Inspiro Locks – CURV,9251786,ROU ROSE CURV HDL & 50X85 LB SET-ZN RG,218,HIGH,"HS Code 83014090; compound lockbody dim 50x85mm, no single clean size (see price_notes)",,,,RG,5600.00,INR,HIGH,"Qty 1, Unit Set, PU 1; lockbody 50x85mm",,
Hettich,Inspiro Handles,Inspiro Locks – CURV,9251787,ROU ROSE CURV HDL & 50X85 LB SET-ZN GL,218,HIGH,"HS Code 83014090; compound lockbody dim 50x85mm, no single clean size (see price_notes)",,,,GL,5600.00,INR,HIGH,"Qty 1, Unit Set, PU 1; lockbody 50x85mm",,
Hettich,Inspiro Handles,Inspiro Locks – CURV,9251808,SQR ROSE CURV HDL & 50X85 LB SET-ZN SS,218,HIGH,"HS Code 83014090; compound lockbody dim 50x85mm, no single clean size (see price_notes)",,,,SS,4300.00,INR,HIGH,"Qty 1, Unit Set, PU 1; lockbody 50x85mm",,
Hettich,Inspiro Handles,Inspiro Locks – CURV,9251809,SQR ROSE CURV HDL & 50X85 LB SET-ZN AB,218,HIGH,"HS Code 83014090; compound lockbody dim 50x85mm, no single clean size (see price_notes)",,,,AB,4600.00,INR,HIGH,"Qty 1, Unit Set, PU 1; lockbody 50x85mm",,
Hettich,Inspiro Handles,Inspiro Locks – CURV,9251810,SQR ROSE CURV HDL & 50X85 LB SET-ZN BL,218,HIGH,"HS Code 83014090; compound lockbody dim 50x85mm, no single clean size (see price_notes)",,,,BL,4500.00,INR,HIGH,"Qty 1, Unit Set, PU 1; lockbody 50x85mm",,
Hettich,Inspiro Handles,Inspiro Locks – CURV,9251811,SQR ROSE CURV HDL & 50X85 LB SET-ZN RG,218,HIGH,"HS Code 83014090; compound lockbody dim 50x85mm, no single clean size (see price_notes)",,,,RG,5600.00,INR,HIGH,"Qty 1, Unit Set, PU 1; lockbody 50x85mm",,
Hettich,Inspiro Handles,Inspiro Locks – CURV,9251812,SQR ROSE CURV HDL & 50X85 LB SET-ZN GL,218,HIGH,"HS Code 83014090; compound lockbody dim 50x85mm, no single clean size (see price_notes)",,,,GL,5600.00,INR,HIGH,"Qty 1, Unit Set, PU 1; lockbody 50x85mm",,
Hettich,Inspiro Handles,Inspiro Locks – CURV,9251833,ROU ROSE CURV HDL & 50BST BL SET-ZN SS,219,HIGH,HS Code 83014090; 50BST = 50mm backset,,,,SS,2900.00,INR,HIGH,"Qty 1, Unit Set, PU 1; backset 50mm",50,
Hettich,Inspiro Handles,Inspiro Locks – CURV,9251834,ROU ROSE CURV HDL & 50BST BL SET-ZN AB,219,HIGH,HS Code 83014090; 50BST = 50mm backset,,,,AB,3100.00,INR,HIGH,"Qty 1, Unit Set, PU 1; backset 50mm",50,
Hettich,Inspiro Handles,Inspiro Locks – CURV,9251835,ROU ROSE CURV HDL & 50BST BL SET-ZN BL,219,HIGH,HS Code 83014090; 50BST = 50mm backset,,,,BL,3000.00,INR,HIGH,"Qty 1, Unit Set, PU 1; backset 50mm",50,
Hettich,Inspiro Handles,Inspiro Locks – CURV,9251836,ROU ROSE CURV HDL & 50BST BL SET-ZN RG,219,HIGH,HS Code 83014090; 50BST = 50mm backset,,,,RG,3900.00,INR,HIGH,"Qty 1, Unit Set, PU 1; backset 50mm",50,
Hettich,Inspiro Handles,Inspiro Locks – CURV,9251837,ROU ROSE CURV HDL & 50BST BL SET-ZN GL,219,HIGH,HS Code 83014090; 50BST = 50mm backset,,,,GL,3900.00,INR,HIGH,"Qty 1, Unit Set, PU 1; backset 50mm",50,
Hettich,Inspiro Handles,Inspiro Locks – CURV,9251858,SQR ROSE CURV HDL & 50BST BL SET-ZN SS,219,HIGH,HS Code 83014090; 50BST = 50mm backset,,,,SS,2900.00,INR,HIGH,"Qty 1, Unit Set, PU 1; backset 50mm",50,
Hettich,Inspiro Handles,Inspiro Locks – CURV,9251859,SQR ROSE CURV HDL & 50BST BL SET-ZN AB,219,HIGH,HS Code 83014090; 50BST = 50mm backset,,,,AB,3100.00,INR,HIGH,"Qty 1, Unit Set, PU 1; backset 50mm",50,
Hettich,Inspiro Handles,Inspiro Locks – CURV,9251860,SQR ROSE CURV HDL & 50BST BL SET-ZN BL,219,HIGH,HS Code 83014090; 50BST = 50mm backset,,,,BL,3000.00,INR,HIGH,"Qty 1, Unit Set, PU 1; backset 50mm",50,
Hettich,Inspiro Handles,Inspiro Locks – CURV,9251861,SQR ROSE CURV HDL & 50BST BL SET-ZN RG,219,HIGH,HS Code 83014090; 50BST = 50mm backset,,,,RG,3900.00,INR,HIGH,"Qty 1, Unit Set, PU 1; backset 50mm",50,
Hettich,Inspiro Handles,Inspiro Locks – CURV,9251862,SQR ROSE CURV HDL & 50BST BL SET-ZN GL,219,HIGH,HS Code 83014090; 50BST = 50mm backset,,,,GL,3900.00,INR,HIGH,"Qty 1, Unit Set, PU 1; backset 50mm",50,
Hettich,Inspiro Handles,Inspiro Locks – EDGE,9251738,240mm EDGE HDL PLT & 50X85 LB SET-ZN SS,219,HIGH,HS Code 83014090; lockbody spec 50x85mm (see price_notes),,,,SS,4800.00,INR,HIGH,"Qty 1, Unit Set, PU 1; lockbody 50x85mm",240,
Hettich,Inspiro Handles,Inspiro Locks – EDGE,9251739,240mm EDGE HDL PLT & 50X85 LB SET-ZN AB,219,HIGH,HS Code 83014090; lockbody spec 50x85mm (see price_notes),,,,AB,5100.00,INR,HIGH,"Qty 1, Unit Set, PU 1; lockbody 50x85mm",240,
Hettich,Inspiro Handles,Inspiro Locks – EDGE,9251740,240mm EDGE HDL PLT & 50X85 LB SET-ZN BL,219,HIGH,HS Code 83014090; lockbody spec 50x85mm (see price_notes),,,,BL,5000.00,INR,HIGH,"Qty 1, Unit Set, PU 1; lockbody 50x85mm",240,
Hettich,Inspiro Handles,Inspiro Locks – EDGE,9251741,240mm EDGE HDL PLT & 50X85 LB SET-ZN RG,219,HIGH,HS Code 83014090; lockbody spec 50x85mm (see price_notes),,,,RG,6600.00,INR,HIGH,"Qty 1, Unit Set, PU 1; lockbody 50x85mm",240,
Hettich,Inspiro Handles,Inspiro Locks – EDGE,9251742,240mm EDGE HDL PLT & 50X85 LB SET-ZN GL,219,HIGH,HS Code 83014090; lockbody spec 50x85mm (see price_notes),,,,GL,6600.00,INR,HIGH,"Qty 1, Unit Set, PU 1; lockbody 50x85mm",240,
Hettich,Inspiro Handles,Inspiro Locks – EDGE,9251763,200mm EDGE HDL PLT & 50X85 LB SET-ZN SS,219,HIGH,HS Code 83014090; lockbody spec 50x85mm (see price_notes),,,,SS,4100.00,INR,HIGH,"Qty 1, Unit Set, PU 1; lockbody 50x85mm",200,
Hettich,Inspiro Handles,Inspiro Locks – EDGE,9251764,200mm EDGE HDL PLT & 50X85 LB SET-ZN AB,219,HIGH,HS Code 83014090; lockbody spec 50x85mm (see price_notes),,,,AB,4400.00,INR,HIGH,"Qty 1, Unit Set, PU 1; lockbody 50x85mm",200,
Hettich,Inspiro Handles,Inspiro Locks – EDGE,9251765,200mm EDGE HDL PLT & 50X85 LB SET-ZN BL,219,HIGH,HS Code 83014090; lockbody spec 50x85mm (see price_notes),,,,BL,4300.00,INR,HIGH,"Qty 1, Unit Set, PU 1; lockbody 50x85mm",200,
Hettich,Inspiro Handles,Inspiro Locks – EDGE,9251766,200mm EDGE HDL PLT & 50X85 LB SET-ZN RG,219,HIGH,HS Code 83014090; lockbody spec 50x85mm (see price_notes),,,,RG,5600.00,INR,HIGH,"Qty 1, Unit Set, PU 1; lockbody 50x85mm",200,
Hettich,Inspiro Handles,Inspiro Locks – EDGE,9251767,200mm EDGE HDL PLT & 50X85 LB SET-ZN GL,219,HIGH,HS Code 83014090; lockbody spec 50x85mm (see price_notes),,,,GL,5600.00,INR,HIGH,"Qty 1, Unit Set, PU 1; lockbody 50x85mm",200,
Hettich,Inspiro Handles,Inspiro Locks – EDGE,9251788,ROU ROSE EDGE HDL & 50X85 LB SET-ZN SS,219,HIGH,"HS Code 83014090; compound lockbody dim 50x85mm, no single clean size (see price_notes)",,,,SS,4300.00,INR,HIGH,"Qty 1, Unit Set, PU 1; lockbody 50x85mm",,
Hettich,Inspiro Handles,Inspiro Locks – EDGE,9251789,ROU ROSE EDGE HDL & 50X85 LB SET-ZN AB,219,HIGH,"HS Code 83014090; compound lockbody dim 50x85mm, no single clean size (see price_notes)",,,,AB,4600.00,INR,HIGH,"Qty 1, Unit Set, PU 1; lockbody 50x85mm",,
Hettich,Inspiro Handles,Inspiro Locks – EDGE,9251790,ROU ROSE EDGE HDL & 50X85 LB SET-ZN BL,219,HIGH,"HS Code 83014090; compound lockbody dim 50x85mm, no single clean size (see price_notes)",,,,BL,4500.00,INR,HIGH,"Qty 1, Unit Set, PU 1; lockbody 50x85mm",,
Hettich,Inspiro Handles,Inspiro Locks – EDGE,9251791,ROU ROSE EDGE HDL & 50X85 LB SET-ZN RG,219,HIGH,"HS Code 83014090; compound lockbody dim 50x85mm, no single clean size (see price_notes)",,,,RG,5600.00,INR,HIGH,"Qty 1, Unit Set, PU 1; lockbody 50x85mm",,
Hettich,Inspiro Handles,Inspiro Locks – EDGE,9251792,ROU ROSE EDGE HDL & 50X85 LB SET-ZN GL,219,HIGH,"HS Code 83014090; compound lockbody dim 50x85mm, no single clean size (see price_notes)",,,,GL,5600.00,INR,HIGH,"Qty 1, Unit Set, PU 1; lockbody 50x85mm",,
Hettich,Inspiro Handles,Inspiro Locks – EDGE,9251813,SQR ROSE EDGE HDL & 50X85 LB SET-ZN SS,219,HIGH,"HS Code 83014090; compound lockbody dim 50x85mm, no single clean size (see price_notes)",,,,SS,4300.00,INR,HIGH,"Qty 1, Unit Set, PU 1; lockbody 50x85mm",,
Hettich,Inspiro Handles,Inspiro Locks – EDGE,9251814,SQR ROSE EDGE HDL & 50X85 LB SET-ZN AB,219,HIGH,"HS Code 83014090; compound lockbody dim 50x85mm, no single clean size (see price_notes)",,,,AB,4600.00,INR,HIGH,"Qty 1, Unit Set, PU 1; lockbody 50x85mm",,
Hettich,Inspiro Handles,Inspiro Locks – EDGE,9251815,SQR ROSE EDGE HDL & 50X85 LB SET-ZN BL,219,HIGH,"HS Code 83014090; compound lockbody dim 50x85mm, no single clean size (see price_notes)",,,,BL,4500.00,INR,HIGH,"Qty 1, Unit Set, PU 1; lockbody 50x85mm",,
Hettich,Inspiro Handles,Inspiro Locks – EDGE,9251816,SQR ROSE EDGE HDL & 50X85 LB SET-ZN RG,219,HIGH,"HS Code 83014090; compound lockbody dim 50x85mm, no single clean size (see price_notes)",,,,RG,5600.00,INR,HIGH,"Qty 1, Unit Set, PU 1; lockbody 50x85mm",,
Hettich,Inspiro Handles,Inspiro Locks – EDGE,9251817,SQR ROSE EDGE HDL & 50X85 LB SET-ZN GL,219,HIGH,"HS Code 83014090; compound lockbody dim 50x85mm, no single clean size (see price_notes)",,,,GL,5600.00,INR,HIGH,"Qty 1, Unit Set, PU 1; lockbody 50x85mm",,
Hettich,Inspiro Handles,Inspiro Locks – EDGE,9251838,ROU ROSE EDGE HDL & 50BST BL SET-ZN SS,219,HIGH,HS Code 83014090; 50BST = 50mm backset,,,,SS,2900.00,INR,HIGH,"Qty 1, Unit Set, PU 1; backset 50mm",50,
Hettich,Inspiro Handles,Inspiro Locks – EDGE,9251839,ROU ROSE EDGE HDL & 50BST BL SET-ZN AB,219,HIGH,HS Code 83014090; 50BST = 50mm backset,,,,AB,3100.00,INR,HIGH,"Qty 1, Unit Set, PU 1; backset 50mm",50,
Hettich,Inspiro Handles,Inspiro Locks – EDGE,9251840,ROU ROSE EDGE HDL & 50BST BL SET-ZN BL,219,HIGH,HS Code 83014090; 50BST = 50mm backset,,,,BL,3000.00,INR,HIGH,"Qty 1, Unit Set, PU 1; backset 50mm",50,
Hettich,Inspiro Handles,Inspiro Locks – EDGE,9251841,ROU ROSE EDGE HDL & 50BST BL SET-ZN RG,219,HIGH,HS Code 83014090; 50BST = 50mm backset,,,,RG,3900.00,INR,HIGH,"Qty 1, Unit Set, PU 1; backset 50mm",50,
Hettich,Inspiro Handles,Inspiro Locks – EDGE,9251842,ROU ROSE EDGE HDL & 50BST BL SET-ZN GL,219,HIGH,HS Code 83014090; 50BST = 50mm backset,,,,GL,3900.00,INR,HIGH,"Qty 1, Unit Set, PU 1; backset 50mm",50,
Hettich,Inspiro Handles,Inspiro Locks – EDGE,9251863,SQR ROSE EDGE HDL & 50BST BL SET-ZN SS,219,HIGH,HS Code 83014090; 50BST = 50mm backset,,,,SS,2900.00,INR,HIGH,"Qty 1, Unit Set, PU 1; backset 50mm",50,
Hettich,Inspiro Handles,Inspiro Locks – EDGE,9251864,SQR ROSE EDGE HDL & 50BST BL SET-ZN AB,219,HIGH,HS Code 83014090; 50BST = 50mm backset,,,,AB,3100.00,INR,HIGH,"Qty 1, Unit Set, PU 1; backset 50mm",50,
Hettich,Inspiro Handles,Inspiro Locks – EDGE,9251865,SQR ROSE EDGE HDL & 50BST BL SET-ZN BL,219,HIGH,HS Code 83014090; 50BST = 50mm backset,,,,BL,3000.00,INR,HIGH,"Qty 1, Unit Set, PU 1; backset 50mm",50,
Hettich,Inspiro Handles,Inspiro Locks – EDGE,9251866,SQR ROSE EDGE HDL & 50BST BL SET-ZN RG,219,HIGH,HS Code 83014090; 50BST = 50mm backset,,,,RG,3900.00,INR,HIGH,"Qty 1, Unit Set, PU 1; backset 50mm",50,
Hettich,Inspiro Handles,Inspiro Locks – EDGE,9251867,SQR ROSE EDGE HDL & 50BST BL SET-ZN GL,219,HIGH,HS Code 83014090; 50BST = 50mm backset,,,,GL,3900.00,INR,HIGH,"Qty 1, Unit Set, PU 1; backset 50mm",50,
Hettich,Inspiro Handles,Inspiro Locks – SWOOSH,9251743,240mm SWOOSH HDL PLT & 50X85 LB SET-ZN SS,219,HIGH,HS Code 83014090; lockbody spec 50x85mm (see price_notes),,,,SS,4900.00,INR,HIGH,"Qty 1, Unit Set, PU 1; lockbody 50x85mm",240,
Hettich,Inspiro Handles,Inspiro Locks – SWOOSH,9251744,240mm SWOOSH HDL PLT & 50X85 LB SET-ZN AB,219,HIGH,HS Code 83014090; lockbody spec 50x85mm (see price_notes),,,,AB,5200.00,INR,HIGH,"Qty 1, Unit Set, PU 1; lockbody 50x85mm",240,
Hettich,Inspiro Handles,Inspiro Locks – SWOOSH,9251745,240mm SWOOSH HDL PLT & 50X85 LB SET-ZN BL,219,HIGH,HS Code 83014090; lockbody spec 50x85mm (see price_notes),,,,BL,5100.00,INR,HIGH,"Qty 1, Unit Set, PU 1; lockbody 50x85mm",240,
Hettich,Inspiro Handles,Inspiro Locks – SWOOSH,9251746,240mm SWOOSH HDL PLT & 50X85 LB SET-ZN RG,219,HIGH,HS Code 83014090; lockbody spec 50x85mm (see price_notes),,,,RG,6700.00,INR,HIGH,"Qty 1, Unit Set, PU 1; lockbody 50x85mm",240,
Hettich,Inspiro Handles,Inspiro Locks – SWOOSH,9251747,240mm SWOOSH HDL PLT & 50X85 LB SET-ZN GL,219,HIGH,HS Code 83014090; lockbody spec 50x85mm (see price_notes),,,,GL,6700.00,INR,HIGH,"Qty 1, Unit Set, PU 1; lockbody 50x85mm",240,
Hettich,Inspiro Handles,Inspiro Locks – SWOOSH,9251768,200mm SWOOSH HDL PLT & 50X85 LB SET-ZN SS,219,HIGH,HS Code 83014090; lockbody spec 50x85mm (see price_notes),,,,SS,4300.00,INR,HIGH,"Qty 1, Unit Set, PU 1; lockbody 50x85mm",200,
Hettich,Inspiro Handles,Inspiro Locks – SWOOSH,9251769,200mm SWOOSH HDL PLT & 50X85 LB SET-ZN AB,219,HIGH,HS Code 83014090; lockbody spec 50x85mm (see price_notes),,,,AB,4600.00,INR,HIGH,"Qty 1, Unit Set, PU 1; lockbody 50x85mm",200,
Hettich,Inspiro Handles,Inspiro Locks – SWOOSH,9251770,200mm SWOOSH HDL PLT & 50X85 LB SET-ZN BL,219,HIGH,HS Code 83014090; lockbody spec 50x85mm (see price_notes),,,,BL,4500.00,INR,HIGH,"Qty 1, Unit Set, PU 1; lockbody 50x85mm",200,
Hettich,Inspiro Handles,Inspiro Locks – SWOOSH,9251771,200mm SWOOSH HDL PLT & 50X85 LB SET-ZN RG,219,HIGH,HS Code 83014090; lockbody spec 50x85mm (see price_notes),,,,RG,5800.00,INR,HIGH,"Qty 1, Unit Set, PU 1; lockbody 50x85mm",200,
Hettich,Inspiro Handles,Inspiro Locks – SWOOSH,9251772,200mm SWOOSH HDL PLT & 50X85 LB SET-ZN GL,219,HIGH,HS Code 83014090; lockbody spec 50x85mm (see price_notes),,,,GL,5800.00,INR,HIGH,"Qty 1, Unit Set, PU 1; lockbody 50x85mm",200,
Hettich,Inspiro Handles,Inspiro Locks – SWOOSH,9251793,ROU ROSE SWOOSH HDL & 50X85 LB SET-ZN SS,220,HIGH,"HS Code 83014090; compound lockbody dim 50x85mm, no single clean size (see price_notes)",,,,SS,4400.00,INR,HIGH,"Qty 1, Unit Set, PU 1; lockbody 50x85mm",,
Hettich,Inspiro Handles,Inspiro Locks – SWOOSH,9251794,ROU ROSE SWOOSH HDL & 50X85 LB SET-ZN AB,220,HIGH,"HS Code 83014090; compound lockbody dim 50x85mm, no single clean size (see price_notes)",,,,AB,4700.00,INR,HIGH,"Qty 1, Unit Set, PU 1; lockbody 50x85mm",,
Hettich,Inspiro Handles,Inspiro Locks – SWOOSH,9251795,ROU ROSE SWOOSH HDL & 50X85 LB SET-ZN BL,220,HIGH,"HS Code 83014090; compound lockbody dim 50x85mm, no single clean size (see price_notes)",,,,BL,4600.00,INR,HIGH,"Qty 1, Unit Set, PU 1; lockbody 50x85mm",,
Hettich,Inspiro Handles,Inspiro Locks – SWOOSH,9251796,ROU ROSE SWOOSH HDL & 50X85 LB SET-ZN RG,220,HIGH,"HS Code 83014090; compound lockbody dim 50x85mm, no single clean size (see price_notes)",,,,RG,5700.00,INR,HIGH,"Qty 1, Unit Set, PU 1; lockbody 50x85mm",,
Hettich,Inspiro Handles,Inspiro Locks – SWOOSH,9251797,ROU ROSE SWOOSH HDL & 50X85 LB SET-ZN GL,220,HIGH,"HS Code 83014090; compound lockbody dim 50x85mm, no single clean size (see price_notes)",,,,GL,5700.00,INR,HIGH,"Qty 1, Unit Set, PU 1; lockbody 50x85mm",,
Hettich,Inspiro Handles,Inspiro Locks – SWOOSH,9251818,SQR ROSE SWOOSH HDL & 50X85 LB SET-ZN SS,220,HIGH,"HS Code 83014090; compound lockbody dim 50x85mm, no single clean size (see price_notes)",,,,SS,4400.00,INR,HIGH,"Qty 1, Unit Set, PU 1; lockbody 50x85mm",,
Hettich,Inspiro Handles,Inspiro Locks – SWOOSH,9251819,SQR ROSE SWOOSH HDL & 50X85 LB SET-ZN AB,220,HIGH,"HS Code 83014090; compound lockbody dim 50x85mm, no single clean size (see price_notes)",,,,AB,4700.00,INR,HIGH,"Qty 1, Unit Set, PU 1; lockbody 50x85mm",,
Hettich,Inspiro Handles,Inspiro Locks – SWOOSH,9251820,SQR ROSE SWOOSH HDL & 50X85 LB SET-ZN BL,220,HIGH,"HS Code 83014090; compound lockbody dim 50x85mm, no single clean size (see price_notes)",,,,BL,4600.00,INR,HIGH,"Qty 1, Unit Set, PU 1; lockbody 50x85mm",,
Hettich,Inspiro Handles,Inspiro Locks – SWOOSH,9251821,SQR ROSE SWOOSH HDL & 50X85 LB SET-ZN RG,220,HIGH,"HS Code 83014090; compound lockbody dim 50x85mm, no single clean size (see price_notes)",,,,RG,5700.00,INR,HIGH,"Qty 1, Unit Set, PU 1; lockbody 50x85mm",,
Hettich,Inspiro Handles,Inspiro Locks – SWOOSH,9251822,SQR ROSE SWOOSH HDL & 50X85 LB SET-ZN GL,220,HIGH,"HS Code 83014090; compound lockbody dim 50x85mm, no single clean size (see price_notes)",,,,GL,5700.00,INR,HIGH,"Qty 1, Unit Set, PU 1; lockbody 50x85mm",,
Hettich,Inspiro Handles,Inspiro Locks – SWOOSH,9251843,ROU ROSE SWOOSH HDL & 50BST BL SET-ZN SS,220,HIGH,HS Code 83014090; 50BST = 50mm backset,,,,SS,3000.00,INR,HIGH,"Qty 1, Unit Set, PU 1; backset 50mm",50,
Hettich,Inspiro Handles,Inspiro Locks – SWOOSH,9251844,ROU ROSE SWOOSH HDL & 50BST BL SET-ZN AB,220,HIGH,HS Code 83014090; 50BST = 50mm backset,,,,AB,3200.00,INR,HIGH,"Qty 1, Unit Set, PU 1; backset 50mm",50,
Hettich,Inspiro Handles,Inspiro Locks – SWOOSH,9251845,ROU ROSE SWOOSH HDL & 50BST BL SET-ZN BL,220,HIGH,HS Code 83014090; 50BST = 50mm backset,,,,BL,3100.00,INR,HIGH,"Qty 1, Unit Set, PU 1; backset 50mm",50,
Hettich,Inspiro Handles,Inspiro Locks – SWOOSH,9251846,ROU ROSE SWOOSH HDL & 50BST BL SET-ZN RG,220,HIGH,HS Code 83014090; 50BST = 50mm backset,,,,RG,3900.00,INR,HIGH,"Qty 1, Unit Set, PU 1; backset 50mm",50,
Hettich,Inspiro Handles,Inspiro Locks – SWOOSH,9251847,ROU ROSE SWOOSH HDL & 50BST BL SET-ZN GL,220,HIGH,HS Code 83014090; 50BST = 50mm backset,,,,GL,3900.00,INR,HIGH,"Qty 1, Unit Set, PU 1; backset 50mm",50,
Hettich,Inspiro Handles,Inspiro Locks – SWOOSH,9251868,SQR ROSE SWOOSH HDL & 50BST BL SET-ZN SS,220,HIGH,HS Code 83014090; 50BST = 50mm backset,,,,SS,3000.00,INR,HIGH,"Qty 1, Unit Set, PU 1; backset 50mm",50,
Hettich,Inspiro Handles,Inspiro Locks – SWOOSH,9251869,SQR ROSE SWOOSH HDL & 50BST BL SET-ZN AB,220,HIGH,HS Code 83014090; 50BST = 50mm backset,,,,AB,3200.00,INR,HIGH,"Qty 1, Unit Set, PU 1; backset 50mm",50,
Hettich,Inspiro Handles,Inspiro Locks – SWOOSH,9251870,SQR ROSE SWOOSH HDL & 50BST BL SET-ZN BL,220,HIGH,HS Code 83014090; 50BST = 50mm backset,,,,BL,3100.00,INR,HIGH,"Qty 1, Unit Set, PU 1; backset 50mm",50,
Hettich,Inspiro Handles,Inspiro Locks – SWOOSH,9251871,SQR ROSE SWOOSH HDL & 50BST BL SET-ZN RG,220,HIGH,HS Code 83014090; 50BST = 50mm backset,,,,RG,3900.00,INR,HIGH,"Qty 1, Unit Set, PU 1; backset 50mm",50,
Hettich,Inspiro Handles,Inspiro Locks – SWOOSH,9251872,SQR ROSE SWOOSH HDL & 50BST BL SET-ZN GL,220,HIGH,HS Code 83014090; 50BST = 50mm backset,,,,GL,3900.00,INR,HIGH,"Qty 1, Unit Set, PU 1; backset 50mm",50,
Hettich,Inspiro Handles,Inspiro Locks – ARC,9251748,240mm ARC HDL PLT & 50X85 LB SET-ZN SS,220,HIGH,HS Code 83014090; lockbody spec 50x85mm (see price_notes),,,,SS,4600.00,INR,HIGH,"Qty 1, Unit Set, PU 1; lockbody 50x85mm",240,
Hettich,Inspiro Handles,Inspiro Locks – ARC,9251749,240mm ARC HDL PLT & 50X85 LB SET-ZN AB,220,HIGH,HS Code 83014090; lockbody spec 50x85mm (see price_notes),,,,AB,4900.00,INR,HIGH,"Qty 1, Unit Set, PU 1; lockbody 50x85mm",240,
Hettich,Inspiro Handles,Inspiro Locks – ARC,9251750,240mm ARC HDL PLT & 50X85 LB SET-ZN BL,220,HIGH,HS Code 83014090; lockbody spec 50x85mm (see price_notes),,,,BL,4800.00,INR,HIGH,"Qty 1, Unit Set, PU 1; lockbody 50x85mm",240,
Hettich,Inspiro Handles,Inspiro Locks – ARC,9251751,240mm ARC HDL PLT & 50X85 LB SET-ZN RG,220,HIGH,HS Code 83014090; lockbody spec 50x85mm (see price_notes),,,,RG,6400.00,INR,HIGH,"Qty 1, Unit Set, PU 1; lockbody 50x85mm",240,
Hettich,Inspiro Handles,Inspiro Locks – ARC,9251752,240mm ARC HDL PLT & 50X85 LB SET-ZN GL,220,HIGH,HS Code 83014090; lockbody spec 50x85mm (see price_notes),,,,GL,6400.00,INR,HIGH,"Qty 1, Unit Set, PU 1; lockbody 50x85mm",240,
Hettich,Inspiro Handles,Inspiro Locks – ARC,9251773,200mm ARC HDL PLT & 50X85 LB SET-ZN SS,220,HIGH,HS Code 83014090; lockbody spec 50x85mm (see price_notes),,,,SS,4000.00,INR,HIGH,"Qty 1, Unit Set, PU 1; lockbody 50x85mm",200,
Hettich,Inspiro Handles,Inspiro Locks – ARC,9251774,200mm ARC HDL PLT & 50X85 LB SET-ZN AB,220,HIGH,HS Code 83014090; lockbody spec 50x85mm (see price_notes),,,,AB,4300.00,INR,HIGH,"Qty 1, Unit Set, PU 1; lockbody 50x85mm",200,
Hettich,Inspiro Handles,Inspiro Locks – ARC,9251775,200mm ARC HDL PLT & 50X85 LB SET-ZN BL,220,HIGH,HS Code 83014090; lockbody spec 50x85mm (see price_notes),,,,BL,4200.00,INR,HIGH,"Qty 1, Unit Set, PU 1; lockbody 50x85mm",200,
Hettich,Inspiro Handles,Inspiro Locks – ARC,9251776,200mm ARC HDL PLT & 50X85 LB SET-ZN RG,220,HIGH,HS Code 83014090; lockbody spec 50x85mm (see price_notes),,,,RG,5500.00,INR,HIGH,"Qty 1, Unit Set, PU 1; lockbody 50x85mm",200,
Hettich,Inspiro Handles,Inspiro Locks – ARC,9251777,200mm ARC HDL PLT & 50X85 LB SET-ZN GL,220,HIGH,HS Code 83014090; lockbody spec 50x85mm (see price_notes),,,,GL,5500.00,INR,HIGH,"Qty 1, Unit Set, PU 1; lockbody 50x85mm",200,
Hettich,Inspiro Handles,Inspiro Locks – ARC,9251798,ROU ROSE ARC HDL & 50X85 LB SET-ZN SS,220,HIGH,"HS Code 83014090; compound lockbody dim 50x85mm, no single clean size (see price_notes)",,,,SS,4100.00,INR,HIGH,"Qty 1, Unit Set, PU 1; lockbody 50x85mm",,
Hettich,Inspiro Handles,Inspiro Locks – ARC,9251799,ROU ROSE ARC HDL & 50X85 LB SET-ZN AB,220,HIGH,"HS Code 83014090; compound lockbody dim 50x85mm, no single clean size (see price_notes)",,,,AB,4400.00,INR,HIGH,"Qty 1, Unit Set, PU 1; lockbody 50x85mm",,
Hettich,Inspiro Handles,Inspiro Locks – ARC,9251800,ROU ROSE ARC HDL & 50X85 LB SET-ZN BL,220,HIGH,"HS Code 83014090; compound lockbody dim 50x85mm, no single clean size (see price_notes)",,,,BL,4300.00,INR,HIGH,"Qty 1, Unit Set, PU 1; lockbody 50x85mm",,
Hettich,Inspiro Handles,Inspiro Locks – ARC,9251801,ROU ROSE ARC HDL & 50X85 LB SET-ZN RG,220,HIGH,"HS Code 83014090; compound lockbody dim 50x85mm, no single clean size (see price_notes)",,,,RG,5400.00,INR,HIGH,"Qty 1, Unit Set, PU 1; lockbody 50x85mm",,
Hettich,Inspiro Handles,Inspiro Locks – ARC,9251802,ROU ROSE ARC HDL & 50X85 LB SET-ZN GL,220,HIGH,"HS Code 83014090; compound lockbody dim 50x85mm, no single clean size (see price_notes)",,,,GL,5400.00,INR,HIGH,"Qty 1, Unit Set, PU 1; lockbody 50x85mm",,
Hettich,Inspiro Handles,Inspiro Locks – ARC,9251823,SQR ROSE ARC HDL & 50X85 LB SET-ZN SS,220,HIGH,"HS Code 83014090; compound lockbody dim 50x85mm, no single clean size (see price_notes)",,,,SS,4100.00,INR,HIGH,"Qty 1, Unit Set, PU 1; lockbody 50x85mm",,
Hettich,Inspiro Handles,Inspiro Locks – ARC,9251824,SQR ROSE ARC HDL & 50X85 LB SET-ZN AB,220,HIGH,"HS Code 83014090; compound lockbody dim 50x85mm, no single clean size (see price_notes)",,,,AB,4400.00,INR,HIGH,"Qty 1, Unit Set, PU 1; lockbody 50x85mm",,
Hettich,Inspiro Handles,Inspiro Locks – ARC,9251825,SQR ROSE ARC HDL & 50X85 LB SET-ZN BL,220,HIGH,"HS Code 83014090; compound lockbody dim 50x85mm, no single clean size (see price_notes)",,,,BL,4300.00,INR,HIGH,"Qty 1, Unit Set, PU 1; lockbody 50x85mm",,
Hettich,Inspiro Handles,Inspiro Locks – ARC,9251826,SQR ROSE ARC HDL & 50X85 LB SET-ZN RG,220,HIGH,"HS Code 83014090; compound lockbody dim 50x85mm, no single clean size (see price_notes)",,,,RG,5400.00,INR,HIGH,"Qty 1, Unit Set, PU 1; lockbody 50x85mm",,
Hettich,Inspiro Handles,Inspiro Locks – ARC,9251827,SQR ROSE ARC HDL & 50X85 LB SET-ZN GL,220,HIGH,"HS Code 83014090; compound lockbody dim 50x85mm, no single clean size (see price_notes)",,,,GL,5400.00,INR,HIGH,"Qty 1, Unit Set, PU 1; lockbody 50x85mm",,
Hettich,Inspiro Handles,Inspiro Locks – ARC,9251848,ROU ROSE ARC HDL & 50BST BL SET-ZN SS,220,HIGH,HS Code 83014090; 50BST = 50mm backset,,,,SS,2700.00,INR,HIGH,"Qty 1, Unit Set, PU 1; backset 50mm",50,
Hettich,Inspiro Handles,Inspiro Locks – ARC,9251849,ROU ROSE ARC HDL & 50BST BL SET-ZN AB,220,HIGH,HS Code 83014090; 50BST = 50mm backset,,,,AB,2900.00,INR,HIGH,"Qty 1, Unit Set, PU 1; backset 50mm",50,
Hettich,Inspiro Handles,Inspiro Locks – ARC,9251850,ROU ROSE ARC HDL & 50BST BL SET-ZN BL,220,HIGH,HS Code 83014090; 50BST = 50mm backset,,,,BL,2800.00,INR,HIGH,"Qty 1, Unit Set, PU 1; backset 50mm",50,
Hettich,Inspiro Handles,Inspiro Locks – ARC,9251851,ROU ROSE ARC HDL & 50BST BL SET-ZN RG,220,HIGH,HS Code 83014090; 50BST = 50mm backset,,,,RG,3600.00,INR,HIGH,"Qty 1, Unit Set, PU 1; backset 50mm",50,
Hettich,Inspiro Handles,Inspiro Locks – ARC,9251852,ROU ROSE ARC HDL & 50BST BL SET-ZN GL,220,HIGH,HS Code 83014090; 50BST = 50mm backset,,,,GL,3600.00,INR,HIGH,"Qty 1, Unit Set, PU 1; backset 50mm",50,
Hettich,Inspiro Handles,Inspiro Locks – ARC,9251873,SQR ROSE ARC HDL & 50BST BL SET-ZN SS,220,HIGH,HS Code 83014090; 50BST = 50mm backset,,,,SS,2700.00,INR,HIGH,"Qty 1, Unit Set, PU 1; backset 50mm",50,
Hettich,Inspiro Handles,Inspiro Locks – ARC,9251874,SQR ROSE ARC HDL & 50BST BL SET-ZN AB,220,HIGH,HS Code 83014090; 50BST = 50mm backset,,,,AB,2900.00,INR,HIGH,"Qty 1, Unit Set, PU 1; backset 50mm",50,
Hettich,Inspiro Handles,Inspiro Locks – ARC,9251875,SQR ROSE ARC HDL & 50BST BL SET-ZN BL,220,HIGH,HS Code 83014090; 50BST = 50mm backset,,,,BL,2800.00,INR,HIGH,"Qty 1, Unit Set, PU 1; backset 50mm",50,
Hettich,Inspiro Handles,Inspiro Locks – ARC,9251876,SQR ROSE ARC HDL & 50BST BL SET-ZN RG,220,HIGH,HS Code 83014090; 50BST = 50mm backset,,,,RG,3600.00,INR,HIGH,"Qty 1, Unit Set, PU 1; backset 50mm",50,
Hettich,Inspiro Handles,Inspiro Locks – ARC,9251877,SQR ROSE ARC HDL & 50BST BL SET-ZN GL,220,HIGH,HS Code 83014090; 50BST = 50mm backset,,,,GL,3600.00,INR,HIGH,"Qty 1, Unit Set, PU 1; backset 50mm",50,
Hettich,Euro Profile Cylinder,HSCL – Standard Double Cylinder,9251888,60MM BSK ZN CYLINDER SS,221,HIGH,HS Code 83014090,,,,SS,1150.00,INR,HIGH,"Qty 1, Unit Set, PU 1",60,
Hettich,Euro Profile Cylinder,HSCL – Standard Double Cylinder,9251889,60MM BSK ZN CYLINDER AB,221,HIGH,HS Code 83014090,,,,AB,1250.00,INR,HIGH,"Qty 1, Unit Set, PU 1",60,
Hettich,Euro Profile Cylinder,HSCL – Standard Double Cylinder,9251890,60MM BSK ZN CYLINDER BL,221,HIGH,HS Code 83014090,,,,BL,1250.00,INR,HIGH,"Qty 1, Unit Set, PU 1",60,
Hettich,Euro Profile Cylinder,HSCL – Standard Double Cylinder,9251891,60MM BSK ZN CYLINDER RG,221,HIGH,HS Code 83014090,,,,RG,1450.00,INR,HIGH,"Qty 1, Unit Set, PU 1",60,
Hettich,Euro Profile Cylinder,HSCL – Standard Double Cylinder,9251892,60MM BSK ZN CYLINDER GL,221,HIGH,HS Code 83014090,,,,GL,1450.00,INR,HIGH,"Qty 1, Unit Set, PU 1",60,
Hettich,Euro Profile Cylinder,HSCL – Standard Double Cylinder,9251893,70MM BSK ZN CYLINDER SS,221,HIGH,HS Code 83014090,,,,SS,1200.00,INR,HIGH,"Qty 1, Unit Set, PU 1",70,
Hettich,Euro Profile Cylinder,HSCL – Standard Double Cylinder,9251894,70MM BSK ZN CYLINDER AB,221,HIGH,HS Code 83014090,,,,AB,1400.00,INR,HIGH,"Qty 1, Unit Set, PU 1",70,
Hettich,Euro Profile Cylinder,HSCL – Standard Double Cylinder,9251895,70MM BSK ZN CYLINDER BL,221,HIGH,HS Code 83014090,,,,BL,1400.00,INR,HIGH,"Qty 1, Unit Set, PU 1",70,
Hettich,Euro Profile Cylinder,HSCL – Standard Double Cylinder,9251896,70MM BSK ZN CYLINDER RG,221,HIGH,HS Code 83014090,,,,RG,1550.00,INR,HIGH,"Qty 1, Unit Set, PU 1",70,
Hettich,Euro Profile Cylinder,HSCL – Standard Double Cylinder,9251897,70MM BSK ZN CYLINDER GL,221,HIGH,HS Code 83014090,,,,GL,1550.00,INR,HIGH,"Qty 1, Unit Set, PU 1",70,
Hettich,Euro Profile Cylinder,HTCL – Thumb Turn Cylinder,9251878,60MM KNK ZN CYLINDER SS,221,HIGH,HS Code 83014090,,,,SS,1250.00,INR,HIGH,"Qty 1, Unit Set, PU 1",60,
Hettich,Euro Profile Cylinder,HTCL – Thumb Turn Cylinder,9251879,60MM KNK ZN CYLINDER AB,221,HIGH,HS Code 83014090,,,,AB,1400.00,INR,HIGH,"Qty 1, Unit Set, PU 1",60,
Hettich,Euro Profile Cylinder,HTCL – Thumb Turn Cylinder,9251880,60MM KNK ZN CYLINDER BL,221,HIGH,HS Code 83014090,,,,BL,1400.00,INR,HIGH,"Qty 1, Unit Set, PU 1",60,
Hettich,Euro Profile Cylinder,HTCL – Thumb Turn Cylinder,9251881,60MM KNK ZN CYLINDER RG,221,HIGH,HS Code 83014090,,,,RG,1550.00,INR,HIGH,"Qty 1, Unit Set, PU 1",60,
Hettich,Euro Profile Cylinder,HTCL – Thumb Turn Cylinder,9251882,60MM KNK ZN CYLINDER GL,221,HIGH,HS Code 83014090,,,,GL,1550.00,INR,HIGH,"Qty 1, Unit Set, PU 1",60,
Hettich,Euro Profile Cylinder,HTCL – Thumb Turn Cylinder,9251883,70MM KNK ZN CYLINDER SS,221,HIGH,HS Code 83014090,,,,SS,1400.00,INR,HIGH,"Qty 1, Unit Set, PU 1",70,
Hettich,Euro Profile Cylinder,HTCL – Thumb Turn Cylinder,9251884,70MM KNK ZN CYLINDER AB,221,HIGH,HS Code 83014090,,,,AB,1500.00,INR,HIGH,"Qty 1, Unit Set, PU 1",70,
Hettich,Euro Profile Cylinder,HTCL – Thumb Turn Cylinder,9251885,70MM KNK ZN CYLINDER BL,221,HIGH,HS Code 83014090,,,,BL,1500.00,INR,HIGH,"Qty 1, Unit Set, PU 1",70,
Hettich,Euro Profile Cylinder,HTCL – Thumb Turn Cylinder,9251886,70MM KNK ZN CYLINDER RG,221,HIGH,HS Code 83014090,,,,RG,1650.00,INR,HIGH,"Qty 1, Unit Set, PU 1",70,
Hettich,Euro Profile Cylinder,HTCL – Thumb Turn Cylinder,9251887,70MM KNK ZN CYLINDER GL,221,HIGH,HS Code 83014090,,,,GL,1650.00,INR,HIGH,"Qty 1, Unit Set, PU 1",70,
Hettich,Floor Spring,960 Series,9227859,"HTS FS 960: For Door Width 950 - 1400 mm, Hold open 90°, Door weight 60-300 kg",222,HIGH,HS Code 83024190,,,,Standard,47732.00,INR,HIGH,"Qty 1, Unit Set, PU 1",,
Hettich,Floor Spring,840 Series,9227847,"HTS FS844: For Door Width 1100 mm, Door Weight 150 Kg, Hold open at 90°, without accessories; EN1154 Certified; 500,000 cycle tested; Fire rated.",222,HIGH,HS Code 83024190,,,,Standard,12607.00,INR,HIGH,"Qty 1, Unit Set, PU 1",1100,
Hettich,Floor Spring,840 Series,9227844,"HTS FS843: For Door Width 950 mm, Door Weight 150 Kg, Hold open at 90°, without accessories; EN1154 Certified; 500,000 cycle tested; Fire rated.",222,HIGH,HS Code 83024190; *Available till stock last,,,,Standard,12607.00,INR,HIGH,"Qty 1, Unit Set, PU 1",950,
Hettich,Floor Spring,750 Series,9250945,"HTS FS 753: EN 3, For Door Width 950 mm, Door Weight 60 Kg, Hold Open at 90°, without accessories.",222,HIGH,HS Code 83024100; *Available till stock last,,,,Standard,8473.00,INR,HIGH,"Qty 1, Unit Set, PU 1",950,
Hettich,Floor Spring,750 Series,9250946,"HTS FS 754: EN 4, For Door Width 1100 mm, Door Weight 80 Kg, Hold Open at 90°, without accessories.",222,HIGH,HS Code 83024100; *Available till stock last,,,,Standard,8473.00,INR,HIGH,"Qty 1, Unit Set, PU 1",1100,
Hettich,Floor Spring,650 Series,9227856,"HTS FS654: For Door Width 1100 mm, Door weight 100 Kg, Hold open at 90°, without accessories; 200,000 cycle in-house lab tested.",222,HIGH,HS Code 83024190; *Available till stock last,,,,Standard,10179.00,INR,HIGH,"Qty 1, Unit Set, PU 1",1100,
Hettich,Floor Spring,650 Series,9227853,"HTS FS653: For Door Width 950 mm, Door Weight 100 kg, Hold open at 90°, without accessories; 200,000 cycle in-house lab tested.",222,HIGH,HS Code 83024190; *Available till stock last,,,,Standard,9950.00,INR,HIGH,"Qty 1, Unit Set, PU 1",950,
Hettich,Glass Fittings,Floor Spring Accessories for Wooden and Steel Profile doors,9227863,Top & Bottom Pivot for Wooden and Profile doors (For door weight up to 150 kg),223,HIGH,HS Code 83024190,,,,Standard,2099.00,INR,HIGH,"Qty 1, Unit Set, PU 1",,
Hettich,Glass Fittings,Floor Spring Accessories for Wooden and Steel Profile doors,9228715,Heavy duty Top and bottom pivot for floor pivot (For door weight up to 350 Kg),223,HIGH,HS Code 83024190,,,,Standard,5683.00,INR,HIGH,"Qty 1, Unit Set, PU 1",,
Hettich,Glass Fittings,Floor pivot / Hinge,9228714,"Floor pivot/hinge with loading capacity of 350 Kg doors, Stainless Steel Satin finish",223,HIGH,HS Code 83024190,,,,SS,5122.00,INR,HIGH,"Qty 1, Unit Set, PU 1",,
Hettich,Glass Fittings,Floor Spring Accessories,9227861,"Floor Spring Cover 840 Series, SS",223,HIGH,HS Code 83024190; *Available till stock last,,,,SS,1466.00,INR,HIGH,"Qty 1, Unit Set, PU 1",,
Hettich,Glass Fittings,Floor Spring Accessories,9250958,"HTS floor spring cover 750, Black",223,HIGH,HS Code 83024100; *Available till stock last,,,,Black,1813.00,INR,HIGH,"Qty 1, Unit Set, PU 1",,
Hettich,Glass Fittings,Bottom Patch,9228265,"HGF 100 : Bottom Patch, SS Finish",223,HIGH,HS Code 83024190; Section banner: Glass Patch Fittings (SS 304 satin finish cover; For 8-12 mm Glass thickness),,,,SS,1519.00,INR,HIGH,"Qty 1, Unit Set, PU 1",,
Hettich,Glass Fittings,Bottom Patch,9251404,"HGF 100 : Bottom Patch, BL Finish",223,HIGH,HS Code 83024100; *Available till stock last; Section banner: Glass Patch Fittings (SS 304 satin finish cover; For 8-12 mm Glass thickness),,,,BL,1763.00,INR,HIGH,"Qty 1, Unit Set, PU 1",,
Hettich,Glass Fittings,Top Patch,9228266,"HGF 200 : Top Patch, SS Finish",223,HIGH,HS Code 83024190; Section banner: Glass Patch Fittings (SS 304 satin finish cover; For 8-12 mm Glass thickness),,,,SS,1519.00,INR,HIGH,"Qty 1, Unit Set, PU 1",,
Hettich,Glass Fittings,Top Patch,9251403,"HGF 200 : Top Patch, BL Finish",223,HIGH,HS Code 83024100; *Available till stock last; Section banner: Glass Patch Fittings (SS 304 satin finish cover; For 8-12 mm Glass thickness),,,,BL,1763.00,INR,HIGH,"Qty 1, Unit Set, PU 1",,
Hettich,Glass Fittings,Overpanel side Patch,9228268,"HGF 400 : Overpanel side Patch, SS Finish",223,HIGH,HS Code 83024190; *Available till stock last; Section banner: Glass Patch Fittings (SS 304 satin finish cover; For 8-12 mm Glass thickness),,,,SS,2491.00,INR,HIGH,"Qty 1, Unit Set, PU 1",,
Hettich,Glass Fittings,Overpanel side Patch,9251409,"HGF 400 : Overpanel side Patch, BL Finish",223,HIGH,HS Code 83024100; *Available till stock last; Section banner: Glass Patch Fittings (SS 304 satin finish cover; For 8-12 mm Glass thickness),,,,BL,2750.00,INR,HIGH,"Qty 1, Unit Set, PU 1",,
Hettich,Glass Fittings,Overpanel Patch,9228267,"HGF 300 : Overpanel Patch, SS Finish",223,HIGH,HS Code 83024190; *Available till stock last; Section banner: Glass Patch Fittings (SS 304 satin finish cover; For 8-12 mm Glass thickness),,,,SS,1519.00,INR,HIGH,"Qty 1, Unit Set, PU 1",,
Hettich,Glass Fittings,Overpanel Patch with Fixing Plate,9228275,HGF 930 : Overpanel Patch with Fixing plate,223,HIGH,HS Code 83024190; *Available till stock last; Section banner: Glass Patch Fittings (SS 304 satin finish cover; For 8-12 mm Glass thickness),,,,Standard,1492.00,INR,HIGH,"Qty 1, Unit Set, PU 1",,
Hettich,Glass Fittings,Connector for Overpanel,9228276,"HGF 940 : Connector for overpanel, SS Finish",223,HIGH,HS Code 83024190; *Available till stock last; Section banner: Glass Patch Fittings (SS 304 satin finish cover; For 8-12 mm Glass thickness),,,,SS,2043.00,INR,HIGH,"Qty 1, Unit Pc, PU 1",,
Hettich,Glass Fittings,Connector for Overpanel,9251410,"HGF 940 : Connector for overpanel, BL Finish",223,HIGH,HS Code 83024100; *Available till stock last; Section banner: Glass Patch Fittings (SS 304 satin finish cover; For 8-12 mm Glass thickness),,,,BL,2250.00,INR,HIGH,"Qty 1, Unit Pc, PU 1",,
Hettich,Glass Fittings,Wall to Glass One Panel,9228272,"HGF 900: Wall to glass one panel, SS Finish",223,HIGH,HS Code 83024190; *Available till stock last; Section banner: Glass Patch Fittings (SS 304 satin finish cover; For 8-12 mm Glass thickness),,,,SS,1308.00,INR,HIGH,"Qty 1, Unit Pc, PU 1",,
Hettich,Glass Fittings,Glass to Glass Two Panel,9228274,"HGF 920: Glass to glass two panels, SS Finish",223,HIGH,HS Code 83024190; *Available till stock last; Section banner: Glass Patch Fittings (SS 304 satin finish cover; For 8-12 mm Glass thickness),,,,SS,1440.00,INR,HIGH,"Qty 1, Unit Pc, PU 1",,
Hettich,Glass Fittings,Corner Patch lock,9228269,"HGF 500 : Corner Patch lock, SS Finish",224,HIGH,HS Code 83024190; Section banner: Glass Patch Fittings & Glass Sliding (SS 304 satin finish cover; For 8-12 mm Glass thickness),,,,SS,2352.00,INR,HIGH,"Qty 1, Unit Set, PU 1",,
Hettich,Glass Fittings,Corner Patch lock,9251405,"HGF 500 : Corner Patch lock, BL Finish",224,HIGH,HS Code 83024100; *Available till stock last; Section banner: Glass Patch Fittings & Glass Sliding (SS 304 satin finish cover; For 8-12 mm Glass thickness),,,,BL,2590.00,INR,HIGH,"Qty 1, Unit Set, PU 1",,
Hettich,Glass Fittings,Corner Patch lock,9251532,"HSCL 60 : Both side key 60 mm, for max door thickness - 40 mm - SS Finish (3 Computer Key)",224,HIGH,HS Code 83024190; Section banner: Glass Patch Fittings & Glass Sliding (SS 304 satin finish cover; For 8-12 mm Glass thickness),,,,SS,1465.00,INR,HIGH,"Qty 1, Unit Set, PU 1",60,
Hettich,Glass Fittings,Centre Patch Lock,9228270,"HGF 600 : Centre patch Lock, SS Finish",224,HIGH,HS Code 83024190; *Available till stock last; Section banner: Glass Patch Fittings & Glass Sliding (SS 304 satin finish cover; For 8-12 mm Glass thickness),,,,SS,2352.00,INR,HIGH,"Qty 1, Unit Set, PU 1",,
Hettich,Glass Fittings,Centre Patch Lock,9228271,HGF 700 : Counter Lock for Centre Patch Lock,224,HIGH,HS Code 83024100; *Available till stock last; Section banner: Glass Patch Fittings & Glass Sliding (SS 304 satin finish cover; For 8-12 mm Glass thickness),,,,Standard,1383.00,INR,HIGH,"Qty 1, Unit Set, PU 1",,
Hettich,Glass Fittings,Centre Patch Lock,9251532,"HSCL 60 : Both side key 60 mm, for max door thickness - 40 mm - SS Finish (3 Computer Key)",224,LOW,kept as printed.,,,,SS,1465.00,INR,LOW,kept as printed.,60,
Hettich,Glass Fittings,Top pivot for Top patch,9228458,"HGF 800: Fixed top pivot for top patch, SS Finish",224,HIGH,HS Code 83024190; Section banner: Glass Patch Fittings & Glass Sliding (SS 304 satin finish cover; For 8-12 mm Glass thickness),,,,SS,467.00,INR,HIGH,"Qty 1, Unit Set, PU 1",,
Hettich,Glass Fittings,Top pivot for Top patch,9251408,"HGF 800: Fixed top pivot for top patch, BL Finish",224,HIGH,HS Code 83024100; *Available till stock last; Section banner: Glass Patch Fittings & Glass Sliding (SS 304 satin finish cover; For 8-12 mm Glass thickness),,,,BL,590.00,INR,HIGH,"Qty 1, Unit Set, PU 1",,
Hettich,Glass Fittings,HPH 2110 Back to Back Handles,9228525,"HPH 2110 : Back To Back Pull Handles Dia. 19 mm, CTC Length 150 mm, Stainless Steel Satin Finish",224,HIGH,HS Code 83024190; *Available till stock last,,,,SS,1817.00,INR,HIGH,"Qty 1, Unit Set, PU 1; Dia 19mm, CTC Length 150mm",,
Hettich,Glass Fittings,HPH 2110 Back to Back Handles,9251500,"HPH 2110 : Back To Back Pull Handles Dia. 19 mm, CTC Length 200 mm, Satin Stainless Steel Finish",224,HIGH,HS Code 83024110,,,,SS,1599.00,INR,HIGH,"Qty 1, Unit Set, PU 1; Dia 19mm, CTC Length 200mm",,
Hettich,Glass Fittings,HPH 2110 Back to Back Handles,9251502,"HPH 2110 : Back To Back Pull Handles Dia. 25 mm, CTC Length 300 mm, Satin Stainless Steel Finish",224,HIGH,HS Code 83024110,,,,SS,2299.00,INR,HIGH,"Qty 1, Unit Set, PU 1; Dia 25mm, CTC Length 300mm",,
Hettich,Glass Fittings,HPH 2330 Back to Back Pull Handles,9251514,"HPH 2330: Back To Back Pull Handles Dia. 25 mm, CTC Length 300, End to end 400, Satin Stainless Steel Finish",224,HIGH,HS Code 83024190,,,,SS,2499.00,INR,HIGH,"Qty 1, Unit Set, PU 1; Dia 25mm, CTC Length 300mm, End-to-end 400mm",,
Hettich,Glass Fittings,HPH 2330 Back to Back Pull Handles,9251516,"HPH 2330: Back To Back Pull Handles Dia. 25 mm, CTC Length 400, End to end 550, Satin Stainless Steel Finish",224,HIGH,HS Code 83024190; *Available till stock last,,,,SS,3049.00,INR,HIGH,"Qty 1, Unit Set, PU 1; Dia 25mm, CTC Length 400mm, End-to-end 550mm",,
Hettich,Glass Fittings,HPH 2330 Back to Back Pull Handles,9250424,"HPH 2330: Back To Back Pull Handles Dia. 25 mm, CTC Length 500, End to end 600, Stainless Steel Satin Finish",224,HIGH,HS Code 83021090; *Available till stock last,,,,SS,3731.00,INR,HIGH,"Qty 1, Unit Set, PU 1; Dia 25mm, CTC Length 500mm, End-to-end 600mm",,
Hettich,Door Seals,Perimeter Seal,9228362,"Wedge Shape Door Seal 12*6 mm, 150 metre/box, Dark Brown",225,HIGH,HS Code 39269099; *Available till stock last,,,,Dark Brown,14770.00,INR,HIGH,"Qty 1, Unit Box, PU 1",,
Hettich,Door Seals,Drop Seal : HDS D1 (For Wooden Door),9250603,"HDSD1-650 : For timber doors, 500-650 mm door width",225,HIGH,HS Code 83021090,,,,Standard,1485.00,INR,HIGH,"Qty 1, Unit Set, PU 1",,
Hettich,Door Seals,Drop Seal : HDS D1 (For Wooden Door),9250604,"HDSD1-850 : For timber doors, 650-850 mm door width",225,HIGH,HS Code 83021090,,,,Standard,1575.00,INR,HIGH,"Qty 1, Unit Set, PU 1",,
Hettich,Door Seals,Drop Seal : HDS D1 (For Wooden Door),9250605,"HDSD1-1000: For timber doors, 850-1000 mm door width",225,HIGH,HS Code 83024190,,,,Standard,1670.00,INR,HIGH,"Qty 1, Unit Set, PU 1",,
Hettich,Door Seals,Drop Seal : HDS D1 (For Wooden Door),9250606,"HDSD1-1200: For timber doors, 1000-1200 mm door width",225,HIGH,HS Code 83024190,,,,Standard,1854.00,INR,HIGH,"Qty 1, Unit Set, PU 1",,
Hettich,Door Accessories,Flush Bolt for Timber doors,9228397,"HFB 1: Flushbolt for Timber Door, SS (200 mm)",226,HIGH,HS Code 83024190; *Available till stock last,,,,SS,859.00,INR,HIGH,"Qty 1, Unit Pc, PU 1",200,
Hettich,Door Accessories,Flush Bolt for Timber doors,9250481,"HFB 1: Flush bolt for wooden door, BL (300 mm)",226,HIGH,HS Code 83021090; *Available till stock last,,,,BL,1609.00,INR,HIGH,"Qty 1, Unit Pc, PU 1",300,
Hettich,Door Accessories,Flush Bolt for Metal doors,9228398,HFB 2: Flushbolt for Metal Doors,226,HIGH,HS Code 83024190; *Available till stock last,,,,Standard,1033.00,INR,HIGH,"Qty 1, Unit Set, PU 1",,
Hettich,Door Accessories,Automatic Flush Bolt,9228400,HFB 4: Automatic flush bolt,226,HIGH,HS Code 83024190; *Available till stock last,,,,Standard,1432.00,INR,HIGH,"Qty 1, Unit Pc, PU 1",,
Hettich,Door Accessories,Dust Proof Socket,9228401,HFBA1: dust socket for FB,226,HIGH,HS Code 83024190; *Available till stock last,,,,Standard,433.00,INR,HIGH,"Qty 1, Unit Pc, PU 1",,
Hettich,Door Accessories,HWS75,9228402,"HWS 75: magnetic wall stop, SS",226,HIGH,HS Code 83024190; *Available till stock last; section banner: Magnetic Wall Stop,,,,SS,1896.00,INR,HIGH,"Qty 1, Unit Set, PU 1",,
Hettich,Door Accessories,HWS75,9250482,"HWS 75: Magnetic wall stop, BL",226,HIGH,HS Code 83021090; *Available till stock last; section banner: Magnetic Wall Stop,,,,BL,2258.00,INR,HIGH,"Qty 1, Unit Set, PU 1",,
Hettich,Door Accessories,HWS 45,9228707,HWS 45: magnetic wall stop,226,HIGH,HS Code 83024190; *Available till stock last; section banner: Magnetic Wall Stop,,,,Standard,1289.00,INR,HIGH,"Qty 1, Unit Set, PU 1",,
Hettich,Door Accessories,Pull Plate,9228403,HPP 1: Pull plate,226,HIGH,HS Code 83024190; *Available till stock last,,,,Standard,1195.00,INR,HIGH,"Qty 1, Unit Pc, PU 1",,
Hettich,Door Accessories,Push Plate,9228404,HPP2: Push Plate for Door,227,HIGH,HS Code 83024190; *Available till stock last,,,,Standard,701.00,INR,HIGH,"Qty 1, Unit Pc, PU 1",,
Hettich,Door Accessories,Door Chain,9228405,HDC 1: Door Chain,227,HIGH,HS Code 83024100; *Available till stock last,,,,Standard,1383.00,INR,HIGH,"Qty 1, Unit Pc, PU 1",,
Hettich,Door Accessories,Door Chain,9251414,"HDC 1: Door Chain, BL Finish",227,HIGH,HS Code 83024100; *Available till stock last,,,,BL,1400.00,INR,HIGH,"Qty 1, Unit Pc, PU 1",,
Hettich,Door Accessories,Door Guard,9228708,HDC 2: Door Guard,227,HIGH,HS Code 83024190; *Available till stock last,,,,Standard,1598.00,INR,HIGH,"Qty 1, Unit Pc, PU 1",,
Hettich,Door Accessories,Door Stopper Floor Mounted,9228407,"HDS 44: Half-Dome shape floor mounted door stopper, SS",227,HIGH,HS Code 83024190; *Available till stock last; section banner: Door Stopper,,,,SS,445.00,INR,HIGH,"Qty 1, Unit Pc, PU 1",,
Hettich,Door Accessories,Door Stopper Floor Mounted,9250554,"HDS 44: Half-Dome shape floor mounted door stopper, BL",227,HIGH,HS Code 83024190; *Available till stock last; section banner: Door Stopper,,,,BL,720.00,INR,HIGH,"Qty 1, Unit Pc, PU 1",,
Hettich,Door Accessories,Door Stopper Floor Mounted,9228408,HDS 45: Door Stopper,227,HIGH,HS Code 83024190; *Available till stock last; section banner: Door Stopper,,,,Standard,595.00,INR,HIGH,"Qty 1, Unit Pc, PU 1",,
Hettich,Door Accessories,Door Drop Stop,9228709,HDS 46: door drop stop,227,HIGH,HS Code 83024190; *Available till stock last; section banner: Door Stopper,,,,Standard,1070.00,INR,HIGH,"Qty 1, Unit Pc, PU 1",,
Hettich,Door Accessories,Door Stopper Wall Mounted,9250600,HWS 76: wall stop,227,HIGH,HS Code 83024190; *Available till stock last; section banner: Door Stopper,,,,Standard,437.00,INR,HIGH,"Qty 1, Unit Pc, PU 1",,
Hettich,Door Accessories,Door Stopper Wall Mounted,9251416,"HWS 76: wall stop, BL Finish",227,HIGH,HS Code 83024100; *Available till stock last; section banner: Door Stopper,,,,BL,560.00,INR,HIGH,"Qty 1, Unit Pc, PU 1",,
Hettich,Door Accessories,Door Viewer,9228410,HDV 1: Door viewer 180° view (for door thick-35-55 mm),227,HIGH,HS Code 83024190; *Available till stock last,,,,Standard,1327.00,INR,HIGH,"Qty 1, Unit Pc, PU 1",,
Hettich,Door Accessories,Door Viewer,9228439,HDV 2: Door viewer 140° view (for door thick-35-55 mm),227,HIGH,HS Code 83024190; *Available till stock last,,,,Standard,731.00,INR,HIGH,"Qty 1, Unit Pc, PU 1",,
Hettich,Door Accessories,Door Viewer,9250664,HDV 2: Door viewer 140° view (for door thick-35-60 mm),227,HIGH,HS Code 83024190; *Available till stock last,,,,Standard,731.00,INR,HIGH,"Qty 1, Unit Pc, PU 1",,
Hettich,Door Accessories,Door Viewer,9250845,HDV 2: Door viewer 140° view (for door thick: 35-60 mm) BL,227,HIGH,HS Code 83021090; *Available till stock last,,,,BL,1268.00,INR,HIGH,"Qty 1, Unit Pc, PU 1",,
